Source: http://www.stern.nyu.edu/~adamodar/pc/cfanalysis/cfspr19.xlsx

Sheet: Sheet1
Risk Characteristics | Investment Performance | Capital Structure | Dividend Policy | Valuation
Company | Power | Approach | Beta | Jensen's Alpha | R squared | ROE - COE | ROC - WACC |  EVA | Current Debt ratio | Optimal Debt Ratio | Change in WACC | Change in value | Dividends | FCFE | Value/share | Price/Share
Amazon | 0 | B | 2.055 | 0.4972 | 0.212 | 0.6072 | 0.6072 | 4340.1 | 0.0719 | 0.1 | 2e-06 | -0.0003 | 0 | 16.767 | 2068.06 | 1921
Best Buy | 1 | B | 0.936 | 0.1662 | 0.138 | 0.3626 | 0.2539 | 1296.18 | 0.1649 | 0.3 | -0.0016 | 0.0241 | 497 | 1395.91 | 141.13 | 74.96
Gap | 1 | B | 0.89 | -0.1312 | 0.125 | -0.1062 | -0.088 | 595.63 | 0.3864 | 0.8 | -0.0084 | 0.1001 | 373 | 393.1 | 36.29 | 36.29
L'Oreal | 0 | B | 0.53 | 0.1028 | 0.19 | 0.1179 | 0.2446 | 492.63 | 0.0925 | 0.2 | -0.0027 | 0.0333 | 2006.6 | 3224.3 | 93.8 | 240.4
Nike | 1 | B | 0.99 | 0.1676 | 0.185 | 0.0835 | -0.037 | 1994.85 | 0.0094 | 0.1 | -0.0017 | 0.026 | 1243 | 3135.5 | 106.55 | 83.27
Tapestry | 2 | B | 1.22 | 0.021 | 0.179 | 0.2658 | 0.3394 | 403.27 | 0.2962 | 0.5 | -0.0048 | 0.0468 | 388 | 617.9 | 17.99 | 31.26
Target | 2 | B | 0.65 | 0.0288 | 0.099 | 0.184 | 0.0829 | 1654.81 | 0.2442 | 0.3 | 0.0016 | -0.0214 | 1335 | 1549.8 | 193.49 | 75.98
Williams-Sonoma | 2 | B | 1.11 | -0.0391 | 0.196 | 0.1859 | 0.2399 | 249.79 | 0.2851 | 0.3 | -0.0022 | -0.0324 | 140.3 | 288 | 56.33 | 54.09
SeaWorld Entertainment Inc. | 0 | B | 1.37 | 0.343 | 0.068 | 0.0626 | -0.0012 | -2.15 | 0.4008 | 0.1 | 0.0014 | 0.041 | 85.8 | 79 | 19.08 | 27.35
Six Flags  | 0 | B | 1.17 | -0.231 | 0.0018 | NA | 0.1087 | 238.65 | 0.3755 | 0.3 | 0.0016 | 0.003 | 456.54 | 207 | 47.78 | 54.6
TripAdvisor, Inc. | 0 | B | 1.24 | 0.05 | 0.193 | -0.0294 | -0.0136 | -21.7 | 0.0265 | 0.1 | 0.0006 | 0.051 | 123.8 | 255 | 67.44 | 47.47
Marriott International, Inc. | 0 | B | 0.85 | 0.173 | 0.271 | 0.0217 | 0.0289 | 1047.89 | 0.19 | 0.2 | 0.0016 | 0.072 | 2345.22 | 1794 | 77.93 | 132.1
Fosun Tourism Group | 0 | B | 2.16 | 0.886 | 0.018 | -0.1626 | -0.0587 | -122 | 0.2954 | 0.2 | 0.0157 | 0.1448 | 0 | -347 | 2.28 | 1.95
Expedia | 0 | B | 1.53 | -0.252 | 0.281 | -0.0423 | -0.0674 | -345.5 | 0.2141 | 0.2 | 0.2002 | 0.1857 | 615.9 | 1126 | 129.24 | 120.23
Jetblue | 0 | B | 0.82 | -0.261 | 0.237 | -0.0371 | -0.031 | 159.64 | 0.3144 | 0.5 | 0.1118 | 0.0304 | 0 | 109 | 29.46 | 18.44
JNJ | 0 | B | 0.72 | 0.0211 | 0.3 | 0.1591 | 0.1227 | 9441.39 | 0.0764 | 0.4 | 0.002 | 0.05 | 15435.61 | 17792 | 90.52 | 142.01
Planet Fitness | 0 | B | 0.8237 | 0.011 | 0.213 | n/a | 0.1351 | 87.206 | 0.211 | 0.4 | -0.0012 | 0.0391 | 139.51 | 288.96 | 84.98 | 74.17
Adidas  | 0 | B | 1.16 | 0.0173 | 0.223 | 0.1534 | 0.1163 | 625.46 | 0.0942 | 0.4 | 0.0028 | 0.0466 | 374 | 859.2 | 301.85 | 295.65
Walgreens | 0 | B | 1.22 | -0.0059 | 0.24 | 0.44320000000000004 | 0.17689999999999997 | 2841.15 | 0.3696 | 0.5 | -0.0064 | 0.8798 | 1385 | 6182.2 | 68.2 | 53.42
Koninklijke Philips N.V. | 1 | B | 1.3 | 0.04440789995850114 | 0.626 | 0.006054094317315531 | 0.02543954556382204 | 394.87832810003783 | 0.1522126319427842 | 0.3 | -0.00145936211932704 | 0.037651338704203126 | 806.9655662475001 | 103.0639610750004 | 34.01780590773476 | 38.83954091203089
UPS | 1 | B | 1.2059 | -0.0014 | 0.526 | 2.2592 | 0.0918 | 2801.83 | 0.242 | 0.3 | 0.0021 | 0.0377 | 4843 | 2410 | 95.46 | 102.09
eBay | 1 | B | 1.52 | -0.0632 | 0.255 | 0.2366 | -0.0282 | -674.54 | 0.2158 | 0.3 | 0.003 | 0.0021 | 18060 | 10154 | 27.79 | 37.55
Walmart | 1 | B | 0.946 | 0.0021 | 0.178 | 0.0521 | 0.0402 | 5554.62 | 0.196 | 0.3 | 0.0007 | 0.0098 | 62276 | 75257.22 | 105.29 | 101.53
GAP Inc | 0 | B | 0.9748 | -0.0003 | 0.049 | 0.1814 | 0.0962 | 580.07 | 0.26 | 0.7 | 0.011 | 0.0257 | 4949 | 3465 | 24.8 | 25.48
Johnson and Johnson | 0 | B | 1.61 | -0.0002 | 0.093 | 0.0989 | 0.0063 | 898.33 | 0.0788 | 0.3 | 0.0337 | 0.0972 | 42999 | 73585.59 | 48.05 | 138.73
Shopify | 1 | B | 1.523 | -0.47 | 0.243 | -0.1489 | -14.19 | -589.01 | 0.04 | 0.2 | 0.0117 | 0.1688 | 0 | 0 | 240.62 | 258.83
Expedia | 0 | B | 1.21 | -0.21 | 0.278 | -4.17 | -0.053 | -1096.11 | 0.1634 | 0.2 | 0.0012 | 0.11 | 2973 | 5070 | 148.89 | 118.76
Ferrari | 0 | B | 0.859 | 0.0445 | 0.191 | 0.52 | 0.1827 | 520.32 | 0.0824 | 0.3 | 0.0029 | 0.0507 | 352 | 1695 | 121.71 | 134.3
Tiffany & Co. | 1 | B | 0.769 | -0.0773 | 0.339 | 0.1076 | 0.1036 | 344.08 | 0.1453 | 0.4 | 0.0019 | 0.0361 | 2093 | 2678 | 91.6 | 106.3
Ralph Lauren | 0 | B | 0.965 | 0.0489 | 0.091 | 0.0416 | 0.1645 | 366.15 | 0.1983 | 0.5 | 0.0015 | 0.0262 | 2627 | 2498 | 100.78 | 132.07
Estee Lauder | 0 | B | 1.051 | 0.1213 | 0.183 | 0.2801 | 0.2455 | 1255.54 | 0.0927 | 0.2 | 0.0016 | 0.0199 | 5819 | 8335 | 83.01 | 166.75
PepsiCo | 0 | B | 0.8682829870661638 | 0.020260744818789922 | 0.299 | 0.37169655430001475 | 0.06321523004812324 | 3645.343778620265 | 0.1704068839036441 | 0.4 | 0.00110507829055417 | 0.022438772239318235 | 4279.8 | 8164.2 | 78.75583220624036 | 110.48
Mondelez | 1 | B | 1.37 | -0.0022 | 0.322 | -0.0196 | -0.0734 | -3152 | 0.1747 | 0.3 | 0.0037 | 0.153 | 17740 | 10824 | 38.57 | 51.35
Coca Coa | 1 | B | 0.7972477309439389 | -0.010371882335074467 | 0.267 | 0.17593615610642052 | 0.05945351631829307 | 3074.3437565211743 | 0.21868950195661244 | 0.2 | 0.0006181464328062214 | 0.017405255340842238 | 9419 | 4283 | 37.794099564613475 | 47.033289559286644
Diageo | 0 | B | 0.68 | 0.091 | 0.311 | 0.209 | 0.08 | 107 | 0.17 | 0 | 0.08 | 0.0213 | 3088 | 2316 | 23.41 | 32.46
Restaurant Brands International | 1 | B | 0.99 | 0.0903 | 0.227 | 0.3117 | 0.0141 | 249.88 | 0.4188 | 0.3 | 0.0069 | 0.1658 | 516.1 | 2337.1 | 66.59 | 65.66
Tyson Foods | 1 | B | 0.69 | 0.1403 | 0.0462 | 0.1753 | 0.0523 | 1472 | 0.2471 | 0.3 | 0.0036 | 0.0861 | 858 | 2983 | 78.39 | 79.81
Starbucks | 0 | B | 0.81 | 0.1372 | 0.00091 | 0.753 | 0.2121 | $ 1,302.00  | 0.1487 | 0.2 | 0.0015 | 0.0354 | 2637.22 | 2015.97 | 56.63 | 75.12
Costco | 0 | B | 0.921 | 0.008 | 0.00352 | 0.1556 | 0.1824 | $ 2,468.28  | 0.0774 | 0.3 | 0.0004 | 0.0074 | 1078.9 | 1979.7 | 124.22 | 243.47
Potbelly | 0 | R | 1.058 | -0.1405 | 0.00161 | -0.1796 | 0.1357 | $ 10.28  | 0.56 | 0.2 | 0.0308 | 0.5357 | -21.62 | 62.68 | 10.72 | 6.54
Farmer Brothers | 0 | B | 1.2481 | 0.118 | 4e-05 | -0.0664 | -0.0937 | -29.65 | 0.2081 | 0.4 | 0.0305 | 0.5117 | 1.35 | 35.67 | 5.96 | 18.78
Boston Beer Company | 0 | B | 0.607 | 0.0722 | 0.00044 | 0.1402 | 0.1601 | $ 56.33  | 0.0105 | 0.1 | 0.0006 | 0.0095 | 111.4 | 44.42 | 337.94 | 332.94
Shake Shack | 0 | R | 1.437 | 0.0206 | 0.00151 | 0.045 | -0.0258 | $ 1.73  | 0.1022 | 0.1 | 0.0032 | 0.0411 | 0 | -2.13 | 41.3 | 61
Red Robin | 0 | R | 0.889 | -0.1967 | 0.00059 | -0.0951 | -0.0321 | -17.92 | 0.6322 | 0.1 | 0.002 | 0.0195 | 15850.67 | -2503.67 | 38.92 | 33.81
Pepsi Co | 0 | B | 0.6794 | 0.0093 | 0.0029 | 0.8096 | 0.1329 | $ 5,407.65  | 0.1579 | 0.3 | 0.0007 | 0.0186 | 6983.22 | 8480.89 | 89.03 | 127.09
Con Edison | 0 | B | 0.4906689018125742 | -0.32215193333837777 | 0.041 | 0.04000918191103986 | 0.010616204258589348 | 389.13696709859255 | 0.4641190397381359 | 0.2 | 0.0006039302387507162 | 0.046910846570663044 | 5467 | 16170.56 | 76.00122286762458 | 76.46
Calavo Growers | 0 | B | 0.6330761436016212 | 0.2011662965863077 | 0.108 | 0.04878202977298104 | 0.09616597109546354 | 29.22483861591137 | 0.047415810092616244 | 0.2 | 0.0006352793158559758 | 0.0128859901796344 | 17.6 | 44.8 | 96.59659090909089 | 95.77
Total SA | 0 | R | 0.943 | -0.026726898277509625 | 0.523 | 0.06245724165410455 | 0.04663336101797906 | 6075.813973671474 | 0.27382141639399177 | 0.4 | 0.00029679041460541067 | 0.006745236695577516 | 5542 | 14775 | 102.24 | 55.18
NextEra Energy | 0 | R | 0.334 | -0.2610928359641852 | 0.115 | 0.04495107812773915 | 0.011316464118304198 | 801.8054321742073 | 0.2914004073173022 | 0.2 | -0.0005118715110751515 | 0.28561874546835125 | 2176 | 2534 | 266.95 | 190.9
SunPower | 0 | B | 1.238 | 0.5986938152459027 | 0.286 | -0.075489 | -0.3562326925492252 | -770.1750812914248 | 0.4799813153665276 | 0.1 | -0.014713190892032893 | 0.009896521966320156 | 0 | -418 | 65.47 | 7.38
Activision | 0 | B | 0.85 | -0.0244 | 0.116 | 0.000899999999999998 | 0.0058000000000000135 | 127.8017820000003 | 0.0781 | 0.1 | 0.0013 | 0.0275 | 226.67 | 826.67 | 42.01 | 48
Nike | 0 | B | 1.14 | 0.33 | 0.00183 | 0.05099999999999999 | 0.2015 | 4541.004 | 0.06 | 0.2 | 0.0122 | 0.07 | 1243 | 1773.23 | 56.59 | 82.87
TripAdvisor | 0 | B | 0.99 | -0.0124 | 0.107 | 0.0757 | 0.1579 | 119.67 | 0.03 | 0.2 | 0.15999999999999837 | 0.02780425802351446 | 0 | 190 | 38.07 | 54.95
Etsy | 0 | B | 0.98 | 0.076 | 0.026 | 0.116 | 0.3882 | 61.7238 | 0.034 | 0 | 0 | 0 | 0 | 14.9 | 39.26 | 61.8
Live Nation | 0 | R | 1.04 | 0.0002 | 0.25 | 0.004900000000000002 | 0.009600000000000011 | 25.52074339200003 | 0.3 | 0.4 | 0.0707 | 0.082 | 0 | 14.36 | 80.52 | 64.34
NVIDIA Corporation (NasdaqGS:NVDA) | 1 | B | 1.62 | 0.3906 | 0.31 | 0.2671 | 0.7519 | 6435.34 | 0.0264 | 0.2 | -0.0297 | 0.0378 | 1372 | 13732 | 146.05 | 168.82
Mastercard Incorporated (NYSE:MA) | 1 | B | 1.15 | 0.0878 | 0.61 | 0.711 | 1.551 | 20130.72 | 0.0325 | 0.2 | -0.0017 | 0.0259 | 4065 | 5881 | 142.04 | 247.43
Boston Scientific Corporation (NYSE:BSX) | 1 | B | 1.24 | 0.1666 | 0.48 | -0.0439 | 0.0327 | 473.44 | 0.1235 | 0.2 | -0.0004 | 0.0051 | 0 | 11494 | 32.4 | 35.34
salesforce.com, inc. (NYSE:CRM) | 1 | B | 1.24 | 0.0959 | 0.51 | -0.0352 | -0.0051 | -82.26 | 0.0639 | 0 | 0.0019 | -0.0025 | 0 | -3693.8 | 59.94 | 136.97
Facebook, Inc. (NasdaqGS:FB) | 0 | B | 1.26 | 0.1132 | 0.37 | 0.1094 | 0.273 | 20524.23 | 0.0104 | 0.3 | -0.004 | 0.0531 | 0 | 33410 | 156.68 | 188.34
PayPal Holdings, Inc. (NasdaqGS:PYPL) | 1 | B | 1.14 | 0.167 | 0.48 | 0.0099 | 0.0947 | 1696.14 | 0.0194 | 0 | -0.0043 | 0.0037 | 0 | 8297 | 68.58 | 110.41
Apple | 0 | B | 0.8543 | 0.0523 | 0.288 | 0.4736 | 0.2704 | 45940.59 | 0.0991 | 0.3 | 0.001899999999999999 | 0.0254 | 57111.8 | 49029.85 | 159.3 | 210
Dolby | 0 | B | 0.9456 | 0.0381 | 0.211 | -0.0185 | 0.063 | 98.81 | 0.0505 | 0.1 | 0.0005 | 0.0205 | 170.26 | 200.74 | 73.9 | 65.3
Intel | 1 | B | 1.1679 | 0.113 | 0.292 | 0.3062 | 0.1433 | 10408.47 | 0.102 | 0.5 | 0.0049 | 0.1063 | 10412.2 | 12188.2 | 55.26 | 49.24
Microsoft  | 0 | B | 1.0673 | 0.2188 | 0.63 | 0.2155 | 0.1096 | 14368.92 | 0.08 | 0.2 | 0.0011 | 0.0165 | 10862.2 | 19931.8 | 76.74 | 128.15
Samsung | 0 | B | 1.0982 | 0.0442 | 0.261 | 0.09060000000000001 | 0.0908 | 17362.28 | 0.049 | 0.7 | 0.0030999999999999917 | 0.0464 | 4563.9 | 23242.982 | 58.31 | 41.17
Gap | 1 | B | 0.99 | 0.0579 | 0.0005 | 0.2174 | 0.3141 | 657 | 0.4079 | 0.4 | 0,3% | 0.0745 | 1059.4 | 987.6 | 25.07 | 24.36
Hermès | 0 | B | 0.98 | 0.04 | 0.297 | 0.1978 | 0.4967 | 1050 | 0.0359 | 0.4 | 0.0048 | 0.074 | 642 | 1138 | 459.79 | 608.6
Marriott | 1 | B | 0.87 | 0.1064 | 0.433 | -0.4216 | 0.3891 | 1340.5 | 0.1865 | 0.3 | 0.0002 | 0.0049 | 1751 | 2015 | 60.91 | 136.49
Southwest | 1 | B | 1.34 | -0.0272 | 0.318 | 0.2843 | 0.112 | 1690 | 0.1832 | 0.8 | 0.0078 | 0.1354 | 1726 | 2071 | 56.61 | 53.74
Boeing | 0 | B | 0.94 | 0.0105 | 0.313 | 30.8555 | 0.4002 | 8387 | 0.065 | 0.3 | 0.0027 | 0.048 | 10251.6 | 6639.43 | 359.79 | 377.69
WW | 2 | B | 1.04 | 0.008 | 0.01 | - | 0.452 | 251 | 0.5489 | 0.3 | -0.0236 | 0.289 | 0.02 | 77 | 24.8 | 22.5
Avis | 1 | B | 2.07 | 0.0023 | 0.206 | 0.3986 | 0.0058 | 33 | 0.6775 | 0.0702 | -0.009999999999999995 | 0.02 | 160.5 | 153.1 | 43.02 | 34.65
Delta | 0 | B | 0.83 | 0.0161 | 0.262 | 0.1785 | 0.0828 | 2355 | 0.3111 | 0.4 | -0.0048 | 0.0191 | 2382 | 2713.4 | 73.5 | 56.08
Ford Motor Company | 0 | B | 0.69 | -0.0898 | 0.151 | 0.2667 | -0.025 | -3766.46 | 0.7838 | 0.2 | -0.0009 | 0.0414 | 2639.4 | 1422.6 | -27.86 | 10.34
Norwegian Cruise Line Holdings LTD | 0 | B | 1.05 | -0.0005 | 0.401 | 3.97%% | 3.98%% | 473.28 | 0.5087 | 0 | 0.0065 | 0.1527 | 184.86 | 352.52 | 69.78 | 57.59
The Boeing Company | 0 | B | 0.74 | 0.0104 | 0.313 | 0.523 | 0.2724 | 10537 | 0.0705 | 0.0712 | 2e-05 | 0.031 | 3142 | 7852 | 316.1 | 354.13
Union Pacific Corporation | 0 | B | 0.879 | 0.0687 | 0.34 | 0.16549999999999998 | 0.1112 | 5525.59 | 0.1653 | 0.2 | 0.0011 | 0.0264243482934695 | 4299 | 3494.1 | 133.51 | 176.87
Etsy | 1 | B | 1.1544 | 1.4073 | 0.00026 | 0.1263 | 0.5964 | 95.16 | 0.0386 | 0.0386 | 0 | 0 | 181.185 | 309 | 10.86 | 61.8
Expedia | 1 | B | 1.35 | 0.1996 | 0.29 | 0.133 | 0.3178 | 1244.24 | 0.1049 | 0 | 0.004100000000000006 | 0.0565 | 23.4 | 2160 | 195.22 | 118.78
MercadoLibre | 0 | B | 1.192 | 0.1825 | 0.356 | 0.0874 | 0.1982 | 39.16 | 0.0262 | 0 | 0.0012 | 0.0098 | 111.4 | 237.3 | 446.21 | 578.94
Netflix | 1 | B | 1.29 | 0.3684 | 0.304 | 0.1126 | 0.1383 | 486.27 | 0.0742 | 0 | 0 | 0 | 0 | 38078.4 | 315 | 360.35
Ubisoft  | 1 | B | 1.3863 | 0.267 | 0.115 | 0.1406 | 0.0676 | 138.93 | 0.1334 | 0.2 | -0.0001 | 0.0017 | 133.5 | 628.02 | 62.02 | 97.2
Electronic Arts | 1 | B | 1.28 | 0.222 | 0.15 | 0.181 | 0.0532 | 129.75 | 0.0384 | 0.3 | 0.0044 | 0.0421 | 0 | 1209.8 | 50.17 | 93.88
CarGurus | 0 | B | 1.2137 | 0.38814 | 0.177 | 0.0469 | -0.0232 | -2.94 | 0.0165 | 0 | 0.0002 | -0.0113 | 0 | 35.42 | -4.49 | 39.25
Nintendo | 1 | B | 1.2354 | 0.0536 | 0.285 | 0.0066 | 0.1189 | 664.89 | 0 | 0.2 | -0.0037 | 0.054 | 667 | 1005 | 172.82 | 330
Activision | 1 | B | 1.31 | 0.1475 | 23.4%% | 0.0641 | 0.0842 | 1752 | 0.0763 | 0.3 | -0.0028 | 0.0405 | 259 | 1243.3 | 39.34 | 46.07
New York Times | 1 | B | 0.9475 | 0.0065 | 0.218 | 0.052 | 0.0167 | 49.9 | 0.0495 | 0.2 | -0.0011 | 0.0213 | 26.42 | 73.8 | 15.78 | 33.72
Analog Devices | 0 | B | 1.02 | 0.47952799999999995 | 0.395 | 0.04754799999999999 | -0.01872609231749163 | -334.33939745495906 | 0.2816 | 0.5 | 0.008799999999999988 | 4388 | 610.07 | 297.4 | 179.29 | 110.6
Viacom | 0 | B | 1.4299 | -1.2514399999999999 | 0.265 | 0.1288 | 0.019500000000000003 | 460.82400000000007 | 0.4858 | 0.6 | 0.0063 | 1547 | 2147.67 | 2198.67 | 41.15 | 30.15
Netflix | 1 | B | 1.098 | 0.1428352 | 0.304 | 0.18430000000000002 | -0.008300000000000002 | -140.22850000000003 | 0.0676 | 0.5 | 0.0029 | 6560.519 | 45.56 | 285.97 | 162.42 | 359.47
Corning Glass | 0 | B | 0.96 | -0.0036695000000000005 | 0.348 | -0.014064000000000007 | -0.02098922737239125 | -414.1384452846517 | 0.2122 | 0.2 | -0.00020000000000000573 | 59 | 2296.7 | 2961.6 | 22.7 | 30.79
Electronic Arts | 0 | B | 0.8 | -1.5686495999999999 | 0.257 | 0.1604 | 0.09020000000000002 | 570.5150000000001 | 0.0404 | 0.3 | 0.0023999999999999994 | 1100 | 374.8 | 446.87 | 80.03 | 94.73
Community Health Systems | 0 | R | 3.63 | -0.1401 | 0.417 | N/A (negative ROE) | -0.0942 | -1590.3 | 0.96 | 0.2 | 0.0568 | 1.55 | 0 | 0 | -21.69 | -32.99
Boston Scientific | 0 | B | 1.17 | 0.1724 | 0.2342 | 0.2438 | 0.056 | 875.97 | 0.1534 | 0.1 | 0.004 | 0.004 | 0 | 523 | 30.35 | 37.1
Pfizer Inc. | 1 | B | 1.13 | 0.2048 | 0.4952 | 0.082 | 0.0962 | 19320 | 0.1545 | 0.5 | 0.0031 | 0.0404 | 67487 | 106319 | 22.4 | 40.77
CVS | 0 | B | 1.39 | -0.1308 | 0.186 | NA (-ve ROE) | 0.0018 | 232.64 | 0.5894 | 0.3 | 0.0004 | 0.006 | 45720 | 87504 | 65.81 | 55.16
HCA Healthcare Inc | 0 | B | 2.17 | 0.0108 | 0.1719 | N/A (negative BV of equity) | 0.028300000000000006 | 2545.929617 | 0.44 | 0.2 | 0.004100000000000006 | 0.0579 | 2087.7 | 1198.29 | 138.23 | 128.78
Radnet | 0 |  B | 1.14 | 0.1069 | 0.051 | -0.0115 | -0.0749 | -97.95 | 1.1 | 0.4 | 0.0488 | 1.0146 | 0 | -152 | -13.01 | 12.59
Jazz Pharmaceuticals | 1 | B | 1.35 | -0.0131 | 0.269 | 0.0634 | 0.0209 | 102.3 | 0.17 | 0 | 0.0011 | 0.0151 | 0 | 38.78 | 108.8 | 139.7
Kroger | 0 | B | 0.65 | 0.0358 | 0.072 | 0.469 | 0.0281 | 616 | 0.5069 | 0.2 | 0.0031 | 0.0177 | 1885 | 1761 | 24.96 | 25.03
Hershey | 0 | B | 0.68 | 0.03227 | 0.09 | 0.7384 | 0.1422 | 833.843 | 0.1547 | 0.3 | 0.0008 | 0.005612522 | 926 | 1595 | 85.83 | 121.83
Grubhub | 0 | B | 1.41 | 0.011 | 0.085 | -0.0717 | -0.0751 | -142 | 0.0628 | 0 | -0.0016 | -0.0166 | 51 | 313 | 67.19 | 68.39
PepsiCo | 0 | B | 0.701 | 0.0014 | 0.305 | 0.7946 | 0.2015 | 9456 | 0.1877 | 0.1 | -0.0005 | 0.0324 | 7688 | 7998 | 127.67 | 126.28
Chipotle | 0 | B | 1.23 | 0.0056 | 2.9%% | 0.0241 | 0.4%% | 9050 | 0.2048 | 0.7 | 0.531 | 0.046 | 110.5 | 306 | 756.16 | 716.67
Adobe | 0 | B | 1.1461 | 0.0267 | 0.434 | 0.8659 | 0.3938 | 5112 | 0.0326 | 0.1 | -0.001 | 0.0334 | 0 | 803 | 175.1 | 276.77
Autodesk | 0 | B | 1.15 | 0.0542 | 0.319 | -0.3661 | -0.1846 | -767.65 | 0.0553 | 0 | -0.0068 | 0.1072 | 0 | 439.24 | 130.99 | 173.97
Expedia | 0 | B | 0.8 | -0.1391 | 0.29 | -18.87 | -0.6333 | -18.068 | 0.2052 | 0.2 | -0.0017 | 0.1328 | 518.16 | 265.63 | 79.06 | 118.76
PayPal | 0 | B | 1.0959 | 0.2247 | 0.313 | 0.0727 | 0.1317 | 2132.55 | 0.0228 | 0.1 | -0.0015 | 0.157 | 0 | 1204.75 | 62.65 | 111.96
Salesforce | 0 | B | 1.1463 | 0.1416 | 0.408 | 0.2543 | -0.6546 | -1316.375566 | 0.0715 | 0.085 | -0.0002 | 0.0023 | 0 | -1540 | 78.81 | 156.86
TESCO | 0 | B | 1.19 | -0.42 | 0.273 | 0.0242 | 0.0297 | 460 GBP | 0.4 | 0.2 | -0.0026 | 0.06 | 2185 | 1157 | 1.63 | 2.5
Ingles | 0 | B | 1.64 | -0.0869 | 0.216 | 0.0087 | -0.0118 | -21.9 USD | 0.6209 | 0.2 | -0.0071 | 0.179 | 66.5 | 121.1 | 32.84 | 29.91
Shoprite Holdings | 2 | B | 1.24 | 0.0639 | 0.098 | 0.052 | -0.0004 | -10.94 ZAR | 0.2482 | 0.1 | -0.0001 | 0.0005 | 11943 | 22608 | 24.95 | 172.34
Monster | 1 | B | 1.04 | 0.1112 | 0.29 | 0.2948 | 0.3681 | 6104.94 | 0 | 0.3 | 0.003 | 0.048 | 4771.9 | 3343.38 | 44.87 | \
Coffee Holding Co. | 1 | B | 0.6 | 0.012 | 0.063 | 0.0009 | 0.0067 | 0.352954 | 0.23 | 0.2 | 0.0017 | 0.017 | 0 | 0 | 7.05 | 5.04
Starbucks | 1 | B | 0.74 | 0.0736 | 0.241 | 1.0822 | 0.2149 | 2685.49 | 0.127 | 0.2 | 0.0012 | 0.0309 | 1216.7 | 2800 | 50.03 | 77.95
Boston Beer | 1 | B | 1.14 | 0.5063 | 0.048 | 0.1528 | 0.1846 | 74948 | 0.1109 | 0.3 | 0.0021 | 0.0392 | 108228 | 445556 | 361.29 | 347.83
Facebook | 0 | B | 0.88 | 0.0435 | 0.00337 | 0.1826 | 0.2849 | 20547 | 0.0208 | 0.3 | 0.0038 | 0.0726 | 14855 | 39734 | 210.21 | 193.4
Netflix | 0 | B | 0.65 | 0.473 | 0.341 | 0.1766 | 0.0172 | 267 | 0.1001 | 0.2 | 0.0032 | 0.0063 | 0 | 1412 | 380.1 | 364
Diageo | 0 | B | 0.75 | 0.0701 | 0.197 | 0.1734 | 0.0329 | 757 | 0.1475 | 0.3 | 0.0003 | 0.0059 | 10729 | 12745 | 174.63 | 168.64
Kering | 2 | B | 1.18 | 40.9%% | 0.359 | 0.261 | 0.2051 | 2133 | 0.1829 | 0.3 | 0.0032 | 0.0481 | 3180 | 4176 | 470.48 | 527
Estee Lauder | 0 | b | 0.66 | 0.288 | 0.18 | 0.1675 | 0.2286 | 1266 | 0.0945 | 0.3 | 0.23 | 0.0659 | 2106.2 | 5570.5 | 177.21 | 166.25
Six Flags | 1 | B | 1.14 | -0.139 | 0.251 | N/A | 0.245 | 310.07 | 0.3378 | 0.3 | 0.0007 | 0.012 | 472.48 | 1667.6 | 39.45 | 54.31
Callaway Golf | 0 | B | 0.73 | 0.0703 | 0.208 | 0.0562 | 0.067 | 52.54 | 0.0559 | 0.3 | 0.0039 | 0.0713 | 4.6 | 310.3 | 16.61 | 16.87
Caesars Entertainment | 2 | B | 1.208 | -0.5217 | 0.045 | -0.0158 | -0.0929 | -2560.1 | 0.5832 | 0.2 | 0.026 | 0.4335 | 0 | 304 | 12.77 | 9.35
Activision Blizzard | 1 | B | 1.18 | -0.1384 | 0.1 | 0.0627 | 0.107 | 980.3 | 0.064 | 0.3 | 0.0024 | 0.035 | 259 | 1117.9 | 47.45 | 49
Cinemark | 1 | B | 1.88 | 0.0459 | 0.133 | 0.0025 | 0.0472 | 79.76 | 0.4032 | 0.3 | 0.006 | 0.455 | 149.492 | 586.46 | 7.12 | 41.61
Starbucks | 1 | B | 0.7148315035733415 | 0.063 | 0.24 | 1.0860519299288103 | 0.2194643674426492 | 4386.961583239067 | 0.1356 | 0.2 | 0.0011999999999999927 | 0.0314 | 19854.1 | 11613 | 63.34 | 76.06
McDonalds | 2 | B | 0.8025744293914397 | 0.0261 | 0.248 | 0 | 0.1458765384632102 | 2577.3227917037275 | 0.1804 | 0.2 | 0.00022346153678981517 | 0.004133892459244187 | 46211 | 18130.78 | 91.78 | 193.92
Coca Cola | 1 | B | 0.7182282050428572 | 0.0001 | 0.256 | 0.2755356443653157 | 0.10445693999207512 | 3331.8378032813043 | 0.1559 | 0.2 | 0.00019139999999999435 | 0.0042 | 47099 | 22665.8 | 32.2 | 47.4
Chipotle | 1 | B | 0.8185912029002187 | 0.1643 | 0.162 | 0.05061196430714697 | 0.007632601868748826 | 142.37468869271353 | 0.1827 | 0.1 | 0.011200000000000002 | 0.2488 | 1838.9 | 647.63 | 576.54 | 705.44
PepsiCo | 0 | B | 0.7007713710677895 | -0.0142 | 0.27 | 0.9320326871296634 | 0.24186573065726924 | 4561.657708785015 | 0.16923316366252553 | 0.2 | 0.0005000000000000004 | 0.012470993482277681 | 38969 | 36546.8 | 101.84 | 128.01
Chuy's | 1 | B | 1.502797521142355 | -0.0671 | 0.013 | -0.08556673226008435 | -0.05009029820074155 | -24.485721005639935 | 0.32820901839294525 | 0.4 | 0.021079112468165906 | 0.3384164117051211 | 0 | -3.76 | 38.12 | 22.82
Johnson & Johnson | 0 | B | 0.82 | 0.1274 | 0.39 | 0.0464 | 0.0489 | 5540 | 0.0713 | 0.3 | -0.0027 | 0.07 | 27085 | 11553 | 142.32 | 139.79
Pfizer | 0 | B | 0.92 | 0.1713 | 0.488 | 0.02 | 0.0372 | 4457.15 | 0.2 | 0.3 | 0.0008 | 0.0123 | 6748.7 | 8087.3 | 30.19 | 40.64
Supernus Pharmaceuticals | 0 | R | 1.514 | -0.0085 | 0.253 | 0.1654 | 0.1942 | 50.7 | 0.1461 | 0.3 | -0.001 | 0.015 | 0 | 2608 | 48.82 | 36.41
Abbott Labs | 1 | R | 1.1 | 0.1901 | 0.456 | -0.0076 | -0.0387 | -2040 | 0.1285 | 0.1 | 0.0013 | -0.024 | 1974 | 5703 | 88.28 | 78.69
IQVIA | 0 | B | 1.0672 | 0.1696 | 0.484 | -0.1682 | 0.0657 | 1174.39 | 0.2983 | 0.2 | 0.003 | 0.0538 | 0 | 1964 | 148.95 | 138.84
CVS | 0 | B | 1.74 | -0.1231 | 0.252 | 0.6379 | 0.031 | 1347.57 | 0.5612 | 0.3 | 0.0123 | -0.0263 | 45417 | 29877 | 74.01 | 55.35
Omega Geração | 0 | B | 0.379 | 1e-05 | 0.00088 | -0.0674 | -0.0342 | -118 | 0.424 | 0.424 | 0 | 0 | 40.6 | -633 | 24.58 | 20.9
ONEOK, Inc | 1 | B | 0.801 | -0.00436 | 0.186 | 0.1324 | 0.0331 | 490 | 0.28 | 0.2 | 0.0012 | 0.045 | 727 | 655 | 65.72 | 67.58
Entergy | 1 | B | 0.25 | -0.0076 | 0.071 | 0.0492 | -0.0046 | -117.4 | 0.4816 | 0.2 | 0.0038 | 0.115 | 675.6 | -636 | 70.16 | 95.89
Sempra | 1 | B | 0.62 | 0.00431 | 0.159 | 0.0122 | 0.0044 | 141.57 | 0.4168 | 0.2 | 0.0021 | 0.085 | 3837 | -6613 | 171.98 | 126.2
Occidental | 0 | B | 1.136 | -0.01217 | 0.142 | 0.0984 | 0.0569 | 1629 | 0.2067 | 0.6 | 0.0056 | 9.121 | 11536.5 | -8128 | 58.86 | 57.48
Duke Energy | 1 | B | 0.59 | 0.00458 | 0.002 | 0.0048 | -0.011 | -1156.08 | 0.4589 | 0.3 | 0.0012 | 0.0421 | 2648.2 | 2595.2 | 89.47 | 86.83
CF Industries | 2 | B | 0.71 | 0.1399 | 0.195 | 0.025 | 0.013 | 139 | 0.36 | 0.2 | 0.005 | 0.07 | 747 | 577 | 29.56 | 44.22
McCormick and Co. | 2 | B | 0.71 | 0.1351 | 0.08 | 0.283 | 0.0233 | 165 | 0.187 | 0.187 | 0 | 0 | 390.5 | 1714 | 71.61 | 163.9
Grubhub | 1 | B | 1.41 | 0.2147 | 0.1357 | -0.0502 | -0.0648 | -116 | 0.065 | 0.1 | -0.0003 | 0.0007 | 5 | -207 | 13.63 | 66.54
Sbux | 2 | B | 0.775 | 0.0111 | 0.235 | 3.8 | 0.38 | 1060 | 0.1 | 0.1 | 0 | 0 | 8900 | 1545 | 29.64 | 78.42
Chipotle | 1 | B | 0.7 | 0.1795 | 0.159 | 0.0571 | 0.0065 | 31 | 0.133 | 0.1 | 0.0001 | 0.0072 | 247 | 177 | 117.79 | 705.44
Lululemon | 0 | R | 1.17 | 0.0123 | 0.0106 | 0.24630000000000002 | 0.21869999999999998 | 278.02 | 0.03 | 0.3 | 0.0254 | 0.0363 | 0 | 363.7 | 99.9 | 173.72
Vail Resorts | 0 | R | 1.05 | 0.2278 | 0.1079 | 0.0761 | 0.0085 | 87.35 | 0.1518 | 0.3 | 0.0009 | 0.0183 | 135.2 | 245.6 | 176.22 | 225.09
Nike, Inc. | 0 | R | 0.67 | 0.1301 | 0.158 | 0.3812 | 0.1702 | 2838.6 | 0.152 | 0.2 | 0.0005 | 0.088 | 1309 | 3135 | 87.49 | 82.77
Dick's Sporting Goods | 0 | R | 1.095 | -0.165 | 0.147 | 0.08669999999999999 | 0.014999999999999993 | 75.28 | 0.4866 | 0.3 | 0.0007 | 0.0269 | 255 | 182 | 38.07 | 35.84
MSG Networks | 1 | R | 0.825 | 0.0211 | 0.079 | -0.2865 | 0.5005 | 122.18 | 0.429 | 0.4 | 0.0002 | 0.071 | 0 | 220 | 31.03 | 22.37
GNC Holdings | 0 | B | 8.37 | -0.4132 | 0.00043 | -1.0848 | -0.0724 | -104.24 | 0.922 | 0.8 | 0.0558 | 1.36 | 0 | 221 | 0.29 | 1.98
Omega Geração | 0 | B | 0.379 | 1e-05 | 0.00088 | -0.0674 | -0.0342 | -118 | 0.424 | 0.424 | 0 | 0 | 40.6 | -633 | 24.58 | 20.9
ONEOK, Inc | 1 | B | 0.801 | -0.00436 | 0.186 | 0.1324 | 0.0331 | 490 | 0.28 | 0.2 | 0.0012 | 0.045 | 727 | 655 | 65.72 | 67.58
Entergy | 1 | B | 0.25 | -0.0076 | 0.071 | 0.0492 | -0.0046 | -117.4 | 0.4816 | 0.2 | 0.0038 | 0.115 | 675.6 | -636 | 70.16 | 95.89
Sempra | 1 | B | 0.62 | 0.00431 | 0.159 | 0.0122 | 0.0044 | 141.57 | 0.4168 | 0.2 | 0.0021 | 0.085 | 3837 | -6613 | 171.98 | 126.2
Occidental | 0 | B | 1.136 | -0.01217 | 0.142 | 0.0984 | 0.0569 | 1629 | 0.2067 | 0.6 | 0.0056 | 9.121 | 11536.5 | -8128 | 58.86 | 57.48
Duke Energy | 1 | B | 0.59 | 0.00458 | 0.002 | 0.0048 | -0.011 | -1156.08 | 0.4589 | 0.3 | 0.0012 | 0.0421 | 2648.2 | 2595.2 | 89.47 | 86.83
Best Buy | 1 | B | 1.107 | 0.1658 | 0.138 | 48.4%% | 0.1014 | 1108.745748 | 0.2903 | 0.5 | 0.0007 | 0.0124 | 1306.91 | 2063 | 40.45 | 71.32
Hershey | 0 | B | 0.757 | 0.0433 | 0.011 | 0.9348 | 0.2276 | 995.7934329 | 0.15 | 0.3 | 0.0007 | 0.0023 | 562 | 1111 | 90.36 | 124
Kellogg | 1 | B | 0.738 | -0.0677 | 0.164 | 0.3487 | 0.0585 | 613.756 | 0.321 | 0.5 | 0.0011 | 0.0099 | 1082 | 3317 | 47.22 | 57.88
Macy's | 1 | B | 1.16 | -2.724 | 0.00047 | 0.1548 | 0.0943 | 2184.83 | 0.51 | 0.4 | 0.0006 | 0.0045 | 1589.2 | 5048 | 45.72 | 23.43
Procter & Gamble | 1 | B | 1.15 | 0.0246 | 0.096 | 0.0791 | 0.0282 | 2302.38 | 0.1085 | 0.3 | 0.0023 | 0.033 | 7981.8 | 12200 | 89.24 | 106.01
Philip Morris | 1 | B | 1.28 | -0.0658 | 0.221 | n/m | 0.402 | 7124 | 0.19 | 0.4 | 0.0016 | 0.0212 | 8355 | 5048 | 76 | 85
Ross Stores | 1 | B | 1.06 | 0.1645 | 0.214 | 0.4111 | 0.3037 | 1245.8 | 0.0856 | 0.3 | 0.0031 | 0.04657598622 | 1062.2 | 1213.96 | 67 | 97
Target | 1 | B | 1.415 | 0.2077 | 0.181 | 0.151 | 0.0485 | 1123.51 | 0.2597 | 0.2 | 0.0018 | 0.1043 | 1335 | 6227 | 21.85 | 74.64
Electronic Arts | 0 | B | 0.72 | 0.224 | 0.257 | 16.68%% | 0.1297 | 595.97 | 0.041 | 0.4 | 0.0079 | 0.1927 | 0 | 1320.33 | 65.04 | 93.88
Netflix | 0 | R | 1.292 | 0.2707 | 0.114 | 0.1599 | -0.0228 | -382.43 | 0.0917 | 0.1 | 0.0206 | 0.013 | 0 | 1032970 | 366.25 | 361.04
Activision Blizzard | 0 | B | 1.31 | 0.1475 | 0.099 | -0.0442 | -0.0019 | -27.64 | 0.1224 | 0.4 | 0.0074 | 0.0246 | 286.4 | 1162.27 | 46.45 | 46.02
Spotify | 0 | R | 1.35 | -0.3115 | 0.322 | -0.1412 | -0.1581 | -378 | 0.0217 | 0 | 0.137 | 0.05 | 0 | 245 | 156.86 | 137.85
Zynga | 0 | R | 0.448 | -0.0116 | 0.024 | -0.0598 | -0.086 | -145.91 | 0.0233 | 0 | 0.0398 | 0.00156 | 0 | -1648.01 | 5.95 | 5.94
Lululemon | 0 | R | 1.17 | 0.0123 | 0.0106 | 0.24630000000000002 | 0.21869999999999998 | 278.02 | 0.03 | 0.3 | 0.0254 | 0.0363 | 0 | 363.7 | 99.9 | 173.72
Vail Resorts | 0 | R | 1.05 | 0.2278 | 0.1079 | 0.0761 | 0.0085 | 87.35 | 0.1518 | 0.3 | 0.0009 | 0.0183 | 135.2 | 245.6 | 176.22 | 225.09
Nike, Inc. | 0 | R | 0.67 | 0.1301 | 0.158 | 0.3812 | 0.1702 | 2838.6 | 0.152 | 0.2 | 0.0005 | 0.088 | 1309 | 3135 | 87.49 | 82.77
Dick's Sporting Goods | 0 | R | 1.095 | -0.165 | 0.147 | 0.08669999999999999 | 0.014999999999999993 | 75.28 | 0.4866 | 0.3 | 0.0007 | 0.0269 | 255 | 182 | 38.07 | 35.84
MSG Networks | 1 | R | 0.825 | 0.0211 | 0.079 | -0.2865 | 0.5005 | 122.18 | 0.429 | 0.4 | 0.0002 | 0.071 | 0 | 220 | 31.03 | 22.37
GNC Holdings | 0 | B | 8.37 | -0.4132 | 0.00043 | -1.0848 | -0.0724 | -104.24 | 0.922 | 0.8 | 0.0558 | 1.36 | 0 | 221 | 0.29 | 1.98
Dollar Tree | 0 | B | 0.87 | 0.129 | 0.04 | 0.073 | 0.024 | 369.71 | 0.298 | 0.4 | 0.0022999999999999965 | 1085 | 270.6 | 440.77 | 83.36 | 104.02
Home Depot | 1 | B | 1.09 | 0.0326 | 0.432 | N/A | 0.327 | 9396.86 | 0.149 | 0.5 | 0.0030000000000000027 | 22951 | 8425.7 | 7816 | 174.73 | 194.58
Lululemon | 1 | B | 0.78 | 0.7234 | 0.213 | 0.264 | 0.75 | 470.93 | 0.03 | 0.1 | 0.0023999999999999994 | 392 | 191.59 | 218.34 | 142.92 | 176.52
Amazon | 1 | B | 0.97 | 0.2609 | 0.3 | 0.1467 | 0.03 | 6526 | 0.0458 | 0.1 | 0.0005000000000000004 | 9841.34 | 123.7 | 2509.4 | 1748.59 | 1889.98
XXL | 1 | B | 1.72 | -0.493 | 0.097 | -0.052 | -0.021 | NOK (120) | 0.596 | 0.2 | 0.009800000000000003 | NOK 1,731 | 311 | 334.3 | 26.55 | 25.28
Nike | 1 | B | 0.79 | 0.1857 | 0.161 | 0.099 | 0.137 | 1731 | 0.0261 | 0.1 | 4e-05 | 0.0008 | 2760 | 3263.2 | 96.59 | 82.55
Inditex Group | 0 | B | 0.69 | 0.0137 | 0.251 | 0.2028 | 0.1552 | 2023 | 0.0496 | 0.2 | 0.0015 | 0.0292 | 2335 | 4344.49 | 27.82 | 28.03
Ralph Lauren | 0 | B | 0.92 | 0.234 | 0.096 | 0.099 | 0.0235 | 103 | 0.2064 | 0.4 | -0.0021 | 0.0222 | 804.7 | 397.52
Estee Lauder | 0 | B | 0.71 | 0.2858 | 0.18 | 0.3093 | 0.6194 | 1548.41 | 0.0887 | 0.1 | -0.0001 | 0.003 | 2106.8 | 1310.34 | 103.92 | 170
Restoration Hardware | 0 | B | 1.01 | 0.5941 | 0.037 | -% | 0.0988 | 178 | 0.4602 | 0.3 | 0.0093 | 0.1698 | 0 | 177.96 | 103.69 | 101.31
The Gap | 1 | B | 0.85 | -0.0016 | 0.049 | 0.2248 | 0.1329 | 494.35 | 0.414 | 0.4 | -0.0007 | 0.007 | 1861 | 842.2 | 55.31 | 24.36
AB Inbev | 1 | B | 1.54 | -0.0022 | 0.415 | -0.0633 | 0.1227 | 6916 | 0.3843 | 0.3843 | 0 | 0 | 33026 | 41852 | 61.49 | 88.2
Ienova | 1 | B | 0.92 | 0.0636 | 0.202 | -0.005 | -0.0287 | -277.86 | 0.3014 | 0.2 | 5.4e-05 | 0.0010238503595052196 | 173.33 | 374.88 | 2.95 | 4.4
Pioneer Natural | 1 | B | 1.05 | -0.2855 | 0.148 | -0.0074 | 0.0171 | 238.42 | 0.1169 | 0.2 | -0.0021 | 0.0385 | 411 | -4994 | 326.67 | 151.65
First Solar | 1 | B | 1.41 | -0.0797 | 0.104 | -0.06530000000000001 | -0.5664 | -578 | 0.0676 | 0 | 0.017200000000000007 | 0.061905608899394546 | 0 | -707.2 | 50.41 | 60.66
Schlumberger | 0 | B | 1.36 | -0.2438 | 0.337 | -0.23099999999999998 | -0.08279999999999998 | 66400 | 0.2216 | 0.3 | -0.005 | 0.09090909090909091 | 24639 | 2417 | 36.08 | 39.56
Fluor | 1 | B | 1.42 | -0.2639 | 0.276 | -0.0566 | 0.028300000000000006 | 89 | 0.2628 | 0.5 | -0.0026 | 0.0296 | 630 | 2007 | 33.92 | 39.15
W&T Offshore | 1 | B | 1.45 | -0.1472 | 0.184 | -0.6701 | 0.3649 | 149.83 | 0.0223 | 0 | -0.0034 | 0.0244 | 0 | 1012 | 5.46 | 5.12
PetroChina | 0 | B | 1.1 | 0.028 | 0.274 | -0.0511 | -0.0157 | 590 | 0.45 | 0.1 | -0.0004 | 0 | 34030 | 43495 | 85.87 | 64
Matador | 1 | B | 1.69 | -0.22 | 0.246 | 0.028799999999999992 | -0.0068999999999999895 | -29 | 0.4319 | 0.5 | -0.0104 | 0.174 | 0 | 389.6 | 17.65 | 20.82
Diageo | 2 | B | 1.197 | 0.002 | 0.444 | 0.1066 | 0.04122146476278213 | 894.918 | 0.1471 | 0.2 | 0.0003000000000000086 | 0.0034365883940579156 | 1581 | 3017 | 30.71 | 31.94
Coca Cola | 2 | B | 0.862 | -0.00029 | 0.266 | 0.0898 | 0.0815 | 2226.82 | 0.1292 | 0.3 | -4e-05 | 0.000716 | 8721 | 7702 | 29.65 | 48.19
Samuel Adams | 0 | B | 1.1 | 0.0178 | 0.068 | 0.1243 | 0.184 | 64.18 | 0.0643 | 0.1 | 0.0006 | 0.0112 | 88.3 | 71.49 | 331.69 | 304.75
Kroger | 2 | B | 0.7664 | -0.0002 | 0.098 | 0.2724103383210753 | 0.08352325067151824 | 1636.972189911086 | 0.42 | 0.3 | 0.0034000000000000002 | 0.08272506082725051 | 437 | 3343.74 | 23.72 | 25.83
Treasury Wine | 1 | B | 1.196 | 0.00578 | 0.13 | 0.004900000000000002 | -0.0001455274373359794 | -0.604390000000056 | 0.1168 | 0.3 | 0.0034000000000000002 | 0.0514 | 203.7 | 342.9 | 11.157669308858294 | 16.16
Pernot Ricard | 0 | R | 0.73 | 0.0018 | 0.422 | 0.0999 | 0.0606 | 994.38 | 0.3424 | 0.6 | 0.0008 | -0.015 | 551 | 1523.7 | 156.53 | 154.35
Craft Brew Alliance | 2 | R | 0.967 | 0.0003 | 0.072 | -0.057 | -0.0568 | -10.42 | 0.2049 | 0.2049 | 0 | 0 | 0 | 26.8 | -2.09 | 14.87
Molson Coors | 0 | B | 1.4 | -0.0028 | 0.13 | -0.0279 | -0.0305 | -731.32 | 0.45 | 0.6 | 0.0053 | 0.09 | 354.4 | 286 | 54.8 | 63.35
MSG Networks | 0 | B | 1.1007687356588862 | -0.0018 | 0.0723 | 0.2767 | 240.93 | 0.3959 | 0.6 | 0.0015 | 0.0684 | 252.13 | 651.9 | 21.8 | 22.97
Take Two Interactive | 1 | B | 1.25 | 0.3062 | 0.138 | 0.0241 | 0.0012 | 4.15 | 0.0158 | 0.1 | -0.0015 | 0.0162 | 0 | 277 | 107.73 | 101.65
Nvidia | 1 | B | 1.39 | 45,66% | 0.255 | 25%% | 173%% | 19654 | 0.0245 | 0.2 | -0.003 | 0.032 | 1056.6 | 1606.77 | 102.41 | 168.82
Caesars Entertainment | 1 | B | 2.93 | -0.0599 | 0.045 | -0.13 | -0.08 | -1790 | 0.7172 | 0.2 | -0.0129 | 0.1868 | 0 | 841 | 11.27 | 9.2
Activision Blizzard | 1 | B | 1.06 | 0.1486 | 0.00099 | 0.0717 | -0.0069 | -335 | 0.0742 | 0.4 | -0.0071 | 0.184 | 198 | 31098 | 42.8 | 46.02
Discovery | 1 | B | 1.14 | 0.4167 | 0.202 | -0.0634 | -0.0051 | -140.57 | 0.5471 | 0.4 | -0.0051 | 0.1804 | 0 | 2166 | 33.12 | 28.46
Airbus (EUR) | 0 | B | 1.079020729650895 | 0.024994440346757907 | 0.265 | 0.23518520313004793 | 0.30929469625230566 | 3111.993329918274 | 0.1170573550719553 | 0.1 | -0.0001 | -0.0027 | 1161 | -59 | 171.26115004370925 | 117.5
Bombardier (USD) | 0 | B | 2.436929541226255 | -0.01169428074045642 | 0.122 | nm | 0.08601677367109854 | 364.6919399228387 | 0.677993006475914 | 0.30000000000000004 | -0.021 | 0.367 | 0 | -119 | 1.9807910887272915 | 1.8447253038735067
Safran (EUR) | 0 | B | 1.156033304 | 0.15259112498980776 | 0.187 | 0.027711058652161225 | 0.024878824865127644 | 416.9989593293775 | 0.10952565025454032 | 0.30000000000000004 | -0.0044 | 0.115 | 695 | -2611 | 138.64695035764592 | 129.9
Southwest (USD) | 0 | B | 0.7095216582118146 | 0.08143867740475708 | 0.285 | 0.18520249368843109 | 0.11536592842688417 | 1489.0880284885761 | 0.1398216566178994 | 0.30000000000000004 | -0.0026 | 0.07 | 332 | 2337 | 116.64 | 54.23
United (USD) | 0 | B | 1.1213072683879706 | 0.11601592968578411 | 0.124 | 0.12165547215085278 | 0.020653984817411195 | 664.0287099774926 | 0.492697813581442 | 0.4 | -0.010784400249465628 | 0.2163 | 0 | 968 | 140.29544792855646 | 88.86
UTC (USD) | 0 | B | 1.3217270084455026 | -0.05556386056863705 | 0.528 | 0.02836556188067521 | 0.0003704420595380259 | 29.977623590690445 | 0.2716178918609924 | 0.5 | -0.0035507562215141147 | 0.124 | 2244 | 5503 | 96.93894243877965 | 142.61
Sabre Corporation | 1 | B | 1.5 | 0.0635 | 0.146 | 0.2214 | 0.0006 | 43.18 | 0.396 | 0.4 | 0.0793 | -0.005 | 393.74 | 199.15 | 22.43 | 20.81
Delta Airlines | 1 | B | 0.89 | 0.0886 | 0.216 | 0.2518 | 0.0718 | 1196.97 | 0.4085 | 0.4 | 0.0004 | 0 | 2382 | 2427.8 | 84.24 | 0.5662
TripAdvisor | 0 | B | 1.15 | 0.0406 | 0.192 | 0.03 | -0.0104 | 28.82 | 0.011 | 0.2 | 0.0105 | 0.3299294188316564 | 0 | 157.2 | 53.87 | 48.67
MGM Resorts | 1 | B | 1.79 | -0.7339 | 0.348 | -0.1037 | -0.0429 | 1182.26 | 0.575 | 0.4 | 0.0088 | 0.2891 | 102.52 | 452.74 | 10.94 | 25.63
Biogen | 1 | B | 1.62 | -0.1028 | 0.128 | 0.214 | 0.18 | 0.13 | 0.8 | 0.0154 | 0.19 | 2500 | 2600 | 227 | 231
Flexion | 1 | B | 1.74 | 0 | 0.072 | -1.58 | -0.9667 | 0.158 | 0.0622 | 0 | -382 | 10.02 | 12.65
Merck | 2 | B | 1.42 | -0.008367735341283544 | 0.175 | 0.2585 | 0.2583 | 0.0911 | 0.2 | -0.0016 | 0.0194 | 5177 | 3130 | 39.42 | 78.33
Nautilus | 1 | B | 0.72 | -0.1348660900240617 | 0.115 | 0.0103 | 0.011300000000000004 | 0.19 | 0.1 | 0.0051 | 0.19 | 0 | -7.9 | 8.42 | 4.1
Stryker | 2 | B | 1.1 | 0.1003 | 0.35 | 0.203 | 0.0103 | 0.1127 | 0.2 | 0.0019 | 0.03 | 914 | 1400 | 70 | 187
Sun Pharma | 0 | B | 0.72 | -0.10498157685822562 | 0.021 | -0.0525 | 0.01780000000000001 | 0.05 | 0.1 | 0.0005 | 0.01 | 4600 | 11900 | 438.32 | 439.35
Unilever | 1 | B | 1.08 | 0.05883427569045807 | 0.467 | 0.5699437745406901 | 0.19060552327906863 | 8191.117938943889 | 0.1662748574422468 | 0.6 | -0.0053820337036469545 | 0.09231267378594818 | 6121.2 | 7804.6 | 51.574850848318746 | 52.9
Constellation Brands | 0 | B | 1.34 | 0.16 | 0.186 | -31.91686933023849 | 0.13639477050735263 | 3076.52 | 0.23830616583982991 | 0.23830616583982991 | 0 | 0 | 878.2 | 2451.8 | 125.00359538570167 | 211.8
Costco | 0 | R | 0.833 | 0.007 | 0.1825 | 0.179 | 0.2089 | 18413.91 | 0.0735 | 0.3 | -0.0008 | 0.0174 | 5628 | 13492 | 127.21 | 244.62
Target | 2 | R | 0.828 | -0.0073 | 0.189 | 0.1593 | 0.0814 | 1622.22 | 0.2446 | 0.5 | -0.0024 | 0.0577 | 10261 | 15247 | 77.72 | 75.94
Altria | 1 | B | 1.4124760153518645 | 0.01757371355188564 | 0.156 | 0.6184095480336682 | 0.12530636996824415 | 9144.421986773852 | 0.34964284715694954 | 0.6 | -0.0037 | 0.058 | 7088 | 7593.2 | 53.25813652562463 | 52.11
Stryker | 1 | B | 1.13 | 0.10296 | 0.399 | 0.2403 | 0.0167 | 340 | 0.1102 | 0.1 | -0.0111 | -0.0149 | 593 | 1060 | 117.36 | 188.5
Vertex | 1 | B | 1.45 | 0.15051630268823035 | 0.193 | 0.8039 | 0.4846 | 1252 | 0.0142 | 0.1 | 0.0019 | 0.0229 | 0 | 242 | 175.69 | 169.01
Intuitive Surgical | 0 | B | 1.03 | 0.2236 | 0.212 | 0.0898 | 0.0289 | 181 | 0.0013 | 0.1 | 0.0028 | 0.028 | 0 | 697 | 333.4 | 495.71
Cerner | 1 | B | 1.17 | -0.01612 | 0.313 | 0.03 | 0.0143 | 74 | 0.0256 | 0.2 | 0.005 | 0.0452 | 0 | 594.82 | 47.06 | 68.02
Amazon | 0 | B | 1.025 | 0.2609 | 0.3 | 0.2602 | 0.1181 | 13483.6 | 0.057 | 0.1 | 0.0002 | 0.0272 | 0 | 697.1 | 1545.94 | 1800.11
Adobe | 0 | B | 1.07 | 0.0043 | 0.385 | 0.0902 | 0.0857 | 2884.79 | 0.0315 | 0.1 | 0.0009 | 0.0135 | 1090 | 790 | 224.34 | 285.58
Salesforce | 1 | B | 1.13 | 0.0242 | 0.1729 | 0.2674 | 0.2901 | -716674338 | 0.0208 | 0.0208 | 0 | 0 | 0 | 2217 | 174.5 | 156.31
Spotify | 0 | B | 1.26 | -0.0035 | 0.321 | -0.0045 | 0.0223 | 55.932584269662925 | 0.0351 | 0.0351 | 0 | 0 | 18 | -586 | 203.31460674157302 | 134.16
Marriott | 0 | B | 0.737 | 0.00264 | 0.226 | 0.4613 | 0.1037 | 1652.32 | 0.1848 | 0.2 | -0.0018 | 0.0683 | 257.4 | 812.2 | 41.99 | 131.71
Boyd Gaming | 0 | B | 1.87 | 0.0115 | 0.3313 | 1.2498 | -0.0221 | 7511 | 0.6086 | 0.2 | -0.005 | 0.1269 | 63.8 | 983.07 | 8.9 | 27.17
Cognizant | 1 | B | 0.8867 | 0.0199 | 0.222 | 0.1721 | 0.1919 | 2214.64 | 0.0476 | 0.6 | -0.0076 | 0.121 | 1020.6 | 198.4 | 57.51 | 59.01
International Business Machines (IBM) | 1 | B | 1.14 | -0.00213 | 0.419 | 0.1472 | 0.1198 | 8592.2956 | 0.2985 | 0.4 | -0.006 | 0.0696078431372549 | 11220 | 14440 | 125.53 | 138
Oracle | 1 | B | 1.46 | -0.0007 | 0.478 | 0.1885 | 0.0036 | 290.17 | 0.2375 | 0.3 | 0.0008 | 0.01046 | 11251 | 13107 | 32.96 | 54.65
Salesforce | 1 | B | 1.22 | 0.01537 | 0.543 | -0.0006 | -0.0035 | -6640 | 0.0459 | 0 | 0.0005 | -0.0075 | 0 | 1876 | 105.99 | 165
Netflix | 2 | B | 1.2639 | 0.1195 | 0.346 | 0.2379 | 0.0639 | 643.3 | 0.0575 | 0.1 | 0.0022 | 0.0364 | 0 | 37708 | 236.11 | 361.04
Electronic Arts | 1 | B | 0.9903 | -0.0454 | 0.109 | 0.3633 | 1.249 | 971.72 | 0.0408 | 0.3 | 0.002 | 0.0387 | 668.4 | 5553 | 88.81 | 93.88
Facebook | 0 | B | 1.07 | 0.0319 | 0.337 | 0.1456 | 0.0736 | 6898.23 | 0 | 0.2 | 0.0028 | 0.0469 | 14855 | 40163 | 245.32 | 188.34
IMAX | 1 | B | 1.0059 | -0.1251 | 0.086 | -0.0157 | 0.0466 | 22.08 | 0.0628 | 0.3 | -0.0021 | 0.0307 | 221.1 | 130.33 | 11.25 | 23.78
Lionsgate | 1 | B | 1.558 | -0.1254 | 0.272 | 0.5749 | 0.1034 | 292.28 | 0.4862 | 0.9 | 0.0176 | 0.4559 | 345.5 | 1708 | 14.15 | 13.64
Lululemon | 1 | B | 1.056 | 0.0147 | 0.085 | 0.2102 | 0.2381 | 496.4 | 0.0328 | 0.1 | 0.0012 | 0.0199 | 607.1 | 472.3 | 182.48 | 175.17
Under Armour | 0 | B | 1.47 | 0.0117 | 0.155 | -0.1601 | -0.06969999999999998 | -295.9 | 0.2617 | 0.3 | 0.0002 | 0.002 | 7.24 | 44.9 | 20.75 | 21.79
Abercrombie & Fitch | 0 | B | 1.763 | 0.00816 | 0.068 | -0.0857 | -0.038 | -57.6 | 0.4672 | 0.6 | 0.0016 | 0.0101 | 54.4 | 145.8 | 11.24 | 27.58
Fast Retailing | 0 | B | 1.127 | 0.0054 | 0.248 | 0.125 | 0.056 | ¥ 80,903 | 0.1135 | 0.3 | 0.0009 | 0.014 | 38244 | 88032 | 65482 | 64530
Ralph Lauren | 2 | B | 1.292 | -0.0044 | 0.123 | -0.061399999999999996 | 0.004400000000000001 | 19.3 | 0.1866 | 0.4 | 0.0013 | 0.0152 | 179.5 | 775.2 | 65.63 | 124.3
American Eagle | 0 | B | 1.495 | 0.0047 | 6.4%% | 0.093 | 0.078 | 100.4 | 0.2661 | 0.6 | 0.002 | 0.0188 | 188.7 | 210.8 | 18.31 | 21.79
Chipotle | 0 | B | 0.87 | 0.00606 | 0.05 | 0.0513 | 0.0071 | 189.21 | 0.1344 | 0.067414159 | 0 | 0.028 | 0 | 334.2 | 561.9 | 716.67
Shake Shack | 0 | B | 1.04 | 0.0017 | 0.022 | 0.0068 | -0.0057 | -7.99 | 0.1031 | 0.1 | -0.0025 | 0.0117 | 0 | -62.95 | 74.48 | 60.39
General Mills | 1 | B | 0.34 | 0.08 | 0.0439 | 0.2002 | 0.0513 | -20.5 | 0.3388 | 0.249 | 0.012 | 0.058 | 0 | 849.1 | 30 | 51
Autodesk | 1 | B | 1.18 | 0.01071 | 0.423 | 0.0634 | 0.0534 | 0 | ~0% | 836.34 | 35.54 | 173.77
Walmart | 1 | B | 0.74 | 0.0217 | 0.17 | 0.0619 | 0.0534 | 1057 | 0.187 | 0.3 | 0.001 | 0.0147 | 60052 | 65063 | 107.24 | 100.4
Bunge | 2 | B | 1.02 | -0.1259 | 0.17 | -0.063 | -0.051 | -604 | 0.433 | 0.5 | 0.009 | 0.057 | 1865 | 1483 | 49.39 | 52.16
Sysco | 2 | B | 0.66 | 0.015 | 0.17 | 0.506 | 0.074 | 796.28 | 0.207 | 0.5 | 0.01 | 0.1263 | 8593 | 6495 | 24.57 | 70.52
General Mills | 2 | B | 0.604 | -0.189 | 0.13 | 14,67% | 0.0703 | 1460 | 31.03 | 0.4 | 0,18% | 0.04 | 687.12 | 2218 | 36.18 | 51.54
Shake Shack | 2 | B | 0.901 | 0.0529 | 0.00129 | 0,81% | 6,54% | 2239 | 0.158 | 0.39 | 0.0001 | 0.0008 | 0 | 1.6 | 51.07 | 60.39
Marriott | 0 | B | 0.737 | 0.00264 | 0.226 | 0.4613 | 0.1037 | 1652.32 | 0.1848 | 0.2 | -0.0018 | 0.0683 | 257.4 | 812.2 | 41.99 | 131.71
Boyd Gaming | 0 | B | 1.87 | 0.0115 | 0.3313 | 1.2498 | -0.0221 | 7511 | 0.6086 | 0.2 | -0.005 | 0.1269 | 63.8 | 983.07 | 8.9 | 27.17
Chipotle | 0 | B | 0.7 | 0.0321 | 0.0308 | 0.0657 | 0.0924 | 100.95 | 0.123 | 0.1 | -0.0017 | 0.051 | 368.027 | 99.82 | 386.23 | 709.52
