Source: http://www.stern.nyu.edu/~adamodar/pc/blog/ERPbyDayCOVID.xlsx

Sheet: Raw Data
Date | S&P 500 | T. Bond Rate | ERP | COVID ERP | Earnings drop in 2020 | Recovery by 2024
2019-12-31 00:00:00 | 3225.52 | 0.0192 | 0.0507 | 0.0507 | 0 | 0
2020-01-02 00:00:00 | 3257.850098 | 0.018799999999999997 | 0.0503 | 0.0503 | 0 | 0
2020-01-03 00:00:00 | 3234.850098 | 0.018000000000000002 | 0.051 | 0.051 | 0 | 0
2020-01-06 00:00:00 | 3246.280029 | 0.0181 | 0.0507 | 0.0507 | 0 | 0
2020-01-07 00:00:00 | 3237.179932 | 0.0183 | 0.0508 | 0.0508 | 0 | 0
2020-01-08 00:00:00 | 3253.050049 | 0.0187 | 0.0504 | 0.0504 | 0 | 0
2020-01-09 00:00:00 | 3274.699951 | 0.018500000000000003 | 0.0502 | 0.0502 | 0 | 0
2020-01-10 00:00:00 | 3265.350098 | 0.0183 | 0.0504 | 0.0504 | 0 | 0
2020-01-13 00:00:00 | 3288.129883 | 0.018500000000000003 | 0.05 | 0.05 | 0 | 0
2020-01-14 00:00:00 | 3283.149902 | 0.0182 | 0.0501 | 0.0501 | 0 | 0
2020-01-15 00:00:00 | 3289.290039 | 0.0179 | 0.0502 | 0.0502 | 0 | 0
2020-01-16 00:00:00 | 3316.810059 | 0.0181 | 0.0497 | 0.0497 | 0 | 0
2020-01-17 00:00:00 | 3329.620117 | 0.0184 | 0.0494 | 0.0494 | 0 | 0
2020-01-21 00:00:00 | 3320.790039 | 0.0178 | 0.0497 | 0.0497 | 0 | 0
2020-01-22 00:00:00 | 3321.75 | 0.0177 | 0.0497 | 0.0497 | 0 | 0
2020-01-23 00:00:00 | 3325.540039 | 0.0174 | 0.0498 | 0.0498 | 0 | 0
2020-01-24 00:00:00 | 3295.469971 | 0.017 | 0.0504 | 0.0504 | 0 | 0
2020-01-27 00:00:00 | 3243.629883 | 0.0161 | 0.0515 | 0.0515 | 0 | 0
2020-01-28 00:00:00 | 3276.23999 | 0.0165 | 0.0509 | 0.0509 | 0 | 0
2020-01-29 00:00:00 | 3273.399902 | 0.016 | 0.0511 | 0.0511 | 0 | 0
2020-01-30 00:00:00 | 3283.659912 | 0.015700000000000002 | 0.051 | 0.051 | 0 | 0
2020-01-31 00:00:00 | 3225.52002 | 0.0151 | 0.0522 | 0.0522 | 0 | 0
2020-02-03 00:00:00 | 3248.919922 | 0.0154 | 0.0517 | 0.0517 | 0 | 0
2020-02-04 00:00:00 | 3297.590088 | 0.0161 | 0.0507 | 0.0507 | 0 | 0
2020-02-05 00:00:00 | 3334.689941 | 0.0166 | 0.0499 | 0.0499 | 0 | 0
2020-02-06 00:00:00 | 3345.780029 | 0.0165 | 0.0498 | 0.0498 | 0 | 0
2020-02-07 00:00:00 | 3327.709961 | 0.0159 | 0.0503 | 0.0503 | 0 | 0
2020-02-10 00:00:00 | 3352.090088 | 0.015600000000000001 | 0.05 | 0.05 | 0 | 0
2020-02-11 00:00:00 | 3357.75 | 0.0159 | 0.0498 | 0.0498 | 0 | 0
2020-02-12 00:00:00 | 3379.449951 | 0.016200000000000003 | 0.0494 | 0.0494 | 0 | 0
2020-02-13 00:00:00 | 3373.939941 | 0.0161 | 0.0495 | 0.0495 | 0 | 0
2020-02-14 00:00:00 | 3380.159912 | 0.0159 | 0.0495 | 0.0483 | 0 | 0
2020-02-18 00:00:00 | 3370.290039 | 0.0155 | 0.0492 | 0.0492 | 0 | 0
2020-02-19 00:00:00 | 3386.149902 | 0.015600000000000001 | 0.0489 | 0.0489 | 0 | 0
2020-02-20 00:00:00 | 3373.22998 | 0.0152 | 0.0493 | 0.0493 | 0 | 0
2020-02-21 00:00:00 | 3337.75 | 0.0146 | 0.05 | 0.05 | 0 | 0
2020-02-24 00:00:00 | 3225.889893 | 0.0138 | 0.052 | 0.052 | 0 | 0
2020-02-25 00:00:00 | 3128.209961 | 0.013300000000000001 | 0.0538 | 0.0512 | 0.3 | 0.75
2020-02-26 00:00:00 | 3116.389893 | 0.013300000000000001 | 0.054 | 0.0513 | 0.3 | 0.75
2020-02-27 00:00:00 | 2978.76001 | 0.013000000000000001 | 0.0566 | 0.0538 | 0.3 | 0.75
2020-02-28 00:00:00 | 2954.219971 | 0.0113 | 0.0577 | 0.0549 | 0.3 | 0.75 | -0.12440054575352033
2020-03-02 00:00:00 | 3090.22998 | 0.011000000000000001 | 0.0553 | 0.0526 | 0.3 | 0.75
2020-03-03 00:00:00 | 3003.370117 | 0.0102 | 0.0572 | 0.0544 | 0.3 | 0.75
2020-03-04 00:00:00 | 3130.120117 | 0.0102 | 0.0549 | 0.0523 | 0.3 | 0.75
2020-03-05 00:00:00 | 3023.939941 | 0.0092 | 0.0572 | 0.0544 | 0.3 | 0.75
2020-03-06 00:00:00 | 2972.370117 | 0.0074 | 0.0589 | 0.0551 | 0.3 | 0.75
2020-03-09 00:00:00 | 2746.560059 | 0.0054 | 0.0645 | 0.0593 | 0.3 | 0.75
2020-03-10 00:00:00 | 2882.22998 | 0.0076 | 0.0606 | 0.0557 | 0.3 | 0.75
2020-03-11 00:00:00 | 2741.379883 | 0.008199999999999999 | 0.0634 | 0.0583 | 0.3 | 0.75
2020-03-12 00:00:00 | 2480.639893 | 0.0088 | 0.0697 | 0.0639 | 0.3 | 0.75
2020-03-13 00:00:00 | 2711.02002 | 0.009399999999999999 | 0.0636 | 0.0584 | 0.3 | 0.75
2020-03-16 00:00:00 | 2386.129883 | 0.0073 | 0.0732 | 0.0658 | 0.3 | 0.75
2020-03-17 00:00:00 | 2529.189941 | 0.0102 | 0.0678 | 0.061 | 0.3 | 0.75
2020-03-18 00:00:00 | 2398.100098 | 0.0118 | 0.0707 | 0.0635 | 0.3 | 0.75
2020-03-19 00:00:00 | 2409.389893 | 0.011200000000000002 | 0.0706 | 0.0635 | 0.3 | 0.75
2020-03-20 00:00:00 | 2304.919922 | 0.0092 | 0.0748 | 0.0671 | 0.3 | 0.75
2020-03-23 00:00:00 | 2237.399902 | 0.0076 | 0.0775 | 0.0687 | 0.3 | 0.75 | -0.3063444337657184
2020-03-24 00:00:00 | 2447.330078 | 0.0084 | 0.0706 | 0.0627 | 0.3 | 0.75
2020-03-25 00:00:00 | 2475.560059 | 0.0088 | 0.0697 | 0.0619 | 0.3 | 0.75
2020-03-26 00:00:00 | 2630.070068 | 0.0083 | 0.0658 | 0.0586 | 0.3 | 0.75
2020-03-27 00:00:00 | 2541.469971 | 0.0072 | 0.0686 | 0.061 | 0.3 | 0.75
2020-03-30 00:00:00 | 2626.649902 | 0.006999999999999999 | 0.0665 | 0.0592 | 0.3 | 0.75
2020-03-31 00:00:00 | 2584.590088 | 0.006999999999999999 | 0.0676 | 0.0601 | 0.3 | 0.75
2020-04-01 00:00:00 | 2470.5 | 0.0062 | 0.071 | 0.0631 | 0.3 | 0.75
2020-04-02 00:00:00 | 2526.899902 | 0.0063 | 0.0694 | 0.0617 | 0.3 | 0.75
2020-04-03 00:00:00 | 2488.65 | 0.0062 | 0.0705 | 0.0627 | 0.3 | 0.75
2020-04-06 00:00:00 | 2663.679932 | 0.0067 | 0.0657 | 0.0585 | 0.3 | 0.75
2020-04-07 00:00:00 | 2659.409912 | 0.0075 | 0.0655 | 0.0583 | 0.3 | 0.75
2020-04-08 00:00:00 | 2749.97998 | 0.0077 | 0.0633 | 0.0564 | 0.3 | 0.75
2020-04-09 00:00:00 | 2789.820068 | 0.0073 | 0.0626 | 0.0558 | 0.3 | 0.75
2020-04-13 00:00:00 | 2761.629883 | 0.0076 | 0.0631 | 0.0562 | 0.3 | 0.75
2020-04-14 00:00:00 | 2846.060059 | 0.0076 | 0.0612 | 0.0546 | 0.3 | 0.75
2020-04-15 00:00:00 | 2783.360107 | 0.0063 | 0.0631 | 0.0563 | 0.3 | 0.75
2020-04-16 00:00:00 | 2799.550049 | 0.0060999999999999995 | 0.0628 | 0.056 | 0.3 | 0.75
2020-04-17 00:00:00 | 2874.560059 | 0.006500000000000001 | 0.0611 | 0.0545 | 0.3 | 0.75
2020-04-20 00:00:00 | 2823.159912 | 0.0063 | 0.0622 | 0.0555 | 0.3 | 0.75
2020-04-21 00:00:00 | 2736.560059 | 0.0058 | 0.0644 | 0.0574 | 0.3 | 0.75
2020-04-22 00:00:00 | 2799.310059 | 0.0063 | 0.0628 | 0.056 | 0.3 | 0.75
2020-04-23 00:00:00 | 2797.8 | 0.0061 | 0.0629 | 0.0561 | 0.3 | 0.75
2020-04-24 00:00:00 | 2836.74 | 0.006 | 0.0621 | 0.0554 | 0.3 | 0.75
2020-04-27 00:00:00 | 2878.48 | 0.0067 | 0.0609 | 0.0544 | 0.3 | 0.75
2020-04-28 00:00:00 | 2863.39 | 0.0062 | 0.0614 | 0.0548 | 0.3 | 0.75
2020-04-29 00:00:00 | 2939.51 | 0.0063 | 0.0598 | 0.0534 | 0.3 | 0.75
2020-04-30 00:00:00 | 2912.43 | 0.0064 | 0.0603 | 0.0539 | 0.3 | 0.75
2020-05-01 00:00:00 | 2830.709961 | 0.0064 | 0.0625 | 0.0574 | 0.25 | 0.8
2020-05-04 00:00:00 | 2842.73999 | 0.0064 | 0.0622 | 0.0572 | 0.25 | 0.8
2020-05-05 00:00:00 | 2868.439941 | 0.0066 | 0.0616 | 0.056600000000000004 | 0.25 | 0.8
2020-05-06 00:00:00 | 2848.419922 | 0.0072 | 0.0617 | 0.0568 | 0.25 | 0.8
2020-05-07 00:00:00 | 2881.189941 | 0.0063 | 0.0614 | 0.0565 | 0.25 | 0.8
2020-05-08 00:00:00 | 2929.800049 | 0.0069 | 0.0602 | 0.0554 | 0.25 | 0.8
2020-05-11 00:00:00 | 2930.189941 | 0.0073 | 0.06 | 0.0552 | 0.25 | 0.8
2020-05-12 00:00:00 | 2870.120117 | 0.0069 | 0.0614 | 0.0565 | 0.25 | 0.8
2020-05-13 00:00:00 | 2820 | 0.0064 | 0.0627 | 0.0576 | 0.25 | 0.8
2020-05-14 00:00:00 | 2852.5 | 0.0063 | 0.062 | 0.057 | 0.25 | 0.8
2020-05-15 00:00:00 | 2863.699951 | 0.0064 | 0.0618 | 0.0568 | 0.25 | 0.8
2020-05-18 00:00:00 | 2953.909912 | 0.0073 | 0.0595 | 0.0548 | 0.25 | 0.8
2020-05-19 00:00:00 | 2922.939941 | 0.006999999999999999 | 0.0603 | 0.0554 | 0.25 | 0.8
2020-05-20 00:00:00 | 2971.610107 | 0.0068000000000000005 | 0.0594 | 0.0546 | 0.25 | 0.8
2020-05-21 00:00:00 | 2948.51001 | 0.0068000000000000005 | 0.0599 | 0.0551 | 0.25 | 0.8
2020-05-22 00:00:00 | 2955.449951 | 0.0066 | 0.0598 | 0.055 | 0.25 | 0.8
2020-05-26 00:00:00 | 2991.77002 | 0.0069 | 0.059 | 0.0543 | 0.25 | 0.8
2020-05-27 00:00:00 | 3036.129883 | 0.0068000000000000005 | 0.0582 | 0.0535 | 0.25 | 0.8
2020-05-28 00:00:00 | 3029.72998 | 0.006999999999999999 | 0.0582 | 0.0536 | 0.25 | 0.8
2020-05-29 00:00:00 | 3044.310059 | 0.006500000000000001 | 0.0581 | 0.0535 | 0.25 | 0.8
2020-06-01 00:00:00 | 3055.72998 | 0.0066 | 0.0576 | 0.053 | 0.25 | 0.8
2020-06-02 00:00:00 | 3080.820068 | 0.0068000000000000005 | 0.0571 | 0.0525 | 0.25 | 0.8
2020-06-03 00:00:00 | 3122.870117 | 0.0077 | 0.0558 | 0.0514 | 0.25 | 0.8
2020-06-04 00:00:00 | 3112.350098 | 0.008199999999999999 | 0.0558 | 0.0513 | 0.25 | 0.8
2020-06-05 00:00:00 | 3193.929932 | 0.0091 | 0.0539 | 0.0497 | 0.25 | 0.8
2020-06-08 00:00:00 | 3232.389893 | 0.0088 | 0.0534 | 0.0492 | 0.25 | 0.8
2020-06-09 00:00:00 | 3207.179932 | 0.0084 | 0.054 | 0.0498 | 0.25 | 0.8
2020-06-10 00:00:00 | 3190.139893 | 0.0075 | 0.0548 | 0.0505 | 0.25 | 0.8
2020-06-11 00:00:00 | 3002.100098 | 0.0066 | 0.0586 | 0.0539 | 0.25 | 0.8
2020-06-12 00:00:00 | 3041.310059 | 0.0070999999999999995 | 0.0576 | 0.053 | 0.25 | 0.8
2020-06-15 00:00:00 | 3066.590088 | 0.0070999999999999995 | 0.0572 | 0.0526 | 0.25 | 0.8
2020-06-16 00:00:00 | 3124.73999 | 0.0075 | 0.0559 | 0.0515 | 0.25 | 0.8
2020-06-17 00:00:00 | 3113.48999 | 0.0074 | 0.0562 | 0.0517 | 0.25 | 0.8
2020-06-18 00:00:00 | 3115.340088 | 0.0070999999999999995 | 0.0563 | 0.0518 | 0.25 | 0.8
2020-06-19 00:00:00 | 3097.73999 | 0.006999999999999999 | 0.0566 | 0.0522 | 0.25 | 0.8
2020-06-22 00:00:00 | 3117.860107 | 0.0070999999999999995 | 0.0562 | 0.0518 | 0.25 | 0.8
2020-06-23 00:00:00 | 3131.290039 | 0.0072 | 0.0559 | 0.0515 | 0.25 | 0.8
2020-06-24 00:00:00 | 3050.330078 | 0.0069 | 0.0576 | 0.053 | 0.25 | 0.8
2020-06-25 00:00:00 | 3083.76001 | 0.0068000000000000005 | 0.057 | 0.0525 | 0.25 | 0.8
2020-06-26 00:00:00 | 3009.050049 | 0.0064 | 0.0586 | 0.0539 | 0.25 | 0.8
2020-06-29 00:00:00 | 3053.23999 | 0.0064 | 0.0578 | 0.0532 | 0.25 | 0.8
2020-06-30 00:00:00 | 3100.290039 | 0.0066 | 0.0568 | 0.0523 | 0.25 | 0.8
2020-07-01 00:00:00 | 3115.860107 | 0.0069 | 0.0564 | 0.0519 | 0.25 | 0.8
2020-07-02 00:00:00 | 3130.01001 | 0.0068000000000000005 | 0.0562 | 0.0517 | 0.25 | 0.8
2020-07-06 00:00:00 | 3179.719971 | 0.0069 | 0.0553 | 0.0509 | 0.25 | 0.8
2020-07-07 00:00:00 | 3145.320068 | 0.006500000000000001 | 0.0561 | 0.0516 | 0.25 | 0.8
2020-07-08 00:00:00 | 3169.939941 | 0.0067 | 0.0555 | 0.0512 | 0.25 | 0.8
2020-07-09 00:00:00 | 3152.050049 | 0.0062 | 0.0561 | 0.0517 | 0.25 | 0.8
2020-07-10 00:00:00 | 3185.040039 | 0.006500000000000001 | 0.0554 | 0.051 | 0.25 | 0.8
2020-07-13 00:00:00 | 3155.219971 | 0.0064 | 0.0559 | 0.0515 | 0.25 | 0.8
2020-07-14 00:00:00 | 3197.52002 | 0.0063 | 0.0553 | 0.0509 | 0.25 | 0.8
2020-07-15 00:00:00 | 3226.560059 | 0.0064 | 0.0547 | 0.0504 | 0.25 | 0.8
2020-07-16 00:00:00 | 3215.570068 | 0.0062 | 0.055 | 0.0507 | 0.25 | 0.8
2020-07-17 00:00:00 | 3224.72998 | 0.0064 | 0.0547 | 0.0505 | 0.25 | 0.8
2020-07-20 00:00:00 | 3251.840088 | 0.0062 | 0.0544 | 0.0501 | 0.25 | 0.8
2020-07-21 00:00:00 | 3257.300049 | 0.0060999999999999995 | 0.0544 | 0.0501 | 0.25 | 0.8
2020-07-22 00:00:00 | 3276.02002 | 0.006 | 0.0541 | 0.0499 | 0.25 | 0.8
2020-07-23 00:00:00 | 3235.659912 | 0.0059 | 0.0548 | 0.0505 | 0.25 | 0.8
2020-07-24 00:00:00 | 3215.629883 | 0.0059 | 0.0551 | 0.0508 | 0.25 | 0.8
2020-07-27 00:00:00 | 3239.409912 | 0.0062 | 0.0546 | 0.0503 | 0.25 | 0.8
2020-07-28 00:00:00 | 3218.439941 | 0.0059 | 0.055 | 0.0507 | 0.25 | 0.8
2020-07-29 00:00:00 | 3258.439941 | 0.0058 | 0.0544 | 0.0502 | 0.25 | 0.8
2020-07-30 00:00:00 | 3246.219971 | 0.0055000000000000005 | 0.0547 | 0.0505 | 0.25 | 0.8
2020-07-31 00:00:00 | 3271.120117 | 0.0055000000000000005 | 0.0543 | 0.0501 | 0.25 | 0.8
2020-08-03 00:00:00 | 3294.610107 | 0.005600000000000001 | 0.0538 | 0.0496 | 0.25 | 0.8
2020-08-04 00:00:00 | 3306.51001 | 0.0052 | 0.0538 | 0.0496 | 0.25 | 0.8
2020-08-05 00:00:00 | 3327.77002 | 0.0055000000000000005 | 0.0533 | 0.0492 | 0.25 | 0.8
2020-08-06 00:00:00 | 3349.159912 | 0.0055000000000000005 | 0.053 | 0.0489 | 0.25 | 0.8
2020-08-07 00:00:00 | 3351.280029 | 0.005699999999999999 | 0.0529 | 0.0488 | 0.25 | 0.8
2020-08-10 00:00:00 | 3360.469971 | 0.0059 | 0.0526 | 0.0486 | 0.25 | 0.8
2020-08-11 00:00:00 | 3333.689941 | 0.0064 | 0.0528 | 0.0487 | 0.25 | 0.8
2020-08-12 00:00:00 | 3380.350098 | 0.0069 | 0.0519 | 0.0479 | 0.25 | 0.8
2020-08-13 00:00:00 | 3373.429932 | 0.0070999999999999995 | 0.0519 | 0.0479 | 0.25 | 0.8
2020-08-14 00:00:00 | 3372.850098 | 0.0070999999999999995 | 0.0519 | 0.0479 | 0.25 | 0.8
2020-08-17 00:00:00 | 3381.98999 | 0.0069 | 0.0519 | 0.0479 | 0.25 | 0.8
2020-08-18 00:00:00 | 3389.780029 | 0.0067 | 0.0518 | 0.0478 | 0.25 | 0.8
2020-08-19 00:00:00 | 3374.850098 | 0.0068000000000000005 | 0.052 | 0.048 | 0.25 | 0.8
2020-08-20 00:00:00 | 3385.51001 | 0.006500000000000001 | 0.052 | 0.048 | 0.25 | 0.8
2020-08-21 00:00:00 | 3397.159912 | 0.0064 | 0.0519 | 0.0479 | 0.25 | 0.8
2020-08-24 00:00:00 | 3431.280029 | 0.006500000000000001 | 0.0513 | 0.0474 | 0.25 | 0.8
2020-08-25 00:00:00 | 3443.620117 | 0.0069 | 0.051 | 0.047 | 0.25 | 0.8
2020-08-26 00:00:00 | 3478.72998 | 0.0069 | 0.0505 | 0.0466 | 0.25 | 0.8
2020-08-27 00:00:00 | 3484.550049 | 0.0074 | 0.0502 | 0.0463 | 0.25 | 0.8
2020-08-28 00:00:00 | 3508.01001 | 0.0074 | 0.0498 | 0.046 | 0.25 | 0.8
2020-08-31 00:00:00 | 3500.310059 | 0.0072 | 0.05 | 0.0462 | 0.25 | 0.8
2020-09-01 00:00:00 | 3526.649902 | 0.0068000000000000005 | 0.0498 | 0.046 | 0.25 | 0.8
2020-09-02 00:00:00 | 3580.840088 | 0.0066 | 0.0492 | 0.0454 | 0.25 | 0.8
2020-09-03 00:00:00 | 3455.060059 | 0.0063 | 0.051 | 0.0471 | 0.25 | 0.8
2020-09-04 00:00:00 | 3426.959961 | 0.0072 | 0.0511 | 0.0472 | 0.25 | 0.8
2020-09-08 00:00:00 | 3331.840088 | 0.0069 | 0.0527 | 0.0486 | 0.25 | 0.8
2020-09-09 00:00:00 | 3398.959961 | 0.0070999999999999995 | 0.0515 | 0.0476 | 0.25 | 0.8
2020-09-10 00:00:00 | 3339.189941 | 0.0068000000000000005 | 0.0526 | 0.0485 | 0.25 | 0.8
2020-09-11 00:00:00 | 3340.969971 | 0.0067 | 0.0526 | 0.0485 | 0.25 | 0.8
2020-09-14 00:00:00 | 3383.540039 | 0.0068000000000000005 | 0.0519 | 0.0479 | 0.25 | 0.8
2020-09-15 00:00:00 | 3401.199951 | 0.0068000000000000005 | 0.0516 | 0.0476 | 0.25 | 0.8
2020-09-16 00:00:00 | 3385.48999 | 0.0069 | 0.0518 | 0.0478 | 0.25 | 0.8
2020-09-17 00:00:00 | 3357.01001 | 0.0069 | 0.0523 | 0.0482 | 0.25 | 0.8
2020-09-18 00:00:00 | 3319.469971 | 0.006999999999999999 | 0.0528 | 0.0487 | 0.25 | 0.8
2020-09-21 00:00:00 | 3281.060059 | 0.0068000000000000005 | 0.053 | 0.0491 | 0.25 | 0.8
2020-09-22 00:00:00 | 3315.570068 | 0.0068000000000000005 | 0.0537 | 0.0497 | 0.25 | 0.8
2020-09-23 00:00:00 | 3236.919922 | 0.0068000000000000005 | 0.055 | 0.0516 | 0.25 | 0.8
2020-09-24 00:00:00 | 3246.590088 | 0.0067 | 0.0548 | 0.0515 | 0.25 | 0.8
2020-09-25 00:00:00 | 3298.459961 | 0.0066 | 0.054 | 0.0508 | 0.25 | 0.8
2020-09-28 00:00:00 | 3351.600098 | 0.0067 | 0.0532 | 0.0499 | 0.25 | 0.8
2020-09-29 00:00:00 | 3335.469971 | 0.0066 | 0.0535 | 0.0502 | 0.25 | 0.8
2020-09-30 00:00:00 | 3363 | 0.0069 | 0.0529 | 0.0497 | 0.25 | 0.8
2020-10-01 00:00:00 | 3380.800049 | 0.0068000000000000005 | 0.0527 | 0.0495 | 0.2 | 0.8
2020-10-02 00:00:00 | 3348.419922 | 0.006999999999999999 | 0.0531 | 0.0499 | 0.2 | 0.8
2020-10-05 00:00:00 | 3408.600098 | 0.0078000000000000005 | 0.0518 | 0.0487 | 0.2 | 0.8
2020-10-06 00:00:00 | 3360.969971 | 0.0076 | 0.0526 | 0.0494 | 0.2 | 0.8
2020-10-07 00:00:00 | 3419.439941 | 0.008100000000000001 | 0.0515 | 0.0484 | 0.2 | 0.8
2020-10-08 00:00:00 | 3446.830078 | 0.0078000000000000005 | 0.0512 | 0.0481 | 0.2 | 0.8
2020-10-09 00:00:00 | 3477.139893 | 0.0079 | 0.0507 | 0.0477 | 0.2 | 0.8
2020-10-12 00:00:00 | 3534.219971 | 0.0079 | 0.0499 | 0.047 | 0.2 | 0.8
2020-10-13 00:00:00 | 3511.929932 | 0.0074 | 0.0505 | 0.0474 | 0.2 | 0.8
2020-10-14 00:00:00 | 3488.669922 | 0.0073 | 0.0508 | 0.0478 | 0.2 | 0.8
2020-10-15 00:00:00 | 3483.340088 | 0.0074 | 0.0509 | 0.0478 | 0.2 | 0.8
2020-10-16 00:00:00 | 3483.810059 | 0.0076 | 0.0508 | 0.0477 | 0.2 | 0.8
2020-10-19 00:00:00 | 3426.919922 | 0.0078000000000000005 | 0.0515 | 0.0484 | 0.2 | 0.8
2020-10-20 00:00:00 | 3443.120117 | 0.008100000000000001 | 0.0512 | 0.0481 | 0.2 | 0.8
2020-10-21 00:00:00 | 3435.560059 | 0.0083 | 0.0512 | 0.0481 | 0.2 | 0.8
2020-10-22 00:00:00 | 3453.48999 | 0.0087 | 0.0507 | 0.0477 | 0.2 | 0.8
2020-10-23 00:00:00 | 3465.389893 | 0.0085 | 0.0507 | 0.0476 | 0.2 | 0.8
2020-10-26 00:00:00 | 3400.969971 | 0.008100000000000001 | 0.0518 | 0.0486 | 0.2 | 0.8
2020-10-27 00:00:00 | 3390.679932 | 0.0079 | 0.052 | 0.0489 | 0.2 | 0.8
2020-10-28 00:00:00 | 3271.030029 | 0.0079 | 0.0539 | 0.0506 | 0.2 | 0.8
2020-10-29 00:00:00 | 3310.110107 | 0.0085 | 0.053 | 0.0498 | 0.2 | 0.8
2020-10-30 00:00:00 | 3269.96 | 0.0088 | 0.0535 | 0.0502 | 0.2 | 0.8
2020-11-02 00:00:00 | 3310.23999 | 0.0087 | 0.0529 | 0.0497 | 0.2 | 0.8
2020-11-03 00:00:00 | 3369.159912 | 0.009000000000000001 | 0.0518 | 0.0487 | 0.2 | 0.8
2020-11-04 00:00:00 | 3443.439941 | 0.0078000000000000005 | 0.0513 | 0.0482 | 0.2 | 0.8
2020-11-05 00:00:00 | 3510.449951 | 0.0079 | 0.0503 | 0.0473 | 0.2 | 0.8
2020-11-06 00:00:00 | 3509.439941 | 0.0083 | 0.0501 | 0.0471 | 0.2 | 0.8
2020-11-09 00:00:00 | 3550.5 | 0.0096 | 0.049 | 0.0467 | 0.15 | 0.8
2020-11-10 00:00:00 | 3545.530029 | 0.0098 | 0.049 | 0.0467 | 0.15 | 0.8
2020-11-11 00:00:00 | 3572.659912 | 0.0098 | 0.0486 | 0.0463 | 0.15 | 0.8
2020-11-12 00:00:00 | 3537.01001 | 0.0088 | 0.0495 | 0.0472 | 0.15 | 0.8
2020-11-13 00:00:00 | 3585.149902 | 0.0089 | 0.0488 | 0.0465 | 0.15 | 0.8
2020-11-16 00:00:00 | 3626.909912 | 0.0091 | 0.0482 | 0.0459 | 0.15 | 0.8
2020-11-17 00:00:00 | 3609.530029 | 0.0087 | 0.0486 | 0.0464 | 0.15 | 0.8
2020-11-18 00:00:00 | 3567.790039 | 0.0088 | 0.0491 | 0.0468 | 0.15 | 0.8
2020-11-19 00:00:00 | 3581.870117 | 0.0086 | 0.049 | 0.0467 | 0.15 | 0.8
2020-11-20 00:00:00 | 3557.540039 | 0.0083 | 0.0495 | 0.0471 | 0.15 | 0.8
2020-11-23 00:00:00 | 3577.590088 | 0.0086 | 0.049 | 0.0468 | 0.15 | 0.8
2020-11-24 00:00:00 | 3635.409912 | 0.0088 | 0.0482 | 0.046 | 0.15 | 0.8
2020-11-25 00:00:00 | 3629.649902 | 0.0088 | 0.0483 | 0.046 | 0.15 | 0.8
2020-11-27 00:00:00 | 3638.350098 | 0.0084 | 0.0483 | 0.0461 | 0.15 | 0.8
2020-11-30 00:00:00 | 3621.629883 | 0.0084 | 0.0497 | 0.0473 | 0.15 | 0.8
2020-12-01 00:00:00 | 3662.449951 | 0.0092 | 0.0488 | 0.0465 | 0.15 | 0.8
2020-12-02 00:00:00 | 3669.01001 | 0.0095 | 0.0486 | 0.0463 | 0.15 | 0.8
2020-12-03 00:00:00 | 3666.719971 | 0.0092 | 0.0487 | 0.0464 | 0.15 | 0.8
2020-12-04 00:00:00 | 3699.120117 | 0.0097 | 0.0481 | 0.0458 | 0.15 | 0.8
2020-12-07 00:00:00 | 3691.959961 | 0.009399999999999999 | 0.0483 | 0.046 | 0.15 | 0.8
2020-12-08 00:00:00 | 3702.25 | 0.0092 | 0.0483 | 0.046 | 0.15 | 0.8
2020-12-09 00:00:00 | 3672.820068 | 0.0095 | 0.0485 | 0.0462 | 0.15 | 0.8
2020-12-10 00:00:00 | 3668.100098 | 0.0092 | 0.0487 | 0.0464 | 0.15 | 0.8
2020-12-11 00:00:00 | 3663.459961 | 0.009000000000000001 | 0.0489 | 0.0465 | 0.15 | 0.8
2020-12-14 00:00:00 | 3647.48999 | 0.009000000000000001 | 0.0491 | 0.0467 | 0.15 | 0.8
2020-12-15 00:00:00 | 3694.620117 | 0.0092 | 0.0502 | 0.048 | 0.15 | 0.8 | Updated growth
2020-12-16 00:00:00 | 3701.169922 | 0.0092 | 0.0501 | 0.0479 | 0.15 | 0.8
2020-12-17 00:00:00 | 3722.47998 | 0.009399999999999999 | 0.0498 | 0.0475 | 0.15 | 0.8
2020-12-18 00:00:00 | 3709.409912 | 0.0095 | 0.0499 | 0.0477 | 0.15 | 0.8
2020-12-21 00:00:00 | 3694.919922 | 0.0095 | 0.0501 | 0.0478 | 0.15 | 0.8
2020-12-22 00:00:00 | 3687.26001 | 0.009300000000000001 | 0.0503 | 0.048 | 0.15 | 0.8
2020-12-23 00:00:00 | 3690.01001 | 0.0096 | 0.0501 | 0.0479 | 0.15 | 0.8
2020-12-24 00:00:00 | 3703.060059 | 0.009399999999999999 | 0.05 | 0.0478 | 0.15 | 0.8
2020-12-28 00:00:00 | 3735.36 | 0.0095 | 0.0496 | 0.0473 | 0.15 | 0.8
2020-12-29 00:00:00 | 3727.04 | 0.0092 | 0.0498 | 0.0476 | 0.15 | 0.8
2020-12-30 00:00:00 | 3732.04 | 0.0093 | 0.0497 | 0.0475 | 0.15 | 0.8
2020-12-31 00:00:00 | 3756.07 | 0.0093 | 0.0494 | 0.0472 | 0.15 | 0.8
