Source: http://www.stern.nyu.edu/~adamodar/pc/blog/CountryRisk2019.xlsx

Sheet: Country
Standard Deviation in Stock Returns | HiLo Risk Measure | Correlation with Market | Beta | Coefficient of Variation: Operating Income | Coefficient of Variation: Net Income | EBITDA | Operating Income | Net Income
Country | # Firms | Average | Q1 | Median | Q3 | Average | Q1 | Median | Q3 | Average | Q1 | Median | Q3 | Average | Q1 | Median | Q3 | Average | Q1 | Median | Q3 | Average | Q1 | Median | Q3 | % Positive | % Negative | % Positive | % Negative | % Positive | % Negative
Antigua & Barbuda | 1 | 0.8450184501845018 | 0.8450184501845018 | 0.8450184501845018 | 0.8450184501845018 | 0.06324555320336758 | 0.06324555320336758 | 0.06324555320336758 | 0.06324555320336758 | 2.510837209302326 | 2.510837209302326 | 2.510837209302326 | 2.510837209302326 | 0 | 1 | 0 | 1 | 0 | 1
Argentina | 71 | 0.4081099039312681 | 0.3431630295717545 | 0.3878742384722996 | 0.4458284256018529 | 0.3824486963232363 | 0.2798948751642575 | 0.3405017921146953 | 0.475609756097561 | 0.2766395658880198 | 0.1949358868961793 | 0.2837238509448866 | 0.3535533905932738 | 1.927697674418605 | 1.33 | 1.912883720930233 | 2.608558139534884 | 0.7848311888348276 | 0.4430545699339592 | 0.6667256235842038 | 1.124947276646559 | 0.7897452396246518 | 0.4717580093816867 | 0.7653048105944316 | 1.050350934739055 | 0.9206349206349206 | 0.07936507936507942 | 0.676056338028169 | 0.323943661971831 | 0.9047619047619048 | 0.09523809523809523
Australia | 1558 | 0.6507535826599311 | 0.3750494367413448 | 0.63 | 0.8570134187980957 | 0.4316963808590797 | 0.2619047619047619 | 0.4170277916105996 | 0.5789473684210527 | 0.150811390464494 | 0.07071067811865475 | 0.1341640786499874 | 0.2073644135332772 | 0.8967153490759737 | 0.3711375 | 0.7671875000000001 | 1.3244625 | 0.8826759989327305 | 0.5365486837659332 | 0.8437112251476262 | 1.182049017712905 | 1.018446144266479 | 0.6037452500735109 | 0.9752225909193069 | 1.347858845590295 | 0.40984743411927876 | 0.5901525658807212 | 0.3385012919896641 | 0.6614987080103358 | 0.3581124757595346 | 0.6418875242404654
Austria | 60 | 0.3268205368505405 | 0.2220084010132994 | 0.28401302425012 | 0.3707112400904669 | 0.2480647903025179 | 0.1584638846527104 | 0.2042840714647705 | 0.3084511339367436 | 0.318053151370754 | 0.204939015319192 | 0.3178049716414141 | 0.4135214625627067 | 1.213923387096774 | 0.7002096774193549 | 1.304467741935484 | 1.563209677419355 | 0.5895478400218619 | 0.304341844255131 | 0.5311403369487588 | 0.8124198642851604 | 0.7487422125890953 | 0.4600015641085929 | 0.7379755266588722 | 1.048196772439877 | 0.9464285714285714 | 0.0535714285714286 | 0.864406779661017 | 0.13559322033898302 | 0.8596491228070176 | 0.14035087719298245
Azerbaijan | 1 | 0.6228255981527138 | 0.6228255981527138 | 0.6228255981527138 | 0.6228255981527138 | 0.5048543689320389 | 0.5048543689320389 | 0.5048543689320389 | 0.5048543689320389 | 0.1870828693386971 | 0.1870828693386971 | 0.1870828693386971 | 0.1870828693386971 | 1.205209302325581 | 1.205209302325581 | 1.205209302325581 | 1.205209302325581 | 1.15711470418309 | 1.15711470418309 | 1.15711470418309 | 1.15711470418309 | 1.318458558705294 | 1.318458558705294 | 1.318458558705294 | 1.318458558705294 | 1 | 0 | 1 | 0 | 1 | 0
Bahamas | 6 | 0.2718796603864942 | 0.1005604295933545 | 0.2718796603864942 | 0.4431988911796341 | 0.6735747285558308 | 0.5726495726495726 | 0.7295285359801489 | 0.9148936170212766 | 0.152108785916815 | 0.1264911064067352 | 0.1341640786499874 | 0.2 | 3.003418604651163 | 0.9355813953488373 | 1.889802325581396 | 3.645813953488372 | 1.052039525915583 | 0.5220979591471793 | 1.130187082937292 | 1.488274988656738 | 0.8317519658058442 | 0.6130712957743599 | 0.6192479487488461 | 1.089490394279559 | 0.5 | 0.5 | 0.5 | 0.5 | 0.5 | 0.5
Bahrain | 24 | 0.2515741448333654 | 0.1019646997739904 | 0.1729164778317795 | 0.4055935821067116 | 0.2110130367516296 | 0.06825938566552897 | 0.1091459117551006 | 0.2927308447937132 | 0.1079796911596479 | 0.05477225575051661 | 0.0994936153005124 | 0.1341640786499874 | 0.2470182002022245 | -0.1107209302325581 | 0.1124186046511628 | 0.4891627906976745 | 0.5935294030226889 | 0.1954645952310335 | 0.2854974545421963 | 0.7599385829390901 | 0.7814202364252132 | 0.2268569981583018 | 0.4704449792483384 | 1.360361915794494 | 0.9375 | 0.0625 | 0.7916666666666666 | 0.20833333333333337 | 0.9375 | 0.0625
Bangladesh | 310 | 0.2839693892552659 | 0.2267141600007101 | 0.2713800027311388 | 0.3300436334789689 | 0.2822090950892859 | 0.1925465838509316 | 0.2574186113511956 | 0.3468733297701764 | 0.1196619437196279 | 0.06324555320336758 | 0.1 | 0.158113883008419 | 0.0409886928628709 | -0.3265348837209303 | 0.01533720930232558 | 0.3040232558139536 | 0.4986492003908426 | 0.2972356406540021 | 0.4177531184584308 | 0.6115979779454479 | 0.573560744451169 | 0.3287047199762475 | 0.4383177141910147 | 0.6707591389709817 | 0.946236559139785 | 0.053763440860215006 | 0.9120879120879121 | 0.08791208791208793 | 0.9230769230769231 | 0.07692307692307687
Barbados | 4 | 0.2735904223300225 | 0.2308462691922917 | 0.2735904223300225 | 0.3163345754677532 | 0.1604545617931835 | 0.1111111111111111 | 0.1617331617331617 | 0.2295488349033218 | 0.1232278019845666 | 0.03162277660168379 | 0.1483239697419133 | 0.1897366596101027 | 0.6423953488372094 | 0.1122558139534884 | 0.8319534883720932 | 0.9829767441860466 | 0.1657330275635884 | 0.1657330275635884 | 0.1657330275635884 | 0.1657330275635884 | 0.903439846199708 | 0.8731833384380693 | 0.903439846199708 | 0.9336963539613466 | 1 | 0 | 0.75 | 0.25 | 1 | 0
Belgium | 134 | 0.2929919261405346 | 0.1677164855111003 | 0.2459370795866397 | 0.3489968981974715 | 0.2473549005827474 | 0.1115824201720278 | 0.1971767874028341 | 0.3134751773049645 | 0.2488462501003915 | 0.1095445115010332 | 0.223606797749979 | 0.3492849839314596 | 0.956000520291363 | 0.3213548387096775 | 0.8169758064516129 | 1.339145161290323 | 0.652819116857561 | 0.2763013931848894 | 0.4800266227951792 | 1.056590844914341 | 0.9748061782392607 | 0.5276352196395045 | 0.9391876457769123 | 1.362117354410082 | 0.8695652173913043 | 0.13043478260869568 | 0.7741935483870968 | 0.22580645161290325 | 0.7804878048780488 | 0.2195121951219512
Belize | 1 | 1.0483816099112 | 1.0483816099112 | 1.0483816099112 | 1.0483816099112 | 0.3037542662116042 | 0.3037542662116042 | 0.3037542662116042 | 0.3037542662116042 | 0.1224744871391589 | 0.1224744871391589 | 0.1224744871391589 | 0.1224744871391589 | 1.915093023255814 | 1.915093023255814 | 1.915093023255814 | 1.915093023255814 | 1.507566188040965 | 1.507566188040965 | 1.507566188040965 | 1.507566188040965 | NA | NA | 1 | 0 | NA | NA
Benin | 1 | 0.341525987298185 | 0.341525987298185 | 0.341525987298185 | 0.341525987298185 | 0.4606741573033707 | 0.4606741573033707 | 0.4606741573033707 | 0.4606741573033707 | 0.03162277660168379 | 0.03162277660168379 | 0.03162277660168379 | 0.03162277660168379 | 0.1026279069767442 | 0.1026279069767442 | 0.1026279069767442 | 0.1026279069767442 | 0.2703559524848941 | 0.2703559524848941 | 0.2703559524848941 | 0.2703559524848941 | NA | NA | 1 | 0 | NA | NA
Bermuda | 75 | 0.3525809788453826 | 0.2068372357803671 | 0.3027148440478237 | 0.4533674703349312 | 0.3451827689994838 | 0.1540885719024714 | 0.2755825734549138 | 0.44 | 0.2975168464659251 | 0.1897366596101027 | 0.3130332168567156 | 0.3898717737923585 | 2.165987043189369 | 1.202069767441861 | 1.923104651162791 | 2.660767441860465 | 0.8470912491049489 | 0.4471444442362443 | 0.7883097003868852 | 1.225392455887027 | 1.016456202252701 | 0.6537066016212878 | 0.9730579561578512 | 1.44955257930254 | 0.8548387096774194 | 0.14516129032258063 | 0.6 | 0.4 | 0.6231884057971014 | 0.37681159420289856
Botswana | 10 | 0.09079166154254421 | 0.05312626469082878 | 0.0657753753315023 | 0.1029718408109712 | 0.09619675761695994 | 0.05214368482039402 | 0.07538373544467267 | 0.1123595505617978 | 0.0810951244313274 | 0.03162277660168379 | 0.09486832980505137 | 0.1048808848170152 | -0.014640826873385 | -0.124 | -0.0157906976744186 | 0.1054651162790698 | 0.1706088936480856 | 0.1706088936480856 | 0.1706088936480856 | 0.1706088936480856 | 0.3360146585344477 | 0.2364377370373845 | 0.3288858012481262 | 0.4745615164753269 | 1 | 0 | 0.8888888888888888 | 0.11111111111111116 | 0.8888888888888888 | 0.11111111111111116
Brazil | 196 | 0.3361352402037935 | 0.235869827679922 | 0.2982187734651757 | 0.3743456004435321 | 0.3270294796425643 | 0.2106796116504854 | 0.2836858070751774 | 0.4031946638581709 | 0.1678048814660844 | 0.07071067811865475 | 0.1532884213646639 | 0.2366431913239846 | 1.187016488249046 | 0.6174883720930233 | 1.178558139534884 | 1.679093023255814 | 0.7465933088331747 | 0.402756836122582 | 0.6368463841505687 | 1.017738600079235 | 0.8956298543266413 | 0.5105189519797747 | 0.8563900213074072 | 1.24144057452772 | 0.7650273224043715 | 0.23497267759562845 | 0.6683673469387755 | 0.33163265306122447 | 0.7291666666666666 | 0.27083333333333337
British Virgin Islands | 24 | 0.7157226938967028 | 0.3737046593418298 | 0.5972508446445023 | 1.223577574165202 | 0.4590115946627906 | 0.3004484304932735 | 0.4828571428571429 | 0.6 | 0.1270705445795952 | 0.07071067811865475 | 0.09486832980505137 | 0.1673320053068151 | 1.563198837209303 | 0.9545813953488373 | 1.630325581395349 | 2.356744186046512 | 1.220663531991642 | 0.859646197983869 | 1.342366765410869 | 1.372504119078188 | 1.458975759467637 | 1.217937891161691 | 1.554544995532614 | 1.716734934300596 | 0.4166666666666667 | 0.5833333333333333 | 0.30434782608695654 | 0.6956521739130435 | 0.2727272727272727 | 0.7272727272727273
Bulgaria | 93 | 0.2244252350567103 | 0.1407310781726494 | 0.2225991956675643 | 0.316017454547921 | 0.1785136809434259 | 0.09322033898305082 | 0.1502145922746781 | 0.2291483757682177 | 0.09614213394955484 | 0.05477225575051661 | 0.08944271909999159 | 0.1224744871391589 | 0.289584942845881 | -0.01227906976744186 | 0.2435116279069768 | 0.5658604651162791 | 0.9978543683344411 | 0.7404122251065232 | 1.077989530450688 | 1.354830443279177 | 1.045764317795673 | 0.532226854075554 | 0.9806986167074698 | 1.457607823407005 | 0.8444444444444444 | 0.15555555555555556 | 0.8653846153846154 | 0.13461538461538458 | 0.7142857142857143 | 0.2857142857142857
Burkina Faso | 3 | 0.2588906202054761 | 0.1543252595155709 | 0.1770657672849916 | 0.4452808338158657 | 0.1565247584249853 | 0.1341640786499874 | 0.1565247584249853 | 0.1788854381999832 | -0.1823333333333333 | -0.8701627906976744 | 0.01693023255813954 | 0.3062325581395349 | 0.4840711516585492 | 0.4840711516585492 | 0.4840711516585492 | 0.4840711516585492 | NA | NA | 1 | 0 | 1 | 0
Cambodia | 1 | 0.4051666323872191 | 0.4051666323872191 | 0.4051666323872191 | 0.4051666323872191 | 0.2111801242236024 | 0.2111801242236024 | 0.2111801242236024 | 0.2111801242236024 | 0.3376388603226826 | 0.3376388603226826 | 0.3376388603226826 | 0.3376388603226826 | 2.727906976744186 | 2.727906976744186 | 2.727906976744186 | 2.727906976744186 | 0.6092805327627677 | 0.6092805327627677 | 0.6092805327627677 | 0.6092805327627677 | 0.4877107570993742 | 0.4877107570993742 | 0.4877107570993742 | 0.4877107570993742 | 1 | 0 | 1 | 0 | 1 | 0
Cameroon | 2 | 0.2561444904736387 | 0.2561444904736387 | 0.2561444904736387 | 0.2561444904736387 | 0.5854700854700855 | 0.1709401709401709 | 0.5854700854700855 | 1 | 0.06324555320336758 | 0.06324555320336758 | 0.06324555320336758 | 0.06324555320336758 | 0.7467906976744186 | 0.7467906976744186 | 0.7467906976744186 | 0.7467906976744186 | 1 | 0 | 1 | 0 | 1 | 0
Canada | 2745 | 0.7678970251194468 | 0.4441399261185632 | 0.7582135221862143 | 1.075505800669028 | 0.5254412436859897 | 0.3486842105263158 | 0.5244596131968147 | 0.7010309278350516 | 0.1563889546154851 | 0.07071067811865475 | 0.1264911064067352 | 0.2073644135332772 | 1.476871239166319 | 0.6314375000000001 | 1.2619375 | 2.0681375 | 0.9687773774037033 | 0.5847450215879073 | 0.8858834514638347 | 1.241380108224126 | 1.067345345251705 | 0.6814648366041536 | 0.994267521751385 | 1.355097710542182 | 0.3979695431472081 | 0.6020304568527919 | 0.24352941176470588 | 0.7564705882352941 | 0.24163715072805983 | 0.7583628492719402
Cayman Islands | 39 | 0.3999133363122473 | 0.2371772462818602 | 0.3363596082268375 | 0.4416120752425142 | 0.3651152738676666 | 0.2497358224727016 | 0.3553719008264463 | 0.455044612216884 | 0.2373007686650728 | 0.1224744871391589 | 0.2529822128134703 | 0.3535533905932738 | 1.62568194254446 | 0.9450697674418604 | 1.517872093023256 | 2.238325581395349 | 0.7530474453827736 | 0.5047751057310491 | 0.6621479978595943 | 1.108059140134217 | 0.8491980163716971 | 0.4847955353351704 | 0.7362825958249493 | 1.139451104426956 | 0.8055555555555556 | 0.19444444444444442 | 0.6578947368421053 | 0.3421052631578947 | 0.7105263157894737 | 0.2894736842105263
Channel Islands | 2 | 0.1145392817282504 | 0.1145392817282504 | 0.1145392817282504 | 0.1145392817282504 | 0.5462555066079295 | 0.09251101321585901 | 0.5462555066079295 | 1 | 0.1946649522325249 | 0.1843908891458577 | 0.1946649522325249 | 0.204939015319192 | 0.3809069767441861 | 0.3809069767441861 | 0.3809069767441861 | 0.3809069767441861 | 0.9856902292974387 | 0.3764312745839172 | 0.9856902292974387 | 1.59494918401096 | 1.401211146806713 | 1.11146005314882 | 1.401211146806713 | 1.690962240464605 | NA | NA | 1 | 0 | 1 | 0
Chile | 131 | 0.2467027119115334 | 0.1594785532766832 | 0.210047380121048 | 0.2997839221839623 | 0.1817926467364482 | 0.1017543859649123 | 0.1526997338830095 | 0.2478729438457175 | 0.1479201318817281 | 0.07745966692414834 | 0.130384048104053 | 0.216794833886788 | 0.6786309956395347 | 0.1813488372093023 | 0.5904883720930232 | 0.977046511627907 | 0.6461631758299389 | 0.2715955039827599 | 0.4764018003821179 | 0.9788101649429146 | 0.7535438526377354 | 0.3391945473487892 | 0.5732545929643297 | 1.099759588133708 | 0.8991596638655462 | 0.10084033613445376 | 0.8615384615384616 | 0.1384615384615384 | 0.8174603174603174 | 0.18253968253968256
China | 4384 | 0.3664309253838605 | 0.2705621733634848 | 0.3292862792933842 | 0.4146 | 0.3727347694269679 | 0.2818096135721018 | 0.3501144164759726 | 0.4339622641509434 | 0.2189490243260711 | 0.1414213562373095 | 0.2121320343559643 | 0.2880972058177587 | 1.63615691818638 | 1.099813953488372 | 1.505790697674419 | 2.008953488372093 | 0.8473430194499603 | 0.5186482280523266 | 0.7795411827367141 | 1.126356118237076 | 0.8028660846150912 | 0.4437884877687669 | 0.6577949903996912 | 1.062199231425208 | 0.9098571763053149 | 0.09014282369468507 | 0.8630232558139534 | 0.13697674418604655 | 0.853345768244346 | 0.14665423175565395
Colombia | 31 | 0.157399730891304 | 0.1130383457311447 | 0.1516084754430869 | 0.1767743113205568 | 0.2462378231719196 | 0.1197846567967699 | 0.1861671469740634 | 0.2967189728958631 | 0.2087770626699729 | 0.1 | 0.1829024141133464 | 0.3098386676965934 | 0.7441523656776262 | 0.1988372093023256 | 0.6427906976744187 | 1.114279069767442 | 0.5980614925901915 | 0.3583460917769551 | 0.5717303968697769 | 0.679308668669667 | 0.5522475609742231 | 0.3009475774421234 | 0.4612730732965104 | 0.6944138754826032 | 1 | 0 | 0.9642857142857143 | 0.0357142857142857 | 0.875 | 0.125
Costa Rica | 1 | 0.208817161975989 | 0.208817161975989 | 0.208817161975989 | 0.208817161975989 | 0 | 1 | 0 | 1 | 0 | 1
Croatia | 65 | 0.2962085918204048 | 0.1475804865149861 | 0.2215840178282846 | 0.3580788739928676 | 0.2349611635365015 | 0.1066801847470992 | 0.1678200692041523 | 0.2991452991452991 | 0.09777366029143067 | 0.04472135954999579 | 0.06324555320336758 | 0.130384048104053 | 0.1996100178890877 | -0.02374418604651164 | 0.1968837209302326 | 0.3973488372093024 | 0.850101703580168 | 0.467199755825061 | 0.8431285510899877 | 1.218144961537724 | 0.9430700616569179 | 0.438644342805647 | 0.886799068535969 | 1.264857766997153 | 0.803921568627451 | 0.196078431372549 | 0.660377358490566 | 0.339622641509434 | 0.7058823529411765 | 0.2941176470588235
Curaçao | 3 | 0.1334391529768149 | 0.1334391529768149 | 0.1334391529768149 | 0.1334391529768149 | 0.4562984443323064 | 0.1169843493088119 | 0.3998752339363694 | 0.8520357497517379 | 0.1919555383325013 | 0.04472135954999579 | 0.07071067811865475 | 0.4604345773288535 | 0.004775193798449632 | -0.703953488372093 | -0.4309767441860465 | 1.149255813953489 | 0.4087163544602707 | 0.3051914956120473 | 0.4087163544602707 | 0.5122412133084941 | 0.523990956436241 | 0.2056660615046649 | 0.523990956436241 | 0.8423158513678172 | 1 | 0 | 1 | 0 | 1 | 0
Cyprus | 52 | 0.4726161649454299 | 0.3032108177489715 | 0.4177978369755977 | 0.610952043944531 | 0.2991355176786377 | 0.1450719822812846 | 0.2508461500174207 | 0.3793103448275862 | 0.1237899760456596 | 0.05477225575051661 | 0.1048808848170152 | 0.1732050807568877 | 0.5682426367461432 | 0.04767741935483871 | 0.2278145161290323 | 0.6427096774193548 | 1.112700729511891 | 0.6138584064240454 | 1.128586031798636 | 1.403942237637404 | 1.242957160097052 | 0.9674035937972714 | 1.313878136294812 | 1.568700148897936 | 0.868421052631579 | 0.13157894736842102 | 0.6938775510204082 | 0.30612244897959184 | 0.7391304347826086 | 0.26086956521739135
Czech Republic | 11 | 0.1455396272862672 | 0.1237305828922548 | 0.1374615582626648 | 0.1547128036489005 | 0.1186120677282358 | 0.08700741318767066 | 0.09223402040391421 | 0.1520493609519613 | 0.2085244880110497 | 0.161245154965971 | 0.2073644135332772 | 0.2366431913239846 | 0.3407204301075269 | 0.1433387096774194 | 0.3569354838709677 | 0.5606774193548387 | 0.364794429160669 | 0.1772170017864634 | 0.4375915951780238 | 0.4594594921540526 | 0.47283465688801 | 0.1970821045877435 | 0.455569264261844 | 0.4834902270469048 | 1 | 0 | 1 | 0 | 1 | 0
Denmark | 161 | 0.3678701919794846 | 0.2211251610335316 | 0.2997633352210659 | 0.4582051942088828 | 0.2943249673257062 | 0.1684801282785477 | 0.2373689227836034 | 0.3826578699340246 | 0.2187478760148685 | 0.1224744871391589 | 0.1923538406167135 | 0.3146426544510454 | 0.8896658986175117 | 0.4818548387096774 | 0.8518225806451613 | 1.253274193548387 | 0.8289012198723753 | 0.4110074752824281 | 0.6576191236384052 | 1.267571743726227 | 1.001913470896791 | 0.5241274748101263 | 0.936715558314636 | 1.3413867544359 | 0.8048780487804879 | 0.19512195121951215 | 0.695364238410596 | 0.304635761589404 | 0.6992481203007519 | 0.3007518796992481
Dominican Republic | 3 | 0.92051658311913 | 0.7627118644067796 | 0.9988378849506102 | 1 | 0.09727510777288984 | 0.06324555320336758 | 0.08366600265340755 | 0.1449137674618944 | 5.309767441860465 | -2.006279069767442 | 8.713953488372093 | 9.221627906976744 | NA | NA | 0 | 1 | 0 | 1
Ecuador | 2 | 0.225708484554746 | 0.225708484554746 | 0.225708484554746 | 0.225708484554746 | 0.2812248186946011 | 0.1506849315068493 | 0.2812248186946011 | 0.4117647058823529 | 0.07071067811865475 | 0.07071067811865475 | 0.07071067811865475 | 0.07071067811865475 | 0.1766046511627907 | 0.1197441860465116 | 0.1766046511627907 | 0.2334651162790698 | 0.1818022806498386 | 0.1818022806498386 | 0.1818022806498386 | 0.1818022806498386 | 0.3319312963140058 | 0.1821503936141199 | 0.3319312963140058 | 0.4817121990138916 | NA | NA | 1 | 0 | NA | NA
Egypt | 192 | 0.3379779241731489 | 0.2721922594177809 | 0.3237113715037321 | 0.3746422293335336 | 0.3190991475050916 | 0.2523171987641606 | 0.3152996637101608 | 0.3941368078175896 | 0.08502380472446326 | 0.04472135954999579 | 0.07071067811865475 | 0.1140175425099138 | 0.3553218703612073 | 0.01560465116279075 | 0.321639534883721 | 0.7207209302325582 | 0.7753183699753156 | 0.4286017768717663 | 0.7042520917287634 | 1.104589016884645 | 0.8462984532391221 | 0.4533031283717088 | 0.8622829097701118 | 1.168938380734504 | 0.8271604938271605 | 0.1728395061728395 | 0.8142076502732241 | 0.18579234972677594 | 0.7791411042944786 | 0.22085889570552142
Estonia | 17 | 0.2078513838785438 | 0.148922127301486 | 0.2020695424847594 | 0.2199854540645812 | 0.1760842952250353 | 0.1287128712871287 | 0.1660516605166052 | 0.2046589018302829 | 0.1742926312629874 | 0.08944271909999159 | 0.1264911064067352 | 0.2529822128134703 | 0.5071831395348838 | 0.2266744186046512 | 0.4570581395348837 | 0.6924883720930234 | 0.778308907172296 | 0.3348475834514668 | 0.6320180791828099 | 1.309559663259509 | 1.043202347166996 | 0.5763987895637879 | 1.045951705006015 | 1.481773928899795 | 1 | 0 | 0.7647058823529411 | 0.23529411764705888 | 0.8823529411764706 | 0.11764705882352944
Falkland Islands | 1 | 0.6459013635444436 | 0.6459013635444436 | 0.6459013635444436 | 0.6459013635444436 | 0.69377990430622 | 0.69377990430622 | 0.69377990430622 | 0.69377990430622 | 0.2898275349237888 | 0.2898275349237888 | 0.2898275349237888 | 0.2898275349237888 | 3.134441860465117 | 3.134441860465117 | 3.134441860465117 | 3.134441860465117 | 0.6579523901685833 | 0.6579523901685833 | 0.6579523901685833 | 0.6579523901685833 | 0.8220046008371571 | 0.8220046008371571 | 0.8220046008371571 | 0.8220046008371571 | NA | NA | 1 | 0 | 0 | 1
Finland | 158 | 0.339938100740286 | 0.2470955648768673 | 0.2997146865731937 | 0.3870627856046096 | 0.297953758210835 | 0.1738148984198646 | 0.2455993767886046 | 0.3664596273291926 | 0.2698466716965293 | 0.1673320053068151 | 0.2720294101747089 | 0.360555127546399 | 1.11360255839822 | 0.7890967741935484 | 1.066967741935484 | 1.351903225806452 | 0.7106841533284267 | 0.3353515236768772 | 0.5402579495169968 | 1.127914850098138 | 0.8798143779608854 | 0.5395687357998785 | 0.8689441148683197 | 1.133911856316068 | 0.8933333333333333 | 0.10666666666666669 | 0.7290322580645161 | 0.2709677419354839 | 0.7973856209150327 | 0.20261437908496727
France | 665 | 0.390883401133877 | 0.2389718767862379 | 0.3335420299067056 | 0.4722575568479555 | 0.3231325633949747 | 0.1868605277329025 | 0.2817904374364191 | 0.4218996528873462 | 0.2693033740371669 | 0.1449137674618944 | 0.2509980079602226 | 0.3911521443121589 | 1.24043829798322 | 0.6097903225806451 | 1.208645161290323 | 1.713306451612904 | 0.6779621297503726 | 0.289375157073484 | 0.5063794946000735 | 0.9876671223878815 | 0.8097836402534466 | 0.3583637890449976 | 0.7029870445724662 | 1.152100587510843 | 0.738831615120275 | 0.26116838487972505 | 0.6650406504065041 | 0.33495934959349594 | 0.6946308724832215 | 0.30536912751677847
Gabon | 1 | 0.2913380324988961 | 0.2913380324988961 | 0.2913380324988961 | 0.2913380324988961 | 0.1671882917523622 | 0.1671882917523622 | 0.1671882917523622 | 0.1671882917523622 | 0.3492849839314596 | 0.3492849839314596 | 0.3492849839314596 | 0.3492849839314596 | 1.965186046511628 | 1.965186046511628 | 1.965186046511628 | 1.965186046511628 | 1.039653215254573 | 1.039653215254573 | 1.039653215254573 | 1.039653215254573 | 0.805235852389331 | 0.805235852389331 | 0.805235852389331 | 0.805235852389331 | 1 | 0 | 1 | 0 | 1 | 0
Gambia | 1 | 0.3333333333333334 | 0.3333333333333334 | 0.3333333333333334 | 0.3333333333333334 | NA | NA | NA | NA | NA | NA
Germany | 625 | 0.3960614302559141 | 0.2471725241939684 | 0.3465703768168256 | 0.481931115409661 | 0.3313405651520582 | 0.179611650485437 | 0.2770601782317012 | 0.4138248847926267 | 0.2666861410950545 | 0.1264911064067352 | 0.2469817807045694 | 0.3924283374069717 | 1.27614693521096 | 0.5915645161290324 | 1.152193548387097 | 1.799451612903226 | 0.8568947640713338 | 0.4282366022501848 | 0.7450183156744741 | 1.172139316985442 | 0.9932254659490782 | 0.5284848035255223 | 0.939589533707417 | 1.360928127607356 | 0.8452830188679246 | 0.15471698113207544 | 0.7410071942446043 | 0.25899280575539574 | 0.7454545454545455 | 0.2545454545454545
Ghana | 18 | 0.2881962390736304 | 0.2694794982925417 | 0.3016812887800634 | 0.3224406922210657 | 0.3096083560512995 | 0.2 | 0.2849189058339385 | 0.3820224719101123 | 0.1073786816953699 | 0.05477225575051661 | 0.1140175425099138 | 0.1483239697419133 | 0.5239452804377566 | 0.2324186046511628 | 0.5784418604651163 | 0.9768139534883722 | 0.6168422127018971 | 0.4409484795322009 | 0.542496957045831 | 0.8423668978671826 | 0.6778190927255324 | 0.4456953402317959 | 0.5691808141665589 | 1.051600049428095 | 0.9166666666666666 | 0.08333333333333337 | 0.8888888888888888 | 0.11111111111111116 | 0.9166666666666666 | 0.08333333333333337
Gibraltar | 5 | 0.9277932521248986 | 0.3151456805986717 | 1.067977527853466 | 1.400256547922558 | 0.5128347621937771 | 0.3617021276595744 | 0.4457429048414024 | 0.6666666666666666 | 0.1414889226895976 | 0.06324555320336758 | 0.1224744871391589 | 0.2387467277262665 | 1.279052419354839 | 1.12033870967742 | 1.151241935483871 | 1.965645161290323 | 0.8678848021024594 | 0.4329632476884149 | 0.8678848021024594 | 1.302806356516504 | 1.091636587632695 | 0.6192903986620628 | 1.091636587632695 | 1.563982776603327 | 0.25 | 0.75 | 0.25 | 0.75 | 0.25 | 0.75
Greece | 163 | 0.4809351039845024 | 0.2853936893043307 | 0.4368452753555684 | 0.6071573107523288 | 0.3480919090581087 | 0.2163212435233161 | 0.302717900656045 | 0.4817658349328215 | 0.1558879358313232 | 0.06324555320336758 | 0.130384048104053 | 0.216794833886788 | 1.003821142387508 | 0.4188548387096774 | 0.9055806451612904 | 1.449467741935484 | 0.9054484620771159 | 0.6190462376099998 | 0.9271138362013234 | 1.238560914460198 | 1.077669860915037 | 0.742246349048133 | 1.117408560180067 | 1.388713656396504 | 0.8774193548387097 | 0.1225806451612903 | 0.5886075949367089 | 0.4113924050632911 | 0.7961783439490446 | 0.20382165605095537
Greenland | 1 | 0.0973206458471588 | 0.0973206458471588 | 0.0973206458471588 | 0.0973206458471588 | 0.1085864103124318 | 0.1085864103124318 | 0.1085864103124318 | 0.1085864103124318 | 0.1923538406167135 | 0.1923538406167135 | 0.1923538406167135 | 0.1923538406167135 | 0.3405348837209303 | 0.3405348837209303 | 0.3405348837209303 | 0.3405348837209303 | 0.2094740511100681 | 0.2094740511100681 | 0.2094740511100681 | 0.2094740511100681 | NA | NA | 1 | 0 | NA | NA
Guernsey | 37 | 0.4107616093274375 | 0.2015619011619011 | 0.3725038523290732 | 0.5782471789814455 | 0.3133718497108914 | 0.1353799698037242 | 0.2289156626506024 | 0.4500000000000001 | 0.1410013724004643 | 0.06324555320336758 | 0.1224744871391589 | 0.204939015319192 | 1.090153488372093 | 0.5278837209302326 | 0.8468837209302326 | 1.439 | 1.006952054265063 | 0.4989454602650846 | 1.008026506164924 | 1.362288186756761 | 1.370450651383408 | 1.109164931244885 | 1.280181886667995 | 1.746082643922495 | 0.72 | 0.28 | 0.6111111111111112 | 0.38888888888888884 | 0.7142857142857143 | 0.2857142857142857
Hong Kong | 1493 | 0.4821667085930414 | 0.3111681217605685 | 0.4360696912140579 | 0.5874780291913977 | 0.4081546022526592 | 0.2584269662921349 | 0.3749999999999999 | 0.5384615384615384 | 0.2040173217309781 | 0.1048808848170152 | 0.1816590212458495 | 0.2792848008753788 | 1.763687714863498 | 0.9263720930232558 | 1.606581395348837 | 2.440046511627907 | 0.9185698285660782 | 0.5731046473384009 | 0.9167632228843526 | 1.196955966588988 | 0.9987028895705086 | 0.5859538966344258 | 0.9809495070425124 | 1.308995316750919 | 0.7481021394064873 | 0.2518978605935127 | 0.6245756958587916 | 0.3754243041412084 | 0.6698434309053778 | 0.3301565690946222
Hungary | 35 | 0.3871105086315529 | 0.1408436691173401 | 0.2421905585828371 | 0.5919783779835207 | 0.3125114796710158 | 0.1260014566642389 | 0.2173913043478261 | 0.4487121554450972 | 0.1273958518346422 | 0.07071067811865475 | 0.1095445115010332 | 0.151657508881031 | 0.467903714565005 | 0.1563064516129032 | 0.3499032258064517 | 0.6704032258064516 | 1.202449726920758 | 0.3766439168002162 | 1.148929752261412 | 2.139737042705677 | 1.160634090554456 | 0.681382612613114 | 1.14825035062545 | 1.636548405396645 | 0.8064516129032258 | 0.19354838709677424 | 0.78125 | 0.21875 | 0.7741935483870968 | 0.22580645161290325
Iceland | 21 | 0.1889461059822886 | 0.1574814274763853 | 0.1763773925858544 | 0.2036891749701 | 0.1687832059903565 | 0.1253701875616979 | 0.1641791044776119 | 0.1809872029250457 | 0.1049312832756668 | 0.06324555320336758 | 0.08944271909999159 | 0.1483239697419133 | 0.1507311827956989 | -0.06148387096774195 | 0.1071612903225807 | 0.2562903225806452 | 0.521622821934608 | 0.2418477848481319 | 0.6087428770779348 | 0.6862218217957937 | 1.191323217094157 | 0.6998918455941294 | 0.9686250539359897 | 1.642059199833684 | 1 | 0 | 0.9523809523809523 | 0.04761904761904767 | 0.9523809523809523 | 0.04761904761904767
India | 3570 | 0.3977452347469902 | 0.297844254602972 | 0.3914390544303587 | 0.488357246285954 | 0.4078600745439557 | 0.2879746835443038 | 0.3915928996737739 | 0.5096774193548388 | 0.1338742603815171 | 0.07071067811865475 | 0.1224744871391589 | 0.1816590212458495 | 0.8926552173273664 | 0.3234186046511628 | 0.879093023255814 | 1.417860465116279 | 0.9515624923562613 | 0.452381788059201 | 0.8095132065176497 | 1.244202416954619 | 1.107517741835153 | 0.5445758536593541 | 0.9728989888197483 | 1.411281403464563 | 0.818849840255591 | 0.18115015974440896 | 0.7365669474295672 | 0.2634330525704328 | 0.7493887530562348 | 0.25061124694376524
Indonesia | 562 | 0.3915999336880776 | 0.2481294592978201 | 0.3339650318136101 | 0.4874730761795978 | 0.3612356755473833 | 0.2205882352941177 | 0.3333333333333333 | 0.4545454545454546 | 0.1393883692654977 | 0.07745966692414834 | 0.1183215956619923 | 0.1897366596101027 | 0.7672884366925067 | 0.2025348837209303 | 0.6814651162790698 | 1.266046511627907 | 0.7603496471012952 | 0.4315589674203306 | 0.641599782561866 | 1.061115874717041 | 0.884263669765147 | 0.4736623739127232 | 0.7765176231786958 | 1.215443028002342 | 0.8909853249475891 | 0.10901467505241091 | 0.7454873646209387 | 0.2545126353790613 | 0.826530612244898 | 0.173469387755102
Ireland | 85 | 0.4056551015413057 | 0.2176428750330035 | 0.2728199517278312 | 0.5388644470622388 | 0.3436497418012214 | 0.185595567867036 | 0.2742084799111276 | 0.4509566664145807 | 0.2860274789749336 | 0.1140175425099138 | 0.2549509756796393 | 0.3872983346207417 | 1.211859738668845 | 0.5541935483870968 | 1.127225806451613 | 1.742048387096774 | 0.6666303289297851 | 0.304093402219708 | 0.5038721901543386 | 1.070931502545629 | 0.8906795820892428 | 0.4899590488724306 | 0.7881733686679866 | 1.242436218902271 | 0.726027397260274 | 0.273972602739726 | 0.5833333333333334 | 0.41666666666666663 | 0.5833333333333334 | 0.41666666666666663
Isle of Man | 19 | 0.4555066107219783 | 0.2096014480157742 | 0.3756061341145693 | 0.8191093699866947 | 0.4795870972947966 | 0.2671359762875139 | 0.3886621315192744 | 0.8095238095238096 | 0.1448243020965481 | 0.07745966692414834 | 0.1203980414005756 | 0.2144761058952722 | 0.6908404074702887 | 0.3906935483870968 | 0.5906129032258065 | 0.9180483870967744 | 1.118576984701322 | 0.8949941802437239 | 1.078124511740416 | 1.24693948790883 | 1.34284477139254 | 1.017780764056414 | 1.234266204719887 | 1.777883859487754 | 0.8461538461538461 | 0.15384615384615385 | 0.5263157894736842 | 0.4736842105263158 | 0.5789473684210527 | 0.42105263157894735
Israel | 481 | 0.3306174263861092 | 0.2082466993010554 | 0.2601047205223435 | 0.3650228172907238 | 0.3280753222177843 | 0.1660047656870532 | 0.25 | 0.4 | 0.1891133632183463 | 0.1048808848170152 | 0.1774768034082866 | 0.2664582518894845 | 1.030269980704783 | 0.490906976744186 | 0.825093023255814 | 1.271651162790698 | 0.7663057693364365 | 0.4034118038504604 | 0.674103338838942 | 1.100138491397076 | 0.912622444263318 | 0.5175533235425385 | 0.8374507495054213 | 1.269030662935801 | 0.7505720823798627 | 0.24942791762013727 | 0.6602150537634408 | 0.3397849462365592 | 0.6630196936542669 | 0.33698030634573306
Italy | 337 | 0.3892622936223858 | 0.2599622225302306 | 0.3337130808774414 | 0.445477272147525 | 0.279913520339467 | 0.163135593220339 | 0.2375838926174497 | 0.3621700879765396 | 0.2819197216801668 | 0.1788854381999832 | 0.2872268135416429 | 0.3687817782917155 | 1.491852542372883 | 1.021096774193548 | 1.438806451612903 | 1.858064516129033 | 0.7412346142834719 | 0.3432446096527347 | 0.7114960962245177 | 1.115783329601891 | 0.9498717143360332 | 0.5242438886087808 | 0.986840448433298 | 1.325863693765112 | 0.8445945945945946 | 0.15540540540540537 | 0.7398119122257053 | 0.2601880877742947 | 0.7811447811447811 | 0.21885521885521886
Ivory Coast | 31 | 0.3490670400742616 | 0.308864242022284 | 0.3421587762276445 | 0.4325995839110343 | 0.3973608645479498 | 0.3109137055837564 | 0.3874666247840427 | 0.4688026981450253 | 0.07840228158048114 | 0.04472135954999579 | 0.07071067811865475 | 0.1 | 0.5382607973421927 | -0.07844186046511628 | 0.05133720930232555 | 0.416906976744186 | 0.7182058854994774 | 0.4764550618072013 | 0.8224484991350364 | 0.9404925813221893 | 0.6963581240942751 | 0.4151384672808797 | 0.6175122130430459 | 1.037189423319625 | 0.8461538461538461 | 0.15384615384615385 | 0.8518518518518519 | 0.14814814814814814 | 0.9047619047619048 | 0.09523809523809523
Jamaica | 54 | 0.4705461875736401 | 0.3870627856046096 | 0.4776140701445048 | 0.561780157583503 | 0.3184002194584149 | 0.2258064516129032 | 0.2877428112778634 | 0.3982300884955752 | 0.08982577023627278 | 0.05477225575051661 | 0.07745966692414834 | 0.1183215956619923 | 0.2234913409203364 | -0.229046511627907 | 0.2342558139534884 | 0.7830232558139535 | 0.734753011375744 | 0.32626775114232 | 0.544978028893439 | 1.105026932235874 | 0.6329049737719843 | 0.2554205640244914 | 0.459692566044277 | 1.040466003105534 | 0.9803921568627451 | 0.019607843137254943 | 0.9074074074074074 | 0.09259259259259256 | 0.9411764705882353 | 0.05882352941176472
Japan | 3801 | 0.3702800035301582 | 0.2473985610305768 | 0.3220073404019344 | 0.4547564574393882 | 0.3039668784354858 | 0.1960591133004927 | 0.2788329204514176 | 0.3952368209793952 | 0.3367506863665139 | 0.2408318915758459 | 0.3391164991562634 | 0.4370354676682431 | 0.911719561482996 | 0.5778469387755102 | 0.8923367346938775 | 1.191836734693878 | 0.6752984429958241 | 0.354434012158128 | 0.5865482214670589 | 0.944407063124907 | 0.8445372222459195 | 0.4446031870391314 | 0.7694691337906876 | 1.201131028832751 | 0.9547821320909838 | 0.04521786790901616 | 0.8917062863180137 | 0.10829371368198626 | 0.9069954435808094 | 0.09300455641919059
Jersey | 38 | 0.4137532656845128 | 0.1531343301710073 | 0.3683643681089522 | 0.6375151762899454 | 0.3658796733658682 | 0.1846153846153846 | 0.2916497633536173 | 0.5000000000000001 | 0.1668388854536894 | 0.05477225575051661 | 0.1549193338482967 | 0.2280350850198276 | 0.5833169267707081 | 0.05189795918367347 | 0.376045918367347 | 0.8545714285714286 | 0.7971957926228611 | 0.3857636376278009 | 0.7668517240674562 | 1.24355248109269 | 1.078381857098934 | 0.7540098753316566 | 0.996767161835118 | 1.695938529702342 | 0.68 | 0.31999999999999995 | 0.4857142857142857 | 0.5142857142857142 | 0.5714285714285714 | 0.4285714285714286
Jordan | 155 | 0.2062594624875226 | 0.1309182951309709 | 0.2035853330912699 | 0.2618365902619418 | 0.2052570997871195 | 0.1294117647058823 | 0.1866501854140915 | 0.2659574468085106 | 0.09235178556963193 | 0.04472135954999579 | 0.07071067811865475 | 0.1224744871391589 | -0.09937209302325586 | -0.2773255813953489 | -0.05665116279069767 | 0.1533488372093023 | 1.061320284651302 | 0.6351018315436107 | 1.114700901939252 | 1.378959536312679 | 1.028854472401241 | 0.5208845715543674 | 1.076447869361504 | 1.406290060644956 | 0.696969696969697 | 0.303030303030303 | 0.5806451612903226 | 0.4193548387096774 | 0.5970149253731343 | 0.4029850746268657
Kazakhstan | 14 | 0.2270926302518534 | 0.2115071963731898 | 0.2265012689715835 | 0.3339365209137808 | 0.3177480618245013 | 0.1375166889185581 | 0.2755339627588961 | 0.4883367304021483 | 0.0792251996052737 | 0.03162277660168379 | 0.06324555320336758 | 0.1341640786499874 | 0.23479427549195 | -0.2133953488372093 | 0.1864418604651163 | 0.5231395348837209 | 1.06543954200609 | 0.3251897560835507 | 0.4861048017760187 | 1.498067153961754 | 1.671582628542765 | 0.5044104458873051 | 1.121157167233776 | 1.506723338889608 | 0.9090909090909091 | 0.09090909090909094 | 0.6666666666666666 | 0.33333333333333337 | 0.8181818181818182 | 0.18181818181818177
Kenya | 53 | 0.2797936054837432 | 0.190512991682982 | 0.2559480210388121 | 0.297844254602972 | 0.2883186310891739 | 0.2120200333889816 | 0.25 | 0.3333333333333334 | 0.08143858809644493 | 0.04472135954999579 | 0.0590089044769421 | 0.1140175425099138 | 0.01903328773369814 | -0.2796279069767442 | -0.01169767441860464 | 0.3433255813953489 | 0.7093587743643767 | 0.3933020394243658 | 0.5432516111615497 | 1.017288954559895 | 0.6778733718279712 | 0.3386619782312021 | 0.4803650193654497 | 0.9357735906523903 | 0.8723404255319149 | 0.12765957446808507 | 0.8 | 0.19999999999999996 | 0.8085106382978723 | 0.19148936170212771
Kuwait | 146 | 0.3430177369574225 | 0.2295813581282243 | 0.3117701179238708 | 0.4132253622419612 | 0.9262011283735614 | 0.9981476158538531 | 0.9982883160114477 | 0.9985153083744633 | 0.1033885455176448 | 0.05477225575051661 | 0.09486832980505137 | 0.1414213562373095 | 0.567222133119487 | 0.191139534883721 | 0.5189069767441861 | 0.9569767441860466 | 1.053606188924713 | 0.6341380290867811 | 1.123968223435333 | 1.393081620855548 | 1.080708459563229 | 0.7406371159120316 | 1.183201235272119 | 1.397605629145413 | 0.7380952380952381 | 0.26190476190476186 | 0.6575342465753424 | 0.34246575342465757 | 0.6691729323308271 | 0.3308270676691729
Kyrgyzstan | 1 | 0.6550761787761785 | 0.6550761787761785 | 0.6550761787761785 | 0.6550761787761785 | 0.2890995260663506 | 0.2890995260663506 | 0.2890995260663506 | 0.2890995260663506 | 0.1095445115010332 | 0.1095445115010332 | 0.1095445115010332 | 0.1095445115010332 | 0.6178837209302325 | 0.6178837209302325 | 0.6178837209302325 | 0.6178837209302325 | 0.3709982058997419 | 0.3709982058997419 | 0.3709982058997419 | 0.3709982058997419 | 0.3401357612810366 | 0.3401357612810366 | 0.3401357612810366 | 0.3401357612810366 | 0 | 1 | 0 | 1 | 0 | 1
Latvia | 13 | 0.3684960032876018 | 0.1656926371327344 | 0.2454924462717145 | 0.550236312869298 | 0.3288638271055467 | 0.1664499349804942 | 0.233140655105973 | 0.43 | 0.1702975383590848 | 0.08366600265340755 | 0.1816381636729205 | 0.2529822128134703 | 0.8527965116279069 | 0.5382558139534883 | 0.8296279069767443 | 1.325186046511628 | 0.8760794605166164 | 0.5474753963955831 | 0.9480498242391426 | 1.274631109825858 | 0.9765046157955843 | 0.588303871436151 | 1.161754915981101 | 1.40253469181031 | 0.6923076923076923 | 0.3076923076923077 | 0.6153846153846154 | 0.3846153846153846 | 0.6923076923076923 | 0.3076923076923077
Lebanon | 4 | 0.1816607018556552 | 0.1332 | 0.173090281246694 | 0.2731309820092428 | 0.1529592396465461 | 0.1414944356120827 | 0.1421757892346127 | 0.2222222222222223 | 0.1126148707597138 | 0.1 | 0.1207106781186548 | 0.1643167672515498 | 0.3657848837209303 | 0.2489302325581396 | 0.3403488372093024 | 0.7247209302325582 | 0.5950901115919707 | 0.3128605100410548 | 0.5950901115919707 | 0.8773197131428865 | 0.3604375058673944 | 0.1745937396114707 | 0.2554464134321565 | 0.8112785505015765 | 0.75 | 0.25 | 0.75 | 0.25 | 0.75 | 0.25
Liechtenstein | 2 | 0.2223026457203696 | 0.1803709838174607 | 0.2223026457203696 | 0.2642343076232785 | 0.1915936071150046 | 0.1690662278897573 | 0.1915936071150046 | 0.2141209863402518 | 0.4157587887439379 | 0.403732584763727 | 0.4157587887439379 | 0.4277849927241488 | 1.172943548387097 | 1.118774193548387 | 1.172943548387097 | 1.227112903225806 | 0.7265129960677308 | 0.4825101160245872 | 0.7265129960677308 | 0.9705158761108744 | 1 | 0 | 1 | 0 | 1 | 0
Lithuania | 25 | 0.1587264636757916 | 0.09299114576931163 | 0.1430379896824901 | 0.1638237216177983 | 0.1981484586821495 | 0.1060220525869381 | 0.1809872029250457 | 0.2531120331950207 | 0.1437022887457602 | 0.08944271909999159 | 0.1222007953069834 | 0.2 | 0.4109196617336153 | 0.2372093023255814 | 0.3352790697674418 | 0.5970000000000001 | 0.7365037245058252 | 0.5285697956046762 | 0.7069534394774121 | 0.8082953805701427 | 0.7914255653778671 | 0.619367553757025 | 0.7413067173287884 | 1.06089553668697 | 0.9545454545454546 | 0.045454545454545414 | 0.8636363636363636 | 0.13636363636363635 | 0.9545454545454546 | 0.045454545454545414
Luxembourg | 56 | 0.3282424187656056 | 0.2281023763963169 | 0.2921944557995583 | 0.3866403130912722 | 0.2859667573093667 | 0.1643860609377851 | 0.2600732928202885 | 0.3605571383349161 | 0.2920249686587694 | 0.1378404875209022 | 0.2966479394838265 | 0.4195235392680606 | 1.263586848635236 | 0.6775806451612904 | 1.199354838709678 | 1.818822580645162 | 0.7573501807046378 | 0.4988272536181171 | 0.6006521265104701 | 1.027027522963228 | 1.030800417654621 | 0.5920190589640357 | 1.09920893723551 | 1.339078886526763 | 0.9230769230769231 | 0.07692307692307687 | 0.7272727272727273 | 0.2727272727272727 | 0.8727272727272727 | 0.12727272727272732
Macau | 14 | 0.4368830462637793 | 0.3192345794608559 | 0.4297812460604772 | 0.4587984563284969 | 0.3844942933656371 | 0.2462908011869436 | 0.3666171477079797 | 0.450171821305842 | 0.2803495113066161 | 0.1816590212458495 | 0.260768096208106 | 0.4159326868617084 | 2.756274841437633 | 1.817209302325581 | 2.320906976744186 | 3.743488372093024 | 0.8881797758973696 | 0.551817529386968 | 0.740583492281915 | 1.283745851445832 | 0.7782681209358022 | 0.6477335533958234 | 0.7440604674230945 | 0.8786059089446984 | 1 | 0 | 0.8461538461538461 | 0.15384615384615385 | 0.9230769230769231 | 0.07692307692307687
Macedonia | 1 | 0.6415694591728526 | 0.6415694591728526 | 0.6415694591728526 | 0.6415694591728526 | 0.08944271909999159 | 0.08944271909999159 | 0.08944271909999159 | 0.08944271909999159 | -0.8596511627906978 | -0.8596511627906978 | -0.8596511627906978 | -0.8596511627906978 | 0.832000548707489 | 0.832000548707489 | 0.832000548707489 | 0.832000548707489 | 0.9192900836690279 | 0.9192900836690279 | 0.9192900836690279 | 0.9192900836690279 | 1 | 0 | 1 | 0 | 1 | 0
Malawi | 7 | 0.2602952451765626 | 0.2711088342345191 | 0.3004959652054059 | 0.3680891196435994 | 0.265902295684555 | 0.2173913043478261 | 0.2272727272727272 | 0.3333333333333334 | 0.08730065142737756 | 0.03162277660168379 | 0.07745966692414834 | 0.08366600265340755 | 0.2367242524916944 | -0.002069767441860469 | 0.2563023255813954 | 0.5726744186046512 | 0.2504845605399564 | 0.1785633299102951 | 0.2354671590135409 | 0.3374231926960333 | 0.4616963013759257 | 0.1814624645172856 | 0.3642598423445801 | 0.7336198265345883 | 1 | 0 | 0.8571428571428571 | 0.1428571428571429 | 1 | 0
Malaysia | 933 | 0.3424352873494516 | 0.2134537420613656 | 0.3058940993219712 | 0.4173516502902558 | 0.3390988100751298 | 0.2014388489208633 | 0.314878892733564 | 0.4464285714285715 | 0.1681179185644656 | 0.09486832980505137 | 0.1549193338482967 | 0.232379000772445 | 1.037751219261771 | 0.4343023255813954 | 0.8675465116279071 | 1.448186046511628 | 0.8431905314671253 | 0.4162126393412565 | 0.8085171913850335 | 1.195477539171631 | 0.8801934581984692 | 0.4416840049088494 | 0.8119476414608213 | 1.220483436903386 | 0.8030803080308031 | 0.1969196919691969 | 0.6655879180151025 | 0.33441208198489747 | 0.7027027027027027 | 0.29729729729729726
Mali | 1 | 0.3946522519890138 | 0.3946522519890138 | 0.3946522519890138 | 0.3946522519890138 | 0.4593724859211586 | 0.4593724859211586 | 0.4593724859211586 | 0.4593724859211586 | 0.03162277660168379 | 0.03162277660168379 | 0.03162277660168379 | 0.03162277660168379 | 1.021581395348837 | 1.021581395348837 | 1.021581395348837 | 1.021581395348837 | 0.6794858242605215 | 0.6794858242605215 | 0.6794858242605215 | 0.6794858242605215 | NA | NA | 1 | 0 | NA | NA
Malta | 32 | 0.3273677317694692 | 0.1686985477115912 | 0.3339365209137808 | 0.4861074858556264 | 0.2036786378348824 | 0.09842519685039369 | 0.1594927079371199 | 0.2523020257826888 | 0.1049298671677814 | 0.06324555320336758 | 0.08944271909999159 | 0.1341640786499874 | 0.1686002304147465 | -0.1788548387096774 | 0.04599193548387098 | 0.3650322580645162 | 0.7763083568033858 | 0.2722402808396132 | 0.9000974243930372 | 1.213512968815238 | 0.796566790526689 | 0.3342136301472799 | 0.6330006959539138 | 1.357144324758102 | 0.9285714285714286 | 0.0714285714285714 | 0.8125 | 0.1875 | 0.8387096774193549 | 0.16129032258064513
Marshall Islands | 1 | 1.267701037311242 | 1.267701037311242 | 1.267701037311242 | 1.267701037311242 | 0.435897435897436 | 0.435897435897436 | 0.435897435897436 | 0.435897435897436 | 0.07071067811865475 | 0.07071067811865475 | 0.07071067811865475 | 0.07071067811865475 | 1.931372093023256 | 1.931372093023256 | 1.931372093023256 | 1.931372093023256 | 0 | 1 | 0 | 1 | 0 | 1
Mauritius | 64 | 0.1580888809277662 | 0.09466210585928397 | 0.1276883787511037 | 0.1704337994647775 | 0.1381929514751821 | 0.07402422611036343 | 0.1118279569892473 | 0.1811460258780037 | 0.1161935177879278 | 0.07071067811865475 | 0.1 | 0.1414213562373095 | 0.3373745155038761 | 0.0826511627906977 | 0.2118720930232558 | 0.3221627906976745 | 0.7181005202346508 | 0.3178821551310284 | 0.5262126620531775 | 1.233170727614216 | 0.8763128483762581 | 0.3859192648888432 | 0.865235397947824 | 1.323549828520115 | 0.9117647058823529 | 0.08823529411764708 | 0.86 | 0.14 | 0.8695652173913043 | 0.13043478260869568
Mexico | 114 | 0.2164629593144568 | 0.1673426700837812 | 0.1951614716074871 | 0.2182170843229534 | 0.2098424334331556 | 0.1397058823529412 | 0.19358074222668 | 0.25 | 0.1517833859472904 | 0.07071067811865475 | 0.1341640786499874 | 0.1923538406167135 | 0.7386543340380549 | 0.2539767441860465 | 0.5638604651162791 | 0.9056744186046511 | 0.5051853809139781 | 0.2704337051931259 | 0.3896539667141378 | 0.622701898782992 | 0.7801248239900218 | 0.3676934606943503 | 0.6612226921834486 | 1.087390077285637 | 0.9583333333333334 | 0.04166666666666663 | 0.8918918918918919 | 0.10810810810810811 | 0.92 | 0.07999999999999996
Monaco | 9 | 0.4277434803332999 | 0.3166048705686579 | 0.4381392897731556 | 0.5184802968115743 | 0.3688368361454995 | 0.1884951206985105 | 0.3328038125496426 | 0.4260249554367201 | 0.3337436525161902 | 0.2569046515733026 | 0.3570707350120378 | 0.4207136793592526 | 1.903797491039427 | 1.642822580645162 | 2.301290322580645 | 2.343870967741936 | 1.007244106174197 | 0.8357590358226786 | 0.9754988263406638 | 1.125754104651647 | 0.9495929693924635 | 0.8830061051498383 | 1.204724889057362 | 1.327071912399308 | 1 | 0 | 0.4444444444444444 | 0.5555555555555556 | 0.875 | 0.125
Mongolia | 2 | 0.6634659037161174 | 0.6533666658163699 | 0.6634659037161174 | 0.6735651416158648 | 0.4500307503075031 | 0.4166666666666667 | 0.4500307503075031 | 0.4833948339483395 | 0.1618464454660625 | 0.07071067811865475 | 0.1618464454660625 | 0.2529822128134703 | 2.568127906976744 | 2.411046511627907 | 2.568127906976744 | 2.725209302325581 | 1.29732622792141 | 1.29732622792141 | 1.29732622792141 | 1.29732622792141 | 1.082300543759789 | 1.082300543759789 | 1.082300543759789 | 1.082300543759789 | 0.5 | 0.5 | 0.5 | 0.5 | 0.5 | 0.5
Montenegro | 1 | 0.3333333333333333 | 0.3333333333333333 | 0.3333333333333333 | 0.3333333333333333 | NA | NA | NA | NA | NA | NA
Morocco | 66 | 0.247260706822472 | 0.1908449125472337 | 0.2215028219092643 | 0.2829357375429045 | 0.1995620494651717 | 0.1287586738627602 | 0.1712122757715463 | 0.2481634527089072 | 0.111224422488461 | 0.07071067811865475 | 0.1140175425099138 | 0.1549193338482967 | 0.4825890261627905 | 0.07097674418604649 | 0.4776627906976745 | 0.784232558139535 | 0.4489890752580465 | 0.1825474914490825 | 0.3406386561255571 | 0.5721598107091055 | 0.5095095623621667 | 0.2395404806721997 | 0.3684249020793842 | 0.5738127211222742 | 1 | 0 | 0.8787878787878788 | 0.12121212121212122 | 0.9454545454545454 | 0.054545454545454564
Mozambique | 1 | 0.6024138942620764 | 0.6024138942620764 | 0.6024138942620764 | 0.6024138942620764 | 0.4767441860465117 | 0.4767441860465117 | 0.4767441860465117 | 0.4767441860465117 | 0.1264911064067352 | 0.1264911064067352 | 0.1264911064067352 | 0.1264911064067352 | 1.221953488372093 | 1.221953488372093 | 1.221953488372093 | 1.221953488372093 | 0 | 1 | 0 | 1 | 0 | 1
Myanmar | 1 | 0.6170212765957447 | 0.6170212765957447 | 0.6170212765957447 | 0.6170212765957447 | 0 | 1 | 0 | 1 | 0 | 1
Namibia | 6 | 0.347103660762463 | 0.1204975890444172 | 0.347103660762463 | 0.5737097324805089 | 0.2080014063095371 | 0.05263157894736836 | 0.08074197648554182 | 0.4370468029004614 | 0.08508872466621799 | 0.05477225575051661 | 0.06921912920196208 | 0.170293863659264 | 0.259632558139535 | -0.1187441860465116 | -0.05772093023255814 | 0.2848604651162791 | 0.3975946619370738 | 0.2756985984387282 | 0.3975946619370738 | 0.5194907254354195 | 0.3481423035191969 | 0.3291252796674781 | 0.3481423035191969 | 0.3671593273709158 | 1 | 0 | 0.8 | 0.19999999999999996 | 0.6 | 0.4
Netherlands | 135 | 0.3634899228744232 | 0.2216981072571918 | 0.2874345066096865 | 0.4206509241639675 | 0.2963608352037039 | 0.158991534096195 | 0.2564102564102564 | 0.3824209714726292 | 0.3034290252271007 | 0.151657508881031 | 0.3 | 0.4516635916254486 | 1.317496849798387 | 0.7800483870967743 | 1.239887096774194 | 1.833064516129032 | 0.7225603441873156 | 0.350255177053711 | 0.577424038835928 | 1.035790655219406 | 0.961531960133796 | 0.5299156815083714 | 0.9473058488496373 | 1.23952686571699 | 0.8770491803278688 | 0.12295081967213117 | 0.734375 | 0.265625 | 0.8031496062992126 | 0.19685039370078738
Netherlands Antilles | 1 | 0.7142857142857143 | 0.7142857142857143 | 0.7142857142857143 | 0.7142857142857143 | 0.08944271909999159 | 0.08944271909999159 | 0.08944271909999159 | 0.08944271909999159 | 3.182558139534884 | 3.182558139534884 | 3.182558139534884 | 3.182558139534884 | NA | NA | 0 | 1 | 0 | 1
New Zealand | 123 | 0.3402652085891327 | 0.1637461449927906 | 0.2448236038224449 | 0.4561578674099571 | 0.2579791840734786 | 0.1073170731707317 | 0.2 | 0.3219251336898395 | 0.1901201507834019 | 0.1183215956619923 | 0.1843908891458577 | 0.2549509756796393 | 0.5774233974358977 | 0.268775 | 0.4541875 | 0.77035 | 0.5383924924579672 | 0.2184565075817257 | 0.3928635666914599 | 0.771020355569472 | 0.7855136339166287 | 0.4207314415860163 | 0.6743001506510161 | 1.052085751646758 | 0.8189655172413793 | 0.18103448275862066 | 0.7073170731707317 | 0.29268292682926833 | 0.7377049180327869 | 0.2622950819672131
Niger | 1 | 0.4296 | 0.4296 | 0.4296 | 0.4296 | 0.3583208395802099 | 0.3583208395802099 | 0.3583208395802099 | 0.3583208395802099 | 0.1 | 0.1 | 0.1 | 0.1 | 0.4365581395348837 | 0.4365581395348837 | 0.4365581395348837 | 0.4365581395348837 | 0.3836079711834898 | 0.3836079711834898 | 0.3836079711834898 | 0.3836079711834898 | NA | NA | 1 | 0 | NA | NA
Nigeria | 121 | 0.3221965873113186 | 0.2364870167491422 | 0.2992418174422192 | 0.4212153843344282 | 0.2444604699806884 | 0.03999999999999997 | 0.2444444444444444 | 0.3589743589743589 | 0.09441112714569641 | 0.04472135954999579 | 0.07071067811865475 | 0.130384048104053 | 0.4848816986855409 | 0.04467441860465117 | 0.4886046511627907 | 0.8235348837209302 | 0.7425769036856397 | 0.4379735648655299 | 0.7051319771139529 | 1.084884862349382 | 0.8308464843129424 | 0.477441880358883 | 0.786395061800343 | 1.20164987265396 | 0.8235294117647058 | 0.17647058823529416 | 0.7739130434782608 | 0.22608695652173916 | 0.7549019607843137 | 0.2450980392156863
Norway | 200 | 0.4142058550040546 | 0.2267104740068051 | 0.3346431127383706 | 0.5186135362676142 | 0.2949267126359705 | 0.1405242801890846 | 0.2647362932975824 | 0.4086115992970123 | 0.2193958335298805 | 0.1264911064067352 | 0.1816590212458495 | 0.3162277660168379 | 1.02953493138478 | 0.4822258064516129 | 0.9110967741935485 | 1.465387096774194 | 0.7872193002725163 | 0.5020190752938883 | 0.7452831956655898 | 1.088719844153083 | 0.9138356017293449 | 0.4478066585831449 | 0.9011746916611549 | 1.250099903761493 | 0.7848101265822784 | 0.21518987341772156 | 0.6421052631578947 | 0.35789473684210527 | 0.6521739130434783 | 0.34782608695652173
Oman | 71 | 0.1763289582040964 | 0.1215944077661469 | 0.1631735272646884 | 0.2227123705589791 | 0.2018971622808077 | 0.1322505800464037 | 0.1806167400881057 | 0.2535496957403651 | 0.09453248196210716 | 0.05477225575051661 | 0.08944271909999159 | 0.1095445115010332 | 0.08247435020519835 | -0.05311627906976744 | 0.05415116279069769 | 0.2735116279069768 | 0.6292629310768567 | 0.2576518793621481 | 0.4281002302616866 | 0.9888773806051919 | 0.6637119661867642 | 0.3053609181036465 | 0.475716969059317 | 1.124298647151249 | 0.9310344827586207 | 0.06896551724137934 | 0.8857142857142857 | 0.11428571428571432 | 0.8620689655172413 | 0.13793103448275867
Pakistan | 396 | 0.3808091008283065 | 0.2664266098976197 | 0.341525987298185 | 0.4591627162564487 | 0.336891576470789 | 0.2292870905587668 | 0.3224371305348406 | 0.4165733482642778 | 0.1106484910504135 | 0.06324555320336758 | 0.1024404424085076 | 0.151657508881031 | 0.2869930844553243 | -0.1779069767441861 | 0.3041162790697675 | 0.7310232558139536 | 0.7708182125514944 | 0.4356367701702437 | 0.7233314097508635 | 1.049307991047143 | 0.9106409768923202 | 0.559196685258702 | 0.8897874356016134 | 1.200583262453423 | 0.8383233532934131 | 0.16167664670658688 | 0.7559055118110236 | 0.2440944881889764 | 0.775811209439528 | 0.22418879056047203
Palestinian Authority | 26 | 0.1762573346917075 | 0.09420827989088856 | 0.1536 | 0.2324967096541368 | 0.1356813127027726 | 0.09365558912386708 | 0.118753925386258 | 0.1878172588832487 | 0.0916783818252597 | 0.05477225575051661 | 0.07718834038603115 | 0.1140175425099138 | 0.1566529516994633 | -0.05088372093023255 | 0.1274767441860465 | 0.2736046511627907 | 0.5843966507315176 | 0.4097575743907004 | 0.6106889086948427 | 0.8074195768082872 | 0.4900948319250095 | 0.3271842472073346 | 0.4979436880976921 | 0.6747629300115593 | 0.9 | 0.09999999999999998 | 0.8461538461538461 | 0.15384615384615385 | 0.85 | 0.15000000000000002
Panama | 5 | 0.801775467678263 | 0.2559 | 0.771090555746399 | 1.375683684572875 | 0.5787114996361742 | 0.3542205614640222 | 0.515151515151515 | 0.846153846153846 | 0.2517779704902329 | 0.07745966692414834 | 0.2489979919597747 | 0.4 | 2.503339534883721 | 2.15106976744186 | 2.536 | 2.564674418604652 | 0.8941748029913404 | 0.913990002174192 | 0.913990002174192 | 1.449791344967832 | 0.7232150321026511 | 0.6557608392066232 | 0.8029562777283266 | 0.8029562777283266 | 1 | 0 | 1 | 0 | 0.6666666666666666 | 0.33333333333333337
Papua New Guinea | 5 | 0.5492560548223372 | 0.31931050718697 | 0.5252686325296814 | 0.9123157348199142 | 0.2707481321461491 | 0.2167300380228137 | 0.3109243697478992 | 0.314878892733564 | 0.1442817433560628 | 0.04472135954999579 | 0.07745966692414834 | 0.1870828693386971 | 1.051148837209303 | 0.6044418604651164 | 0.9226976744186046 | 1.850093023255814 | 1.444615307629983 | 0.3803522350915232 | 1.337387124440872 | 2.616106563357554 | 1.359041453049419 | 0.5790531743256705 | 1.170565345005202 | 2.327505839817384 | 0.6 | 0.4 | 0.6 | 0.4 | 0.6 | 0.4
Peru | 53 | 0.2557491483457385 | 0.1535037742065392 | 0.2135878129626169 | 0.2810258810260216 | 0.2225701412621502 | 0.1030640668523677 | 0.169606512890095 | 0.278236914600551 | 0.1579345762595932 | 0.07745966692414834 | 0.1341640786499874 | 0.2190890230020665 | 0.8457437388193203 | 0.1834651162790698 | 0.5519186046511628 | 1.339093023255814 | 0.7034879109501874 | 0.3678197592030276 | 0.5318071780984717 | 0.9694061931944764 | 0.7634509646104696 | 0.4026389426849885 | 0.6223853638019432 | 1.04867929600074 | 0.9545454545454546 | 0.045454545454545414 | 0.7551020408163265 | 0.24489795918367352 | 0.8863636363636364 | 0.11363636363636365
Philippines | 240 | 0.3024790533461808 | 0.1897366596101028 | 0.2431053105137771 | 0.3666761601899051 | 0.2974403360851457 | 0.1830461108523521 | 0.2547770700636943 | 0.3737373737373738 | 0.137575634441144 | 0.07071067811865475 | 0.1224744871391589 | 0.1897366596101027 | 0.7387899159663869 | 0.2516744186046512 | 0.6521744186046512 | 1.080395348837209 | 0.832637940795558 | 0.4339815298213551 | 0.7648202679704821 | 1.128325043218021 | 0.9042214226683957 | 0.4389190014797731 | 0.8261067885193478 | 1.284004118888159 | 0.8538812785388128 | 0.1461187214611872 | 0.725 | 0.275 | 0.7319148936170212 | 0.2680851063829788
Poland | 688 | 0.4211653500682735 | 0.2504523906853356 | 0.3377713810883818 | 0.5160837141394795 | 0.4052567121787417 | 0.2495784148397976 | 0.3719820123124279 | 0.5364936042136944 | 0.1370361890355653 | 0.06324555320336758 | 0.1224744871391589 | 0.1816590212458495 | 0.5238272300244459 | 0.1231774193548387 | 0.4890645161290323 | 0.8590322580645161 | 0.9018170921942131 | 0.5365468414394701 | 0.8626274923907146 | 1.253250159920971 | 0.9884898871761214 | 0.6046941309415246 | 0.993288344788357 | 1.31527154964394 | 0.7755102040816326 | 0.22448979591836737 | 0.6210995542347697 | 0.3789004457652303 | 0.6884498480243161 | 0.3115501519756839
Portugal | 41 | 0.3961110325877033 | 0.2322178901696669 | 0.3661260256614745 | 0.5405606613243592 | 0.3125343633319544 | 0.1875518672199171 | 0.2745398773006135 | 0.3623003194888179 | 0.2313970599994895 | 0.1341640786499874 | 0.216794833886788 | 0.3 | 1.200167338709677 | 0.7700000000000001 | 1.115991935483871 | 1.455967741935484 | 0.6708091451165061 | 0.3909347708762957 | 0.5254752517903666 | 0.8936909623237962 | 1.026821683997076 | 0.4859727451473758 | 1.009958809583768 | 1.413742284052021 | 0.825 | 0.17500000000000004 | 0.675 | 0.32499999999999996 | 0.7 | 0.30000000000000004
Qatar | 46 | 0.2310267166553331 | 0.190512991682982 | 0.2232 | 0.2683281572999748 | 0.2107479500374392 | 0.1506524317912218 | 0.2103462854068181 | 0.2649592282071896 | 0.122141439613353 | 0.06324555320336758 | 0.08366600265340755 | 0.1732050807568877 | 0.6012594315245476 | 0.4287209302325582 | 0.6315813953488373 | 0.7967906976744187 | 0.5271801562358854 | 0.3068580661836603 | 0.4886511036580566 | 0.7664824794193901 | 0.4770316080095195 | 0.2359770737789906 | 0.355441794734541 | 0.7082920220158699 | 0.9 | 0.09999999999999998 | 0.8888888888888888 | 0.11111111111111116 | 0.8048780487804879 | 0.19512195121951215
Republic of the Congo | 1 | 0.3449781659388647 | 0.3449781659388647 | 0.3449781659388647 | 0.3449781659388647 | 0.04472135954999579 | 0.04472135954999579 | 0.04472135954999579 | 0.04472135954999579 | 0.08693023255813959 | 0.08693023255813959 | 0.08693023255813959 | 0.08693023255813959 | 0.5340859307720235 | 0.5340859307720235 | 0.5340859307720235 | 0.5340859307720235 | 0.638477631462459 | 0.638477631462459 | 0.638477631462459 | 0.638477631462459 | 0 | 1 | 0 | 1 | 0 | 1
Reunion | 1 | 0.4086010278988539 | 0.4086010278988539 | 0.4086010278988539 | 0.4086010278988539 | 0.3018617021276596 | 0.3018617021276596 | 0.3018617021276596 | 0.3018617021276596 | 0.1095445115010332 | 0.1095445115010332 | 0.1095445115010332 | 0.1095445115010332 | 0.7945348837209303 | 0.7945348837209303 | 0.7945348837209303 | 0.7945348837209303 | 0.9570863186670052 | 0.9570863186670052 | 0.9570863186670052 | 0.9570863186670052 | 0.9594458513133569 | 0.9594458513133569 | 0.9594458513133569 | 0.9594458513133569 | 1 | 0 | 1 | 0 | 1 | 0
Romania | 71 | 0.2542670828311343 | 0.1869559662950967 | 0.2288310214189422 | 0.2959891889917604 | 0.2500611471045746 | 0.1538461538461539 | 0.2086553323029366 | 0.2837632776934749 | 0.1670456980638253 | 0.08944271909999159 | 0.170293863659264 | 0.2428991560298224 | 0.630925581395349 | 0.283 | 0.664686046511628 | 0.9661627906976744 | 0.8542108696506504 | 0.5329691881590122 | 0.9026762991472542 | 1.082328989349865 | 0.9196012924409224 | 0.5786682903275246 | 0.9011202274373256 | 1.227028983706448 | 0.9090909090909091 | 0.09090909090909094 | 0.7681159420289855 | 0.23188405797101452 | 0.8088235294117647 | 0.19117647058823528
Russia | 189 | 0.325429138383211 | 0.2039293995479808 | 0.2531629143940514 | 0.3604541579729661 | 0.3232029147370334 | 0.2 | 0.2859855677933916 | 0.3986754966887417 | 0.145192062058338 | 0.05477225575051661 | 0.130384048104053 | 0.204939015319192 | 0.6415275068767189 | 0.08704651162790689 | 0.5698255813953488 | 1.068162790697675 | 0.8906375204951846 | 0.4741117826294159 | 0.8261964808139213 | 1.227433426231769 | 1.078921419134821 | 0.7318925665900534 | 1.043512904630672 | 1.41950129118961 | 0.803680981595092 | 0.19631901840490795 | 0.7542857142857143 | 0.24571428571428566 | 0.7380952380952381 | 0.26190476190476186
Saint Lucia | 4 | 0.5685360146903624 | 0.5685360146903624 | 0.5685360146903624 | 0.5685360146903624 | 0.3448034616035848 | 0.3193717277486911 | 0.3263525305410122 | 0.5714285714285715 | 0.1095445115010332 | 0.1095445115010332 | 
