Source: http://www.stern.nyu.edu/~adamodar/pc/blog/IndustryRisk2019.xlsx

Sheet: Sheet1
Standard Deviation in Stock Returns | HiLo Risk Measure | Correlation with Market | Beta | Coefficient of Variation: Operating Income | Coefficient of Variation: Net Income | EBITDA | Operating Income | Net Income
Industry Group | # Firms | Average | Q1 | Median | Q3 | Average | Q1 | Median | Q3 | Average | Q1 | Median | Q3 | Average | Q1 | Median | Q3 | Average | Q1 | Median | Q3 | Average | Q1 | Median | Q3 | % Positive | % Negative | % Positive | % Negative | % Positive | % Negative
Advertising | 303 | 0.4858855447815165 | 0.2954817654005244 | 0.4038993934137559 | 0.6094311411385815 | 0.4396413093987327 | 0.2539211530309453 | 0.4029850746268657 | 0.5652173913043478 | 0.1875189616425971 | 0.08944271909999159 | 0.1843908891458577 | 0.2569046515733026 | 1.104966839328254 | 0.5164193548387097 | 0.9382857142857144 | 1.379953488372093 | 0.8132427214744657 | 0.4440565857060209 | 0.7724951194288676 | 1.154617252460802 | 0.9490120802672447 | 0.5521609901868196 | 0.8805874049936115 | 1.278798298970246 | 0.7651515151515151 | 0.23484848484848486 | 0.6218181818181818 | 0.3781818181818182 | 0.6981818181818182 | 0.30181818181818176
Aerospace/Defense | 234 | 0.4022238782620341 | 0.2477992274864011 | 0.3296133687213023 | 0.4560701700396552 | 0.396409544163562 | 0.2263535551206785 | 0.3197278911564626 | 0.4890510948905109 | 0.2373514089598315 | 0.1 | 0.2 | 0.3420526275297414 | 1.172234360657703 | 0.5996222222222223 | 1.084822222222222 | 1.572222222222222 | 0.765235882551357 | 0.3718983149779419 | 0.6361569630873941 | 0.9887550884581457 | 0.9938820859363133 | 0.4505631509503826 | 0.7814431823286476 | 1.193299859058037 | 0.803030303030303 | 0.19696969696969702 | 0.665 | 0.33499999999999996 | 0.7213930348258707 | 0.2786069651741293
Air Transport | 162 | 0.3141768683221117 | 0.2168216257463825 | 0.2763115729078724 | 0.3604996532591953 | 0.3195144022693821 | 0.1943231441048035 | 0.2701257253840823 | 0.3715937241948803 | 0.2382856690132762 | 0.1140175425099138 | 0.2144761058952722 | 0.3464101615137755 | 0.939239662520496 | 0.4723255813953489 | 0.8607821705426357 | 1.352112903225807 | 0.743190522933664 | 0.4010179253222411 | 0.6791091206657378 | 1.076960666017982 | 0.8498784555892106 | 0.4908186328292195 | 0.7528450725209793 | 1.19024548869518 | 0.9666666666666667 | 0.033333333333333326 | 0.8104575163398693 | 0.1895424836601307 | 0.8441558441558441 | 0.1558441558441559
Apparel | 1148 | 0.3714558698953226 | 0.2495150954494394 | 0.3335067939571407 | 0.4498481671564039 | 0.3728350752675563 | 0.2391573729863693 | 0.342560553633218 | 0.4663951120162932 | 0.1661180610048874 | 0.07745966692414834 | 0.1414213562373095 | 0.223606797749979 | 0.8287047649415128 | 0.3133488372093023 | 0.772593023255814 | 1.27039534883721 | 0.8341925260710474 | 0.4631036375031417 | 0.7547318299132739 | 1.154577006478357 | 0.9719025392089602 | 0.5483816204822073 | 0.9191795899944439 | 1.292933647101772 | 0.8124410933081998 | 0.1875589066918002 | 0.7194112235510579 | 0.2805887764489421 | 0.7348066298342542 | 0.26519337016574585
Auto & Truck | 133 | 0.3154809916720291 | 0.2176616640568568 | 0.2787868422022192 | 0.3894 | 0.3387828649930811 | 0.2191323692992214 | 0.2996111274706883 | 0.4420432220039293 | 0.2478771276173913 | 0.1449137674618944 | 0.2366431913239846 | 0.3449637662132068 | 1.305168576497866 | 0.7467441860465117 | 1.124744186046512 | 1.65353488372093 | 0.9272540780665302 | 0.5270753439137482 | 0.8463090933288078 | 1.117378570494681 | 0.9662012626616324 | 0.5466206393596545 | 0.7618200034697601 | 1.224643262107552 | 0.7642276422764228 | 0.2357723577235772 | 0.7560975609756098 | 0.24390243902439024 | 0.7154471544715447 | 0.2845528455284553
Auto Parts | 681 | 0.3552148317021776 | 0.2523906746129479 | 0.3181891232484033 | 0.4137204024804329 | 0.3654528695584086 | 0.2537313432835821 | 0.3408450704225352 | 0.4369591411983788 | 0.2309745385209592 | 0.1264911064067352 | 0.204939015319192 | 0.3178049716414141 | 1.200128761452514 | 0.6860333333333334 | 1.111755102040816 | 1.574558139534884 | 0.6947258425729695 | 0.4267268700533519 | 0.5971142108258668 | 0.8691307717766308 | 0.8304637219914904 | 0.4839847022250942 | 0.7411511481390033 | 1.111500993692827 | 0.9355828220858896 | 0.06441717791411039 | 0.8027522935779816 | 0.1972477064220184 | 0.8409785932721713 | 0.15902140672782872
Bank (Money Center) | 617 | 0.2345739184215154 | 0.15471303460576 | 0.2126025293816576 | 0.2783793095759812 | 0.2416067233437757 | 0.1325301204819277 | 0.1907709622960045 | 0.290528556225612 | 0.2368364735760365 | 0.1 | 0.1936448637564464 | 0.3391164991562634 | 0.778119841733914 | 0.2065116279069767 | 0.7027558139534884 | 1.213069767441861 | 0.700731996970362 | 0.2181370202531153 | 0.700731996970362 | 1.183326973687609 | 0.5490421326310724 | 0.2845811788923778 | 0.4046262928053074 | 0.6707591389709817 | 1 | 0 | 0.9168026101141925 | 0.0831973898858075 | 0.7371794871794872 | 0.2628205128205128
Banks (Regional) | 872 | 0.2218499940312062 | 0.1669441345359101 | 0.2080234508356233 | 0.2457841669707883 | 0.2064289854536609 | 0.1233885819521179 | 0.1819464033850493 | 0.2409333708181051 | 0.2889997405101884 | 0.1140175425099138 | 0.2569046515733026 | 0.4679743582719036 | 0.6270886136515494 | 0.2249302325581395 | 0.5282693548387096 | 0.9674555555555556 | 1.061807224942988 | 1.061807224942988 | 1.061807224942988 | 1.061807224942988 | 0.7509125561886154 | 0.3171894754232439 | 0.590421686287721 | 1.038978770058081 | 0.9981718464351006 | 0.001828153564899404 | 0.9676214196762142 | 0.03237858032378582 | 0.6277372262773723 | 0.3722627737226277
Beverage (Alcoholic) | 220 | 0.3003992706207873 | 0.1971801207018598 | 0.263171107073619 | 0.3556 | 0.3193580725947162 | 0.1677018633540373 | 0.2609849630937889 | 0.3871449925261585 | 0.2061939670198341 | 0.1 | 0.1717494722080759 | 0.2932575659723036 | 0.9238864482940083 | 0.2909333333333333 | 0.7035666666666667 | 1.3235 | 0.6551290009776464 | 0.2841500417334107 | 0.4499956213189049 | 0.9678980044892084 | 0.8215447090332666 | 0.3206613868352209 | 0.6311606800127253 | 1.204712520053983 | 0.8697916666666666 | 0.13020833333333337 | 0.7766497461928934 | 0.2233502538071066 | 0.8071065989847716 | 0.19289340101522845
Beverage (Soft) | 97 | 0.3411518579918273 | 0.2074626780669181 | 0.2722628716677691 | 0.3903229432149742 | 0.3988238323583304 | 0.1601815823605707 | 0.2982456140350877 | 0.5251989389920424 | 0.1738273502058063 | 0.07071067811865475 | 0.1414213562373095 | 0.2302172886644268 | 0.7595182408266952 | 0.308075 | 0.5536166666666668 | 1.090888888888889 | 0.7870867727710036 | 0.3081122244911543 | 0.5820859835422977 | 1.036229490327721 | 0.9072820481061404 | 0.421811979789234 | 0.6388623367352071 | 1.151605880532236 | 0.7733333333333333 | 0.22666666666666668 | 0.6623376623376623 | 0.33766233766233766 | 0.6753246753246753 | 0.3246753246753247
Broadcasting | 135 | 0.3575792015530403 | 0.2289857974042146 | 0.2999377129963806 | 0.430546391633744 | 0.3630042306001428 | 0.2020151133501259 | 0.3301405920823202 | 0.4807692307692307 | 0.2106531982595416 | 0.1048808848170152 | 0.1870637743779802 | 0.291547594742265 | 0.9002249203747292 | 0.4187906976744187 | 0.9540988372093024 | 1.458887096774194 | 0.693047698259244 | 0.3262843028569803 | 0.5085348717323374 | 0.9363478075479513 | 1.02354910426058 | 0.6128413627460483 | 0.9381175496723003 | 1.310137111856981 | 0.8604651162790697 | 0.13953488372093026 | 0.6870229007633588 | 0.3129770992366412 | 0.7938931297709924 | 0.20610687022900764
Brokerage & Investment Banking | 553 | 0.3809067030396094 | 0.2383334998334416 | 0.3339365209137808 | 0.4735991976344554 | 0.371011175158677 | 0.2347826086956522 | 0.340191948032932 | 0.4626334519572954 | 0.2238677840001639 | 0.08944271909999159 | 0.1732050807568877 | 0.3193743884534263 | 1.095071297110189 | 0.4083255813953489 | 0.9443125 | 1.655116279069768 | 1.415445360752795 | 1.112440257160755 | 1.307515012756481 | 1.668760606749625 | 1.138992271461813 | 0.682604958567433 | 1.129668765765909 | 1.448305093748165 | 0.8867313915857605 | 0.11326860841423947 | 0.7370441458733206 | 0.26295585412667943 | 0.7734138972809668 | 0.22658610271903323
Building Materials | 416 | 0.3406232284954516 | 0.2334639196319455 | 0.2887120839658584 | 0.3868397601074636 | 0.3324980025700568 | 0.2166172106824925 | 0.2955395019950806 | 0.4125200642054575 | 0.2385155145265411 | 0.1140175425099138 | 0.1987420882906575 | 0.3391164991562634 | 0.9642647766079172 | 0.4516744186046512 | 0.9077857142857142 | 1.408466666666667 | 0.6741074360287219 | 0.3655129195801528 | 0.5855040465275053 | 0.9273556176341784 | 0.846056200069154 | 0.4547920714057266 | 0.7930879632866672 | 1.174419463623925 | 0.8822055137844611 | 0.1177944862155389 | 0.8074074074074075 | 0.19259259259259254 | 0.8148148148148148 | 0.18518518518518523
Business & Consumer Services | 850 | 0.4310525498555117 | 0.2674337301089748 | 0.3530017458287417 | 0.5354624169818085 | 0.3940826993926516 | 0.2246376811594203 | 0.3333333333333334 | 0.4960629921259843 | 0.2258247966681983 | 0.1048808848170152 | 0.2024845673131659 | 0.3271085446759225 | 1.067800440713383 | 0.531925 | 0.9901339697169189 | 1.44 | 0.7199608701637779 | 0.3110038561483983 | 0.5751130485668794 | 1.099180617352857 | 0.8797778500102477 | 0.3988717575591958 | 0.7763078903864595 | 1.270769946610286 | 0.8638184245660881 | 0.13618157543391185 | 0.7345360824742269 | 0.26546391752577314 | 0.8028350515463918 | 0.1971649484536082
Cable TV | 60 | 0.3263472582568829 | 0.2063820666008766 | 0.264395663101093 | 0.3516452758107237 | 0.3453842753257325 | 0.1868079533277772 | 0.266375597801518 | 0.4594279042615294 | 0.2716698219951978 | 0.1264911064067352 | 0.2479406844216464 | 0.3807886552931954 | 1.05894827408517 | 0.6208837209302326 | 0.9626744186046513 | 1.378279069767442 | 0.6131016799516784 | 0.2271187968349157 | 0.4823099149442341 | 0.8362454028130175 | 0.7187740010637862 | 0.4378231813899456 | 0.5725919477348559 | 0.9149143454908428 | 0.864406779661017 | 0.13559322033898302 | 0.711864406779661 | 0.288135593220339 | 0.7796610169491526 | 0.22033898305084743
Chemical (Basic) | 785 | 0.3490405644902986 | 0.2356520091919476 | 0.3106922193625289 | 0.415484295732101 | 0.3476262403962361 | 0.2328535139712108 | 0.3205924122540069 | 0.4225915666358879 | 0.2015589608701234 | 0.1 | 0.1788854381999832 | 0.273861278752583 | 1.082604186213089 | 0.5289069767441861 | 1.031765306122449 | 1.51846511627907 | 0.7735490016012891 | 0.4310348023235947 | 0.7124030089040628 | 1.072409990484497 | 0.8674982353560967 | 0.4898137514384887 | 0.7832985227560582 | 1.155724758640346 | 0.897986577181208 | 0.102013422818792 | 0.8453333333333334 | 0.15466666666666662 | 0.8468708388814914 | 0.1531291611185086
Chemical (Diversified) | 71 | 0.3320080026544326 | 0.2305472540795842 | 0.2996468123256977 | 0.3978119345370568 | 0.3163080820211928 | 0.2171189979123173 | 0.3004484304932735 | 0.3685793034327237 | 0.335363703257372 | 0.1949358868961793 | 0.320902088969416 | 0.5118593556827891 | 1.183964188027692 | 0.7881020408163266 | 1.187068959842001 | 1.772666666666667 | 0.5843391092495751 | 0.3486130964183533 | 0.462740324255026 | 0.7925572410863632 | 0.7853440376432496 | 0.4242054747217302 | 0.6588100600475295 | 1.075704244468368 | 0.9565217391304348 | 0.04347826086956519 | 0.927536231884058 | 0.07246376811594202 | 0.927536231884058 | 0.07246376811594202
Chemical (Specialty) | 811 | 0.3894799620974267 | 0.2580734878550872 | 0.3376 | 0.4570500375693073 | 0.3585000874752661 | 0.2341085271317829 | 0.3274932614555256 | 0.4426877470355732 | 0.2240455204601016 | 0.1048808848170152 | 0.1897366596101027 | 0.3082207001484488 | 1.170261230951833 | 0.6002790697674419 | 1.098511627906977 | 1.629488372093023 | 0.7078069779211896 | 0.3663166435928323 | 0.5817294294682678 | 0.965290066404664 | 0.7841445956042001 | 0.401270871703283 | 0.6212154574012916 | 1.074042312400723 | 0.8453473132372215 | 0.15465268676277855 | 0.779373368146214 | 0.22062663185378595 | 0.8046875 | 0.1953125
Coal & Related Energy | 232 | 0.5957050792430004 | 0.3121168050586191 | 0.5107518805410189 | 0.8117248302226562 | 0.4420654500955495 | 0.2691652470187394 | 0.3924914675767918 | 0.5864022662889519 | 0.1766784358127486 | 0.1048808848170152 | 0.1732050807568877 | 0.2387467277262665 | 1.413802306200815 | 0.7539874999999999 | 1.346364028507127 | 1.939372093023256 | 0.9517616810267826 | 0.5804615530752703 | 0.870760209841865 | 1.234011964171007 | 1.00949534117203 | 0.6656746248409365 | 0.9455456003864954 | 1.289627183832829 | 0.5714285714285714 | 0.4285714285714286 | 0.4672897196261682 | 0.5327102803738317 | 0.4719626168224299 | 0.5280373831775701
Computer Services | 998 | 0.4194247579925322 | 0.2814367898244056 | 0.3632169533512786 | 0.4933787679822188 | 0.3846079460814977 | 0.2277992277992278 | 0.3392857142857143 | 0.491891891891892 | 0.2254315114682957 | 0.1 | 0.2024845673131659 | 0.3114482300479487 | 1.115043153760007 | 0.5974081632653062 | 1.023951612903226 | 1.518775510204082 | 0.828509320552961 | 0.4066358805511056 | 0.7284608822624037 | 1.141902837222316 | 0.9412930046042511 | 0.4507915893538324 | 0.8157803806362958 | 1.313287611412894 | 0.8513053348467651 | 0.14869466515323493 | 0.7614879649890591 | 0.23851203501094087 | 0.7912568306010929 | 0.20874316939890714
Computers/Peripherals | 340 | 0.3955023606713657 | 0.2668962345182112 | 0.3431943274133695 | 0.4647048833092122 | 0.3961376819921829 | 0.2532588454376165 | 0.344451856329866 | 0.5099818511796733 | 0.2517029581237635 | 0.1341640786499874 | 0.2366431913239846 | 0.3478505426185217 | 1.453664824084938 | 0.7652325581395351 | 1.275046511627907 | 1.862232558139535 | 0.9091645721566748 | 0.5415111657868803 | 0.8561087632222488 | 1.206364884489046 | 0.9698988968918567 | 0.5574204548480852 | 0.9118246872197484 | 1.240924142472623 | 0.7328990228013029 | 0.2671009771986971 | 0.6389776357827476 | 0.3610223642172524 | 0.6496815286624203 | 0.35031847133757965
Construction Supplies | 746 | 0.3544237232351081 | 0.2389594835586332 | 0.3135848075635991 | 0.413625917950024 | 0.34710912725935 | 0.2263814616755793 | 0.314282449954618 | 0.4317874831157136 | 0.2118317013690851 | 0.1 | 0.1816590212458495 | 0.298328677803526 | 1.137405163152854 | 0.5357441860465116 | 1.056227946017117 | 1.582627906976744 | 0.7909168994967498 | 0.4795092701768656 | 0.718799292902141 | 1.100531394216292 | 0.9011066547253562 | 0.5272230052283507 | 0.8568727714683403 | 1.221315559984126 | 0.8798842257597684 | 0.12011577424023157 | 0.7315340909090909 | 0.26846590909090906 | 0.7940340909090909 | 0.20596590909090906
Diversified | 336 | 0.2721163860210274 | 0.1897366596101027 | 0.224272235786512 | 0.3071814601147052 | 0.2812808690465901 | 0.1574675324675324 | 0.2198829648894668 | 0.3408929836995038 | 0.2395569729346305 | 0.1048808848170152 | 0.197484176581315 | 0.3435112807463533 | 0.918928291446996 | 0.371906976744186 | 0.819953488372093 | 1.386860465116279 | 0.7353243935148753 | 0.3750569949643915 | 0.5973205802502165 | 1.078839306326839 | 0.9074938403107242 | 0.4222060382554678 | 0.8296059834999926 | 1.329345209754661 | 0.8993288590604027 | 0.10067114093959728 | 0.8019169329073482 | 0.19808306709265178 | 0.8161290322580645 | 0.18387096774193545
Drugs (Biotechnology) | 975 | 0.6180480679246672 | 0.4337741347752306 | 0.5889803052734446 | 0.7535255910229794 | 0.5258009876053588 | 0.3631778058007567 | 0.4877650897226754 | 0.6727272727272727 | 0.2108136958874181 | 0.1140175425099138 | 0.2024845673131659 | 0.2880972058177587 | 1.44229019236964 | 0.8763777777777777 | 1.39219279819955 | 1.996581395348838 | 0.7877262313006002 | 0.4641744015352253 | 0.7110642015810075 | 0.9920387637036244 | 0.8164719482172301 | 0.4714742776172258 | 0.7029937464048339 | 0.9892456936593734 | 0.20092378752886836 | 0.7990762124711317 | 0.1573157315731573 | 0.8426842684268427 | 0.14945054945054945 | 0.8505494505494505
Drugs (Pharmaceutical) | 1175 | 0.4612035284426331 | 0.2618365902619418 | 0.3641515433781942 | 0.5618387959352982 | 0.4431166298149922 | 0.2686230248306998 | 0.3895640394409493 | 0.5885714285714286 | 0.1967448645991786 | 0.1048808848170152 | 0.1760681686165901 | 0.273861278752583 | 1.288565329059044 | 0.6196279069767442 | 1.120532070517629 | 1.753444444444444 | 0.7622500331352017 | 0.3961356094284908 | 0.6405891794390208 | 1.032788950293087 | 0.8023554128423901 | 0.4254649727956399 | 0.6616045398559247 | 1.091042620228281 | 0.6460945033751205 | 0.35390549662487947 | 0.5651376146788991 | 0.4348623853211009 | 0.5743119266055046 | 0.42568807339449544
Education | 189 | 0.4203843832672527 | 0.2612923251990398 | 0.3631815930980222 | 0.5396305042166176 | 0.4089207023412929 | 0.2476489028213166 | 0.3598272376309309 | 0.5152487961476725 | 0.1984570225183034 | 0.08944271909999159 | 0.170293863659264 | 0.2898275349237888 | 1.157482345065433 | 0.2724795918367347 | 0.9247419316563836 | 1.758162790697675 | 0.7995909503041054 | 0.3729190951163214 | 0.6940388868285983 | 1.124260218778518 | 0.9553922402846531 | 0.4285615034613757 | 0.9406245308526082 | 1.294483032974589 | 0.8771929824561403 | 0.1228070175438597 | 0.7325581395348837 | 0.2674418604651163 | 0.7906976744186046 | 0.2093023255813954
Electrical Equipment | 907 | 0.4081293832331129 | 0.2765782761844156 | 0.355471517846367 | 0.4779960801424828 | 0.4146471215275466 | 0.2714558169103624 | 0.369826435246996 | 0.5016393442622951 | 0.210877601091171 | 0.1095445115010332 | 0.1884097644743999 | 0.282842712474619 | 1.273148106372818 | 0.6823953488372092 | 1.241223180795199 | 1.725697674418605 | 0.8495752906140891 | 0.4582508408828561 | 0.7685640808370952 | 1.126085976214489 | 0.9176314528515838 | 0.4987648529585719 | 0.8088151658471099 | 1.19399783018343 | 0.7973137973137974 | 0.20268620268620263 | 0.7026378896882494 | 0.29736211031175064 | 0.7113772455089821 | 0.28862275449101793
Electronics (Consumer & Office) | 150 | 0.4212272262303413 | 0.3070735316600143 | 0.3902155429430668 | 0.5159905169595977 | 0.413500418167439 | 0.2818280739934712 | 0.39 | 0.505876709042936 | 0.2213199468187444 | 0.1341640786499874 | 0.216794833886788 | 0.3130495168499706 | 1.40165715042357 | 0.9131935483870968 | 1.282015433673469 | 1.783046511627907 | 0.9497824247062291 | 0.6698006658371624 | 0.9373616043253103 | 1.209744939210992 | 1.011308639635906 | 0.689161068392313 | 0.9617599985846859 | 1.255549275869528 | 0.7608695652173914 | 0.23913043478260865 | 0.5971223021582733 | 0.40287769784172667 | 0.65 | 0.35
Electronics (General) | 1318 | 0.4124572084609204 | 0.2868548662402545 | 0.3692034298850825 | 0.4867509133149143 | 0.3937289212085883 | 0.2735703245749613 | 0.3663255742293322 | 0.482225656877898 | 0.2452784057792119 | 0.130384048104053 | 0.2280350850198276 | 0.340587727318528 | 1.367388519794464 | 0.7932551020408165 | 1.27643023255814 | 1.810697674418605 | 0.8706952895525533 | 0.5348422106971763 | 0.8466796379685295 | 1.159056126855536 | 0.9239442269040963 | 0.5436548637790948 | 0.9023811335208489 | 1.232746081894252 | 0.8115015974440895 | 0.18849840255591055 | 0.6986518636003172 | 0.30134813639968283 | 0.7173396674584323 | 0.28266033254156775
Engineering/Construction | 1183 | 0.3876479591779352 | 0.2599392236658408 | 0.3338938426784301 | 0.442563476542327 | 0.3623661053995458 | 0.2191235059760956 | 0.3283582089552239 | 0.4616497829232996 | 0.2213291586258717 | 0.1048808848170152 | 0.197484176581315 | 0.3065941943351178 | 1.158621290317729 | 0.6335999999999999 | 1.096813953488372 | 1.595232558139535 | 0.8389247461033154 | 0.4796506577125715 | 0.7880438845796012 | 1.161597508014251 | 0.9180852437976127 | 0.4960487692503392 | 0.857784577063567 | 1.254233533739727 | 0.874409820585458 | 0.12559017941454198 | 0.7822057460611678 | 0.21779425393883223 | 0.8231481481481482 | 0.17685185185185182
Entertainment | 634 | 0.5021672164100712 | 0.3224149261671745 | 0.4229082767295005 | 0.6299257099055412 | 0.4860598596750667 | 0.3109243697478992 | 0.4371002132196162 | 0.6302274394717535 | 0.1827402159435562 | 0.09486832980505137 | 0.1643167672515498 | 0.2569046515733026 | 1.311404541252757 | 0.561093023255814 | 1.114391602067184 | 1.765604651162791 | 1.162353477744363 | 0.732498632107707 | 1.084049685651126 | 1.34645551917477 | 1.207464888028634 | 0.7979136773459591 | 1.113744414065104 | 1.41497450147208 | 0.659047619047619 | 0.340952380952381 | 0.518918918918919 | 0.48108108108108105 | 0.5413669064748201 | 0.4586330935251799
Environmental & Waste Services | 321 | 0.4662821084681793 | 0.2683274736604865 | 0.3683999999999999 | 0.614746777136733 | 0.4685094393543132 | 0.2595419847328244 | 0.4144375229021618 | 0.6402481047553411 | 0.1945811419249271 | 0.08944271909999159 | 0.161245154965971 | 0.2792848008753788 | 1.182739432369504 | 0.5264651162790699 | 1.082510204081633 | 1.649645161290323 | 0.8648588860956858 | 0.4041367725423921 | 0.7531200354789668 | 1.162794432112657 | 0.992556346507357 | 0.4788317005497651 | 0.838745635711176 | 1.357604859963674 | 0.7730769230769231 | 0.2269230769230769 | 0.6568265682656826 | 0.34317343173431736 | 0.7111111111111111 | 0.28888888888888886
Farming/Agriculture | 407 | 0.3514966373132052 | 0.2291025971044414 | 0.3113878610350763 | 0.4159086438149608 | 0.3563462904537917 | 0.2099767981438515 | 0.3158257038617746 | 0.4545454545454546 | 0.1661497681205489 | 0.07745966692414834 | 0.1322740633770202 | 0.223606797749979 | 0.8270377954958509 | 0.324093023255814 | 0.7587790322580645 | 1.250720930232558 | 0.8092303169132191 | 0.4770575805234398 | 0.7163971222093286 | 1.119383232333196 | 0.8941904381358424 | 0.5251132989602378 | 0.849934908312714 | 1.154068627590287 | 0.8022284122562674 | 0.1977715877437326 | 0.6532258064516129 | 0.3467741935483871 | 0.6908602150537635 | 0.3091397849462365
Financial Svcs. (Non-bank & Insurance) | 1048 | 0.3387435485543928 | 0.1985628364019813 | 0.2826248396726657 | 0.41575191541641 | 0.323900860345393 | 0.1607142857142857 | 0.2646598153820924 | 0.4305555555555555 | 0.2029047097123163 | 0.07745966692414834 | 0.161245154965971 | 0.2810693864511039 | 0.8033813244951 | 0.2327441860465116 | 0.7104651162790698 | 1.248322580645161 | 0.921144158983903 | 0.3433445233700583 | 0.7731140128320778 | 1.239505011990705 | 0.9163124679870562 | 0.4042257431679913 | 0.7468247323843367 | 1.309424677814748 | 0.9111470113085622 | 0.08885298869143776 | 0.7793814432989691 | 0.22061855670103092 | 0.7488584474885844 | 0.25114155251141557
Food Processing | 1234 | 0.3343452960809856 | 0.2172232031805074 | 0.2852948535960158 | 0.3973098729394163 | 0.3328035719770517 | 0.1960953201263278 | 0.2916666666666666 | 0.4222222222222223 | 0.1737343219621224 | 0.07745966692414834 | 0.1483239697419133 | 0.2489979919597747 | 0.7751208897906653 | 0.274741935483871 | 0.6419767441860466 | 1.135441860465116 | 0.7258713897147804 | 0.3479690777826825 | 0.5962946531678617 | 1.024371431468456 | 0.8533472691806904 | 0.4105882985269763 | 0.7295621981170115 | 1.169995257245655 | 0.8758802816901409 | 0.12411971830985913 | 0.7707612456747405 | 0.22923875432525953 | 0.8003457216940363 | 0.19965427830596372
Food Wholesalers | 156 | 0.345007573677656 | 0.2024515628344658 | 0.2694794982925417 | 0.450797112195316 | 0.360638181591967 | 0.1961414790996785 | 0.2967227635075288 | 0.4819170832108204 | 0.190594862975296 | 0.07745966692414834 | 0.151657508881031 | 0.2664582518894845 | 0.8689207031750648 | 0.2516976744186046 | 0.6462325581395348 | 1.081855555555556 | 0.7610542472612188 | 0.3782990505900979 | 0.58731209818659 | 1.202603960930411 | 0.9556663895718793 | 0.459825649430436 | 0.8136977916162413 | 1.363977800551666 | 0.8888888888888888 | 0.11111111111111116 | 0.7605633802816901 | 0.23943661971830987 | 0.8111888111888111 | 0.18881118881118886
Furn/Home Furnishings | 317 | 0.3385420718349086 | 0.2428629243009316 | 0.3016631733384013 | 0.3828622489085915 | 0.3529020644473322 | 0.2348804500703234 | 0.3332366869624045 | 0.441280866167871 | 0.2101023251172357 | 0.1183215956619923 | 0.1870828693386971 | 0.2792848008753788 | 0.9972269330419283 | 0.490234693877551 | 0.9589111111111113 | 1.479 | 0.7668389040227509 | 0.4018839993165563 | 0.6440875564933709 | 1.057532423643474 | 0.8849433068886875 | 0.4716504513324604 | 0.7306093482844396 | 1.193846335697792 | 0.8803986710963455 | 0.11960132890365449 | 0.7763157894736842 | 0.22368421052631582 | 0.7894736842105263 | 0.21052631578947367
Green & Renewable Energy | 189 | 0.3875175639370518 | 0.2092959626939803 | 0.2965300866820976 | 0.4603724293684709 | 0.3894756645346032 | 0.1653447223917023 | 0.3093093093093094 | 0.5571878279118574 | 0.1666029007363758 | 0.06324555320336758 | 0.1396309218791059 | 0.2387467277262665 | 1.037060818783689 | 0.4235625 | 0.8958064516129034 | 1.483370967741936 | 1.037610700342796 | 0.4897490308437032 | 0.8972159094573903 | 1.308653172209205 | 1.156657068912741 | 0.6238961016212871 | 1.131829654889505 | 1.415166859873036 | 0.8589743589743589 | 0.14102564102564108 | 0.6787878787878788 | 0.32121212121212117 | 0.7696969696969697 | 0.23030303030303034
Healthcare Products | 707 | 0.4889744361057464 | 0.2899380941882913 | 0.41436069799517 | 0.6071573107523288 | 0.4491939668757042 | 0.2621809744779582 | 0.3924050632911392 | 0.6 | 0.2246102808633265 | 0.1048808848170152 | 0.2024845673131659 | 0.3130495168499706 | 1.203330235889094 | 0.6532244897959184 | 1.089118475452196 | 1.625666666666667 | 0.7125987573091571 | 0.3653565775864908 | 0.5923214103515251 | 1.000117072129262 | 0.8035090764513514 | 0.4234339008897513 | 0.6752661071033949 | 1.117508551006746 | 0.5371248025276462 | 0.46287519747235384 | 0.4500768049155146 | 0.5499231950844854 | 0.48006134969325154 | 0.5199386503067485
Healthcare Support Services | 362 | 0.4002997746936857 | 0.2435790608375537 | 0.3356216312501509 | 0.4741127511081712 | 0.4012480565257537 | 0.2290805785123967 | 0.3379225693467179 | 0.5025906735751295 | 0.2260058157886003 | 0.1048808848170152 | 0.2144761058952722 | 0.3162277660168379 | 1.073954847985857 | 0.564093023255814 | 0.9509475056689343 | 1.449209677419355 | 0.7793572359012095 | 0.3316439005387395 | 0.6399085731112846 | 1.150556296549561 | 0.9244816110140993 | 0.4396818955895767 | 0.8100395703117392 | 1.246915389746306 | 0.8238993710691824 | 0.17610062893081757 | 0.7103658536585366 | 0.28963414634146345 | 0.7560975609756098 | 0.24390243902439024
Heathcare Information and Technology | 357 | 0.5139247274835415 | 0.3189984325980302 | 0.4330793310773089 | 0.6420064701327454 | 0.4695920290052357 | 0.3137254901960785 | 0.4102339181286551 | 0.6 | 0.2297392323372111 | 0.09486832980505137 | 0.1816590212458495 | 0.322490309931942 | 1.317029345825143 | 0.5726666666666668 | 1.172611111111111 | 1.642677419354839 | 0.861998957746842 | 0.4583529561986402 | 0.7701402588568849 | 1.148455710085945 | 0.9630987829667192 | 0.542525076601253 | 0.829858294169314 | 1.237982808495692 | 0.52 | 0.48 | 0.4205607476635514 | 0.5794392523364487 | 0.42990654205607476 | 0.5700934579439252
Homebuilding | 164 | 0.3534609266719973 | 0.2400477622377259 | 0.2959724947474999 | 0.4210401865732978 | 0.3399243604630142 | 0.2130518234165067 | 0.2999671605669799 | 0.4229895502044526 | 0.259135494537967 | 0.1449137674618944 | 0.2655166914979718 | 0.3577708763999664 | 0.9282890356021544 | 0.5660161290322581 | 0.8947741935483872 | 1.264488372093023 | 0.8241580481311432 | 0.5086642493732274 | 0.7632588720074706 | 1.077082539790281 | 0.9658975754371862 | 0.6308493901170785 | 0.898400004351366 | 1.248549904816113 | 0.8580645161290322 | 0.14193548387096777 | 0.8280254777070064 | 0.1719745222929936 | 0.8280254777070064 | 0.1719745222929936
Hospitals/Healthcare Facilities | 203 | 0.3371582558799336 | 0.1896526147610791 | 0.2710155499770011 | 0.3914754507902489 | 0.3059377110884542 | 0.1587837837837838 | 0.252620385842321 | 0.3857911123690915 | 0.1854112597832968 | 0.07745966692414834 | 0.161245154965971 | 0.260768096208106 | 0.8530418948746132 | 0.3123875 | 0.70871875 | 1.155418604651163 | 0.6843907679872802 | 0.3085529600251513 | 0.5015998641873815 | 0.9695165213328079 | 0.8877744783756182 | 0.4287933184974996 | 0.8031805698031267 | 1.228923994964218 | 0.9319371727748691 | 0.0680628272251309 | 0.7447916666666666 | 0.25520833333333337 | 0.8333333333333334 | 0.16666666666666663
Hotel/Gaming | 646 | 0.3609056295136202 | 0.2295785489988727 | 0.3101319367330913 | 0.4408003111225244 | 0.3312017473062578 | 0.1929005137786081 | 0.2781746031746032 | 0.4153846153846154 | 0.1853262734531254 | 0.08366600265340755 | 0.161245154965971 | 0.2529822128134703 | 0.9214920843762887 | 0.2522093023255814 | 0.8042815245478037 | 1.371976744186046 | 0.7923746420723229 | 0.3944185426275129 | 0.7125445857494841 | 1.118304827864423 | 0.9873154429813913 | 0.5541072931561762 | 0.960287452559408 | 1.282544743626327 | 0.8647260273972602 | 0.13527397260273977 | 0.7045075125208681 | 0.2954924874791319 | 0.7378964941569283 | 0.26210350584307174
Household Products | 544 | 0.4139699102309063 | 0.2515201242074994 | 0.3339365209137808 | 0.468423888300367 | 0.4255859065107069 | 0.249263406010607 | 0.3741380595624137 | 0.5567651632970452 | 0.1695124812716515 | 0.07745966692414834 | 0.1378404875209022 | 0.2387467277262665 | 1.018661142615693 | 0.3837888888888888 | 0.8425813953488372 | 1.438555555555556 | 0.8226281571182614 | 0.3762372621551741 | 0.6859825219700534 | 1.139766875454784 | 0.9374106432276943 | 0.4299890350148742 | 0.8280886320424161 | 1.25941998054246 | 0.7680180180180181 | 0.23198198198198194 | 0.6544276457883369 | 0.3455723542116631 | 0.7056277056277056 | 0.2943722943722944
Information Services | 214 | 0.4053424580346661 | 0.2318534198928459 | 0.3380425022290616 | 0.4904492634309893 | 0.4175950781917219 | 0.2157534246575343 | 0.3582538707101116 | 0.5615866388308978 | 0.2656010966244672 | 0.1 | 0.223606797749979 | 0.3687817782917155 | 1.190781052730119 | 0.6267674418604652 | 1.015636111111111 | 1.455325581395349 | 0.6977860019897634 | 0.3412072941439728 | 0.5580366050456037 | 0.9033736619104491 | 0.8109863711389732 | 0.4035963832896781 | 0.6795362075404641 | 1.104032311244368 | 0.8191489361702128 | 0.18085106382978722 | 0.6868686868686869 | 0.31313131313131315 | 0.7575757575757576 | 0.24242424242424243
Insurance (General) | 216 | 0.2540578640015164 | 0.1759836799528755 | 0.2304 | 0.2865024896850719 | 0.2494684050344052 | 0.1264367816091954 | 0.1906985580865148 | 0.2932862190812721 | 0.210813230061472 | 0.07071067811865475 | 0.1414213562373095 | 0.3130495168499706 | 0.6417513851946819 | 0.06913953488372095 | 0.6163709677419354 | 1.045395348837209 | 0.7302664794916341 | 0.3503450901971202 | 0.6277416967464418 | 1.088154353968415 | 0.7755802837180562 | 0.3614766403768608 | 0.6747629300115593 | 1.129678877911196 | 0.8811881188118812 | 0.1188118811881188 | 0.8571428571428571 | 0.1428571428571429 | 0.8380952380952381 | 0.16190476190476188
Insurance (Life) | 130 | 0.266027288394192 | 0.1851464285369826 | 0.2353578639814931 | 0.302076016922893 | 0.2473913278757792 | 0.1650909090909091 | 0.2148634760145552 | 0.303388223122683 | 0.3240235404368344 | 0.130384048104053 | 0.3082207001484488 | 0.4868264577855234 | 0.96807860331325 | 0.4247666666666667 | 1.051976744186047 | 1.414069767441861 | 0.6771732115740333 | 0.3550743982453551 | 0.5730044948058323 | 0.9304185479851109 | 0.6327246816558216 | 0.3317801521689036 | 0.5455497040939846 | 0.8966403241597841 | 0.8487394957983193 | 0.1512605042016807 | 0.8360655737704918 | 0.16393442622950816 | 0.8360655737704918 | 0.16393442622950816
Insurance (Prop/Cas.) | 220 | 0.2641752767283208 | 0.1798768347388726 | 0.2267141600007101 | 0.3048435664402318 | 0.2285930432577287 | 0.1460557146576413 | 0.1989537925021796 | 0.2663755458515283 | 0.215634071757362 | 0.07745966692414834 | 0.170293863659264 | 0.324037034920393 | 0.5759998257628728 | 0.1889767441860465 | 0.5572 | 0.9584444444444445 | 0.7488104333973337 | 0.4304430157306394 | 0.6581430967168929 | 1.033663825531343 | 0.7503501753670396 | 0.4023531055106701 | 0.669849903300337 | 1.054561728982838 | 0.9061032863849765 | 0.0938967136150235 | 0.8744186046511628 | 0.12558139534883717 | 0.8796296296296297 | 0.12037037037037035
Investments & Asset Management | 1018 | 0.3852671367662917 | 0.2092959626939803 | 0.3066105028894047 | 0.4809824321116105 | 0.3481336688910561 | 0.1462788708297691 | 0.2903225806451613 | 0.4767932489451477 | 0.1963537990590999 | 0.07071067811865475 | 0.1483239697419133 | 0.2569046515733026 | 0.9134088877861163 | 0.3035813953488372 | 0.7418949737434359 | 1.289790322580645 | 1.074412806723556 | 0.5909793528030602 | 1.065139847778921 | 1.377964370584225 | 1.192395930040341 | 0.7246250718676195 | 1.167604790142628 | 1.487215641203547 | 0.7179930795847751 | 0.2820069204152249 | 0.6140749148694665 | 0.3859250851305335 | 0.5914110429447853 | 0.4085889570552147
Machinery | 1314 | 0.3725104449417153 | 0.2596716016233873 | 0.3324186276369 | 0.4377252202250319 | 0.3529747861918657 | 0.2325135182278039 | 0.3277545327754533 | 0.4285714285714285 | 0.2542376195298834 | 0.1224744871391589 | 0.216794833886788 | 0.3619392214170772 | 1.200440891565702 | 0.6704516129032259 | 1.182389664082688 | 1.646581395348837 | 0.7821820648648087 | 0.427388309036197 | 0.6860908823424434 | 1.068332731838485 | 0.8645224548429649 | 0.4688386258530297 | 0.7453780579646113 | 1.179356356844486 | 0.8904109589041096 | 0.1095890410958904 | 0.8096 | 0.1904 | 0.84 | 0.16000000000000003
Metals & Mining | 1549 | 0.7437056470133934 | 0.4279834108934598 | 0.7183275251320628 | 1.041057923460554 | 0.5189585559854463 | 0.3626373626373627 | 0.5000000000000001 | 0.6666666666666666 | 0.1554141857361454 | 0.07071067811865475 | 0.1264911064067352 | 0.2073644135332772 | 1.476994272591805 | 0.7031000000000001 | 1.3215875 | 2.023186046511628 | 0.9649053403069323 | 0.6154930736026639 | 0.878028921944176 | 1.204829124791849 | 1.070797039660193 | 0.6887416345860587 | 0.9955267639383595 | 1.328042836093129 | 0.3629955947136564 | 0.6370044052863436 | 0.25777470628887356 | 0.7422252937111264 | 0.23358673116793366 | 0.7664132688320664
Office Equipment & Services | 156 | 0.3712271239625359 | 0.2493290581803734 | 0.3221853947208479 | 0.478374966627281 | 0.353071089111869 | 0.2157077825920035 | 0.3116671180212234 | 0.4347522679692952 | 0.2179528695045801 | 0.1048808848170152 | 0.1843908891458577 | 0.3162277660168379 | 1.017402202424227 | 0.49495 | 0.8500322580645161 | 1.375555555555555 | 0.8142942955670176 | 0.4259780938009238 | 0.7293451500817427 | 1.088172994512267 | 0.9696864794648868 | 0.46782869613176 | 0.8580549757110872 | 1.317964886249747 | 0.8985507246376812 | 0.10144927536231885 | 0.8 | 0.19999999999999996 | 0.8142857142857143 | 0.18571428571428572
Oil/Gas (Integrated) | 49 | 0.2891775928964843 | 0.1878915049201144 | 0.23597597801674 | 0.3227117245202863 | 0.2622532437051895 | 0.1464901585089705 | 0.2087933486029684 | 0.2829090909090909 | 0.3277894532547534 | 0.158113883008419 | 0.3464101615137755 | 0.4764451699828638 | 1.323540998897684 | 0.9490645161290322 | 1.237822580645161 | 1.588032258064516 | 0.7335322022519609 | 0.4486542429817466 | 0.6168578440246284 | 0.8741390882478456 | 0.8724595546298635 | 0.5933623385752418 | 0.8300267038365741 | 1.055769855831465 | 0.8913043478260869 | 0.10869565217391308 | 0.8297872340425532 | 0.17021276595744683 | 0.851063829787234 | 0.14893617021276595
Oil/Gas (Production and Exploration) | 852 | 0.6206362200401091 | 0.3787110254750006 | 0.5491495400993287 | 0.7968 | 0.5389597026797286 | 0.355130875826465 | 0.50668903803132 | 0.7142857142857143 | 0.1850977066338678 | 0.07745966692414834 | 0.1549193338482967 | 0.2701851217221259 | 1.557867776377727 | 0.7247674418604653 | 1.344162790697675 | 2.18375 | 1.190650301441228 | 0.8021756713217124 | 1.093015024886148 | 1.425371850397017 | 1.341919936271191 | 0.8917768169061353 | 1.266350563522735 | 1.634455576544583 | 0.5693548387096774 | 0.4306451612903226 | 0.32664756446991405 | 0.673352435530086 | 0.3651925820256776 | 0.6348074179743224
Oil/Gas Distribution | 143 | 0.3331707546081284 | 0.2372415158485236 | 0.309075246003797 | 0.3975761297504773 | 0.3247024309992246 | 0.1768669286917462 | 0.2633064102860808 | 0.411630558722919 | 0.2432534150281369 | 0.1264911064067352 | 0.2213594362117866 | 0.3361547262794322 | 1.223202969506337 | 0.6255 | 1.203534108527132 | 1.678375 | 0.7638030345950769 | 0.3539919262564705 | 0.6872169045971512 | 1.120941686313013 | 0.9107580340305067 | 0.4696344061580562 | 0.8756911053159246 | 1.346034470901771 | 0.9307692307692308 | 0.0692307692307692 | 0.6717557251908397 | 0.3282442748091603 | 0.7786259541984732 | 0.22137404580152675
Oilfield Svcs/Equip. | 517 | 0.463383212200275 | 0.3068937662836829 | 0.3940420069315145 | 0.5500051709515053 | 0.4390884415576889 | 0.263498920086393 | 0.3876146788990825 | 0.6084099868593955 | 0.2120032256731373 | 0.1 | 0.1897366596101027 | 0.3082207001484488 | 1.374023508929621 | 0.7367674418604652 | 1.235687734433609 | 1.808372093023256 | 0.9604514127572877 | 0.5924699802195239 | 0.9560389825165853 | 1.22287256878084 | 1.062947410078963 | 0.6650050995375583 | 1.024398592912327 | 1.338511528063066 | 0.7846153846153846 | 0.2153846153846154 | 0.5534188034188035 | 0.44658119658119655 | 0.6417910447761194 | 0.35820895522388063
Packaging & Container | 402 | 0.3438315252222116 | 0.2377322102147391 | 0.3070854469015727 | 0.4116367330547652 | 0.3496588168111511 | 0.2138728323699422 | 0.3163668275559456 | 0.4330357142857142 | 0.1924237472941317 | 0.08366600265340755 | 0.1643167672515498 | 0.2469817807045694 | 0.8221837000668356 | 0.3143488372093023 | 0.7568837209302326 | 1.240209302325582 | 0.5927221101434171 | 0.3163308384692397 | 0.4765712232324497 | 0.798310485861075 | 0.7741864907020255 | 0.3590554176656521 | 0.6602423830316178 | 1.13640617870178 | 0.9262295081967213 | 0.07377049180327866 | 0.8031496062992126 | 0.19685039370078738 | 0.8608923884514436 | 0.13910761154855644
Paper/Forest Products | 292 | 0.369642693013206 | 0.2525987902528619 | 0.3293013139389965 | 0.4293250516799596 | 0.367417026531153 | 0.2491694352159469 | 0.3420594965675058 | 0.4701298701298701 | 0.1917761674665675 | 0.07745966692414834 | 0.1643167672515498 | 0.2810693864511039 | 1.041144125096583 | 0.4564418604651163 | 0.9952044261065267 | 1.527023255813953 | 0.8120048719642875 | 0.4684236014207045 | 0.7147852977355013 | 1.12421520267377 | 1.00996450310489 | 0.639566512775197 | 0.9867053979562426 | 1.304773398758277 | 0.9037037037037037 | 0.09629629629629632 | 0.7408759124087592 | 0.25912408759124084 | 0.8095238095238095 | 0.19047619047619047
Power | 529 | 0.2727627656655621 | 0.1764338160007073 | 0.2318237071908683 | 0.3175030422187823 | 0.2481152378772152 | 0.1383315733896515 | 0.2067435669920142 | 0.32 | 0.1952796451650142 | 0.1048808848170152 | 0.1870828693386971 | 0.2701851217221259 | 0.8137745758610615 | 0.2410806451612903 | 0.7017906976744187 | 1.161069767441861 | 0.6250375506373413 | 0.2887980980615312 | 0.4899453207022646 | 0.8750450248469248 | 0.7828903448369435 | 0.3799360626981808 | 0.6691244997422998 | 1.084196589663696 | 0.9268774703557312 | 0.0731225296442688 | 0.8268482490272373 | 0.1731517509727627 | 0.8813229571984436 | 0.11867704280155644
Precious Metals | 871 | 0.7909355250638508 | 0.5350573801004898 | 0.7690024707372531 | 1.0356 | 0.5224072969180609 | 0.3626373626373627 | 0.5 | 0.6666666666666666 | 0.120183589569845 | 0.06324555320336758 | 0.1048808848170152 | 0.1643167672515498 | 1.27823301403479 | 0.4382 | 1.1469875 | 1.8368875 | 1.07251536567769 | 0.7055995644331163 | 0.9806983566121461 | 1.292634341336744 | 1.178480987234766 | 0.7639356375739633 | 1.095126032123466 | 1.423453130926796 | 0.3073322932917317 | 0.6926677067082683 | 0.1811320754716981 | 0.8188679245283019 | 0.18364779874213835 | 0.8163522012578617
Publishing & Newspapers | 353 | 0.3951017831842747 | 0.2518715268843342 | 0.319255253593485 | 0.4428 | 0.3682913791867615 | 0.22 | 0.3195876288659794 | 0.4590813709489391 | 0.1955212013166003 | 0.09486832980505137 | 0.1627809611087604 | 0.2756809750418044 | 0.981109079103497 | 0.3789069767441861 | 0.8500232558139535 | 1.387139534883721 | 0.8558686840301294 | 0.4105293123990493 | 0.719896881658046 | 1.156098163461969 | 1.040627839512578 | 0.5645583465782276 | 1.026207787143503 | 1.349397689045575 | 0.8584615384615385 | 0.1415384615384615 | 0.716012084592145 | 0.28398791540785495 | 0.770392749244713 | 0.22960725075528698
R.E.I.T. | 727 | 0.1906738315315371 | 0.1362948162003123 | 0.1642350892089757 | 0.2028063904318599 | 0.1687087480415484 | 0.09300746775288526 | 0.1327913279132791 | 0.1961414790996785 | 0.2465493836050512 | 0.1264911064067352 | 0.2366431913239846 | 0.3591656999213594 | 0.5458037066120043 | 0.2652325581395349 | 0.5163023255813954 | 0.7600000000000001 | 0.4614199530170503 | 0.2017977251729242 | 0.3488699092884423 | 0.6023980592609818 | 0.8756240173109605 | 0.5267483240993014 | 0.8461304642430341 | 1.146945591053963 | 0.9714828897338403 | 0.028517110266159662 | 0.8775510204081632 | 0.12244897959183676 | 0.9377845220030349 | 0.06221547799696514
Real Estate (Development) | 811 | 0.3489170504093789 | 0.2243826156567287 | 0.3128813835659725 | 0.4293250516799596 | 0.3391315294979231 | 0.2208835341365462 | 0.3141091658084449 | 0.4219858156028369 | 0.1967199389960587 | 0.09486832980505137 | 0.1732050807568877 | 0.2720294101747089 | 1.158342156368251 | 0.4784883720930234 | 0.9231162790697675 | 1.58053488372093 | 0.9814857998949724 | 0.5818336669152852 | 0.9100584236150159 | 1.268928860223794 | 1.002160741405838 | 0.5483652804776813 | 0.8727352998596758 | 1.306075490269573 | 0.8007968127490039 | 0.19920318725099606 | 0.7719072164948454 | 0.2280927835051546 | 0.7532133676092545 | 0.2467866323907455
Real Estate (General/Diversified) | 399 | 0.3287012756677928 | 0.2105307578478736 | 0.2777582678694859 | 0.3935999999999999 | 0.3455127699593654 | 0.1878646441073512 | 0.283676703645008 | 0.4109772423025436 | 0.2267008102228173 | 0.1048808848170152 | 0.2 | 0.3193743884534263 | 1.017159627074068 | 0.4191860465116279 | 0.939639534883721 | 1.474951612903226 | 0.9264665446693512 | 0.5183339586519077 | 0.8500983098113168 | 1.277858066016073 | 1.000292361722403 | 0.5782193527478606 | 0.9874844419522094 | 1.32364394782867 | 0.8461538461538461 | 0.15384615384615385 | 0.804177545691906 | 0.19582245430809397 | 0.7874015748031497 | 0.21259842519685035
Real Estate (Operations & Services) | 645 | 0.322565592143818 | 0.1851814245544083 | 0.2488004501603645 | 0.395525796551508 | 0.299713879173631 | 0.1397058823529412 | 0.2244291475877127 | 0.3886621315192744 | 0.1888529552354018 | 0.08366600265340755 | 0.158113883008419 | 0.2810693864511039 | 0.8059744816701755 | 0.2159677419354838 | 0.7040806451612903 | 1.121255813953489 | 0.802739540752954 | 0.3559177317260504 | 0.7099013533845249 | 1.189532177146736 | 1.045580346877192 | 0.6166232710101647 | 0.9845181677404183 | 1.372985510935324 | 0.843351548269581 | 0.15664845173041897 | 0.7450331125827815 | 0.2549668874172185 | 0.7790697674418605 | 0.22093023255813948
Recreation | 325 | 0.3760707637187774 | 0.2431888155322937 | 0.3226394560145294 | 0.4401890502954384 | 0.3751666895830151 | 0.2117465224111283 | 0.3280908983311634 | 0.4776119402985075 | 0.1991489965792726 | 0.09486832980505137 | 0.1816590212458495 | 0.2792848008753788 | 0.9096022635038296 | 0.3760697674418605 | 0.8174917312661498 | 1.250887096774194 | 0.8260152378319277 | 0.4111183465269858 | 0.7268589659551002 | 1.100437317816177 | 0.9932355573494804 | 0.5187935992898457 | 0.840097853902114 | 1.334063710260505 | 0.8263888888888888 | 0.17361111111111116 | 0.7142857142857143 | 0.2857142857142857 | 0.7123287671232876 | 0.28767123287671237
Reinsurance | 36 | 0.2542505275395526 | 0.1588219925465478 | 0.1906074500117978 | 0.2448 | 0.2697570266046189 | 0.1266315861409144 | 0.2319135196494916 | 0.4292328042328041 | 0.2623123958480706 | 0.1 | 0.2073644135332772 | 0.3872983346207417 | 0.9461600843838409 | 0.3633255813953488 | 0.8722414728682171 | 1.237511627906977 | 0.6811509713307482 | 0.3832992439232421 | 0.56520812080817 | 0.8053609251575173 | 0.6980219934585494 | 0.3468295248529418 | 0.4903400432086749 | 0.9787583126200926 | 0.8823529411764706 | 0.11764705882352944 | 0.8285714285714286 | 0.17142857142857137 | 0.8285714285714286 | 0.17142857142857137
Restaurant/Dining | 373 | 0.3497777382506111 | 0.204915592378911 | 0.2891975103627277 | 0.4226168477474603 | 0.3293338900258363 | 0.167066346922462 | 0.2835820895522387 | 0.4384615384615385 | 0.2043970968831995 | 0.1224744871391589 | 0.2 | 0.2701851217221259 | 0.7947144633136846 | 0.3517674418604652 | 0.6433985260770975 | 1.113311111111111 | 0.6838337206019813 | 0.3145256120219852 | 0.5406107933731239 | 0.9445202044944625 | 0.9058259202820935 | 0.4162073507950878 | 0.8290310570961263 | 1.226372434906783 | 0.9083094555873925 | 0.09169054441260749 | 0.6938202247191011 | 0.3061797752808989 | 0.7703081232492998 | 0.22969187675070024
Retail (Automotive) | 173 | 0.3296627670270946 | 0.2222544487743721 | 0.2911508492539161 | 0.3870627856046096 | 0.3347629270375266 | 0.1933951925184481 | 0.2787878787878788 | 0.4055220017256255 | 0.2142420723023324 | 0.1140175425099138 | 0.2 | 0.303315017762062 | 0.9533763578252575 | 0.4369354838709677 | 0.8628222222222222 | 1.253274193548387 | 0.6811123968354591 | 0.3309125650518783 | 0.5548142188719911 | 1.015786520059865 | 0.7964668547457552 | 0.4189114229465165 | 0.6940603919090715 | 1.160314122065709 | 0.9056603773584906 | 0.09433962264150941 | 0.85 | 0.15000000000000002 | 0.85625 | 0.14375000000000004
Retail (Building Supply) | 90 | 0.3454223705529987 | 0.2331107204741987 | 0.2894291463713197 | 0.3971256728039626 | 0.3326567838984463 | 0.2095588235294118 | 0.281518232330273 | 0.3927125506072874 | 0.2203280996719151 | 0.1183215956619923 | 0.204939015319192 | 0.3193743884534263 | 0.8913176278743555 | 0.5290322580645161 | 0.7576734693877551 | 1.067111111111111 | 0.5489142819776245 | 0.2545552458368435 | 0.4093473487864213 | 0.8169336830469652 | 0.6512806269608684 | 0.2910082074467263 | 0.4274811792055302 | 1.017869350665386 | 0.9883720930232558 | 0.011627906976744207 | 0.813953488372093 | 0.18604651162790697 | 0.8604651162790697 | 0.13953488372093026
Retail (Distributors) | 983 | 0.3803204030278174 | 0.2452889452598031 | 0.3173579581791386 | 0.4500406648293018 | 0.3662964603235333 | 0.2150666750932187 | 0.3170731707317073 | 0.4733441033925687 | 0.2041540279329536 | 0.07745966692414834 | 0.161245154965971 | 0.291547594742265 | 0.9507185440761617 | 0.3532666666666667 | 0.8464186046511628 | 1.36 | 0.8472982626768991 | 0.3956869552277894 | 0.7145785301935448 | 1.164190905596798 | 0.9626124978790838 | 0.4613137430102454 | 0.825596938650361 | 1.26886059940261 | 0.8235294117647058 | 0.17647058823529416 | 0.7363834422657952 | 0.2636165577342048 | 0.7568157033805889 | 0.2431842966194111
Retail (General) | 215 | 0.301612217802926 | 0.2007984063681782 | 0.2701695877663623 | 0.3541931676359666 | 0.2992390771246903 | 0.1936556664108468 | 0.2647533053853596 | 0.3556969346443031 | 0.2360463331966001 | 0.1549193338482967 | 0.2258317958127243 | 0.3209361307176242 | 1.005361934299768 | 0.6508548387096774 | 0.9677555555555556 | 1.391837209302326 | 0.5618522198146795 | 0.2759617842026834 | 0.4294668841693678 | 0.769050973638505 | 0.7310825268107268 | 0.3247465874285399 | 0.5520610415244018 | 0.9943808944163799 | 0.9622641509433962 | 0.037735849056603765 | 0.8028169014084507 | 0.19718309859154926 | 0.8450704225352113 | 0.15492957746478875
Retail (Grocery and Food) | 165 | 0.2935743916987814 | 0.1897366596101028 | 0.2432841959519771 | 0.3398140668071291 | 0.2634000461059036 | 0.1502304147465438 | 0.2001599360255898 | 0.3495152306951798 | 0.2150155050480718 | 0.1095445115010332 | 0.2073644135332772 | 0.303315017762062 | 0.68091282872514 | 0.3390697674418605 | 0.5767441860465117 | 0.9216976744186047 | 0.4997621500219998 | 0.2042457950608181 | 0.3422027257957514 | 0.6299245245360039 | 0.6703990333610729 | 0.3001265041599124 | 0.4899147906936729 | 1.02514645929656 | 0.9490445859872612 | 0.05095541401273884 | 0.8113207547169812 | 0.18867924528301883 | 0.8490566037735849 | 0.15094339622641506
Retail (Online) | 291 | 0.5142416010893163 | 0.3343200861449997 | 0.4464727574104859 | 0.6600872669579378 | 0.4851746591727694 | 0.2959830866807611 | 0.4282548684991833 | 0.6515151515151514 | 0.2084717384012984 | 0.1048808848170152 | 0.2 | 0.2898275349237888 | 1.283078709362478 | 0.6307741935483872 | 1.105091836734694 | 1.658697674418605 | 0.9007089052816759 | 0.4940544853711645 | 0.859962604980297 | 1.160815741758663 | 1.04946197933349 | 0.6283075704579049 | 0.9550813624250483 | 1.256080445980474 | 0.6275303643724697 | 0.3724696356275303 | 0.5076335877862596 | 0.49236641221374045 | 0.5703422053231939 | 0.4296577946768061
Retail (Special Lines) | 466 | 0.3911590392054148 | 0.2542471238775377 | 0.3420021992593799 | 0.4600869483043395 | 0.372404051984964 | 0.2195121951219512 | 0.3131313131313131 | 0.4816901408450704 | 0.2129162796698426 | 0.1140175425099138 | 0.204939015319192 | 0.2966479394838265 | 0.9616657787843087 | 0.4251020408163266 | 0.7967741935483872 | 1.246116279069768 | 0.7077379857666666 | 0.3430339858884441 | 0.5512667380025009 | 1.072144405064951 | 0.8281558494691659 | 0.3994649194695103 | 0.7178496101993195 | 1.184349410500259 | 0.9166666666666666 | 0.08333333333333337 | 0.7414965986394558 | 0.25850340136054417 | 0.834841628959276 | 0.16515837104072395
Rubber& Tires | 93 | 0.2669816417046061 | 0.1998459406643027 | 0.2462170935228851 | 0.3005435076656955 | 0.2940053570136103 | 0.2181674387074906 | 0.28 | 0.3463687150837989 | 0.2336268820830562 | 0.1224744871391589 | 0.2120140191606292 | 0.322490309931942 | 0.8722073594375054 | 0.4678372093023256 | 0.837186046511628 | 1.236232558139535 | 0.7088549117927748 | 0.4275873867193656 | 0.5913190025338452 | 0.9521952356477467 | 0.8031186542303854 | 0.4849997476831753 | 0.6337882435918024 | 1.037189423319625 | 0.9101123595505618 | 0.0898876404494382 | 0.8 | 0.19999999999999996 | 0.8555555555555555 | 0.1444444444444445
Semiconductor | 530 | 0.4019919293379006 | 0.2851724506657419 | 0.355219476348201 | 0.4768417025621035 | 0.4013011461708743 | 0.2867332382310984 | 0.3764044943820225 | 0.4781362007168458 | 0.2805571290852154 | 0.1673320053068151 | 0.2701851217221259 | 0.3807886552931954 | 1.640036702681846 | 1.096883720930233 | 1.573837209302326 | 2.148061224489796 | 0.9171067071407807 | 0.5797214102443341 | 0.9342684389317587 | 1.17754019162517 | 0.9926416702287918 | 0.6090415836410712 | 0.9862304661976268 | 1.28496251000005 | 0.7553816046966731 | 0.24461839530332685 | 0.6510721247563352 | 0.34892787524366475 | 0.6705653021442495 | 0.3294346978557505
Semiconductor Equip | 284 | 0.4268553024820009 | 0.3193225587892659 | 0.3917526649173426 | 0.5045396126070332 | 0.4114289369274216 | 0.3140875013986796 | 0.4021187961887835 | 0.4944944944944945 | 0.3048649461843558 | 0.2073644135332772 | 0.3146426544510454 | 0.39496835316263 | 1.7248506005516 | 1.204697674418605 | 1.627741935483871 | 2.129255813953489 | 1.027097252615325 | 0.8093664078168604 | 1.086796322607362 | 1.252479137519601 | 1.057011322547974 | 0.690512205414383 | 1.083235580016737 | 1.303273960195997 | 0.8634686346863468 | 0.13653136531365317 | 0.7789855072463768 | 0.22101449275362317 | 0.7862318840579711 | 0.21376811594202894
Shipbuilding & Marine | 341 | 0.3694436502569419 | 0.2291025971044414 | 0.3166048705686579 | 0.4344464063610148 | 0.332748009213548 | 0.1967213114754098 | 0.275096721645286 | 0.4270270270270271 | 0.2110673192351724 | 0.1048808848170152 | 0.1923538406167135 | 0.2898275349237888 | 1.078315582188888 | 0.4913255813953489 | 0.9826046511627908 | 1.552774193548387 | 0.7864133603691738 | 0.3500207861352399 | 0.6668709788588583 | 1.195500674496594 | 0.9535461868138738 | 0.420705132118587 | 0.9562706531960983 | 1.417987409253388 | 0.934375 | 0.06562500000000004 | 0.7561728395061729 | 0.24382716049382713 | 0.8246153846153846 | 0.17538461538461536
Shoe | 82 | 0.3606384812255942 | 0.2401621745065077 | 0.3166717673225355 | 0.4252481374190583 | 0.356159105804195 | 0.2376681614349776 | 0.3307093231734648 | 0.4536585365853659 | 0.1839378769568517 | 0.09486832980505137 | 0.1788635949312198 | 0.2549509756796393 | 0.9713371487984617 | 0.3352333333333334 | 0.8146873015873016 | 1.486139534883721 | 0.6724389151565411 | 0.3391107088717951 | 0.536750573292093 | 1.025285537375889 | 0.7932792400601895 | 0.4103645955726862 | 0.7300550317595345 | 1.144150918667497 | 0.8666666666666667 | 0.1333333333333333 | 0.7662337662337663 | 0.23376623376623373 | 0.7922077922077922 | 0.20779220779220775
Software (Entertainment) | 262 | 0.5916768729397208 | 0.3515841699670629 | 0.5116914035989538 | 0.7486355588669297 | 0.536560981457447 | 0.3286103542234333 | 0.4944834503510532 | 0.7454545454545455 | 0.1944827613849926 | 0.07745966692414834 | 0.1658243862791825 | 0.2880972058177587 | 1.236653997979168 | 0.6012624999999999 | 1.107395348837209 | 1.5705 | 1.097040066631694 | 0.5470987239508167 | 0.9485432768202962 | 1.31529874374979 | 1.273498245066876 | 0.6256032852308959 | 1.072857721589327 | 1.513569152145875 | 0.6231155778894473 | 0.37688442211055273 | 0.49065420560747663 | 0.5093457943925234 | 0.5255813953488372 | 0.4744186046511628
Software (Internet) | 131 | 0.4660832736950193 | 0.3088058721376047 | 0.4126022343293658 | 0.5608925383354992 | 0.4765639472267213 | 0.2881355932203389 | 0.4069027853937724 | 0.62349519269613 | 0.1880046245051232 | 0.08366600265340755 | 0.1414213562373095 | 0.2645751311064591 | 1.145516787371297 | 0.4913775510204081 | 0.9920000000000001 | 1.601279069767442 | 0.9764140548038437 | 0.4948999174365137 | 0.9815863319416083 | 1.351770291105142 | 1.017572471794713 | 0.6115811385494128 | 0.9971312350691204 | 1.207087486805114 | 0.6938775510204082 | 0.30612244897959184 | 0.5098039215686274 | 0.4901960784313726 | 0.59 | 0.41000000000000003
Software (System & Application) | 1272 | 0.5109285054592763 | 0.3195385643668806 | 0.4231109277043753 | 0.6095665907605408 | 0.4687089205384599 | 0.2887346850265641 | 0.4104883245640736 | 0.6230366492146596 | 0.2062254988236095 | 0.08944271909999159 | 0.1788854381999832 | 0.2966479394838265 | 1.227184220540165 | 0.6234183673469388 | 1.1068 | 1.652604651162791 | 0.9682125753496831 | 0.5290426705884307 | 0.901574308191675 | 1.228201934011154 | 1.017107563543227 | 0.5215045081414915 | 0.942860518995308 | 1.309255853755824 | 0.6065420560747663 | 0.3934579439252337 | 0.4964601769911504 | 0.5035398230088496 | 0.5243147656940761 | 0.4756852343059239
Steel | 701 | 0.4036722187855302 | 0.2765161126650313 | 0.362044111168727 | 0.4852821859495772 | 0.3780478984782475 | 0.2582897033158813 | 0.3432835820895522 | 0.4717330861909174 | 0.1952311937876219 | 0.1048808848170152 | 0.1643167672515498 | 0.273861278752583 | 1.212035291836128 | 0.6334418604651163 | 1.105895348837209 | 1.6465 | 0.9310489963499338 | 0.579575002771954 | 0.9163832936513825 | 1.221404854786682 | 1.065358809005834 | 0.6971271794018694 | 1.045754383681563 | 1.33924153542223 | 0.8157099697885196 | 0.18429003021148038 | 0.7050147492625368 | 0.2949852507374632 | 0.7389380530973452 | 0.26106194690265483
Telecom (Wireless) | 107 | 0.3331431389713447 | 0.2067369342909002 | 0.2569170976159587 | 0.3953384849050985 | 0.3810110956312416 | 0.1715128529287821 | 0.2752649325626204 | 0.5760368663594471 | 0.2112319464339597 | 0.1048808848170152 | 0.197484176581315 | 0.3065941943351178 | 0.9906653945229416 | 0.4590232558139535 | 0.8167209302325583 | 1.392441860465116 | 0.7703896676066759 | 0.2822625749534227 | 0.4889842106337493 | 1.015812240858318 | 0.9777499368779773 | 0.3303940070749306 | 0.6978867084690461 | 1.246157127551096 | 0.9130434782608695 | 0.08695652173913049 | 0.6736842105263158 | 0.3263157894736842 | 0.7789473684210526 | 0.2210526315789474
Telecom. Equipment | 493 | 0.4324339533757907 | 0.2980729834256635 | 0.3761082282672283 | 0.5179810807355807 | 0.4201814115113441 | 0.2796610169491525 | 0.368771346810671 | 0.5068493150684933 | 0.2144330818969366 | 0.1183215956619923 | 0.2024845673131659 | 0.2898275349237888 | 1.329863774831715 | 0.7716744186046511 | 1.186766666666667 | 1.738241935483871 | 1.024429831539202 | 0.6926580698294401 | 1.013489493696297 | 1.263959887875528 | 1.011875389306438 | 0.6394504177547993 | 0.9834967796415338 | 1.312472358838933 | 0.7107623318385651 | 0.2892376681614349 | 0.5920177383592018 | 0.4079822616407982 | 0.6017699115044248 | 0.3982300884955752
Telecom. Services | 317 | 0.374013597179372 | 0.2173518518167068 | 0.285105454174416 | 0.4381780460041329 | 0.397132725955562 | 0.2 | 0.3131313131313131 | 0.528476821192053 | 0.1924091306831861 | 0.09486832980505137 | 0.1549193338482967 | 0.260768096208106 | 0.9860239375285795 | 0.3075161290322581 | 0.7986511627906978 | 1.360918367346939 | 0.7938403090331727 | 0.3325447793089701 | 0.5988162604787878 | 1.059368002461445 | 0.9968816749494531 | 0.5007408536299587 | 0.8338526149454542 | 1.287109958714708 | 0.8345588235294118 | 0.1654411764705882 | 0.675 | 0.32499999999999996 | 0.7571428571428571 | 0.24285714285714288
Tobacco | 52 | 0.3178324794533961 | 0.2041791068946764 | 0.2440704368256169 | 0.3458825457924568 | 0.3771422704511353 | 0.1977179532893564 | 0.2772511848341232 | 0.4839660892001474 | 0.1642313951903241 | 0.06324555320336758 | 0.1413771274913983 | 0.2345207879911715 | 0.9169364161618634 | 0.09093023255813959 | 0.5355172543135784 | 0.8334032258064517 | 0.5303313094751335 | 0.2132306197662936 | 0.3353657738054529 | 0.96429813066463 | 0.6703002681374775 | 0.2702918685988067 | 0.4345926950780986 | 1.039064308765316 | 0.8444444444444444 | 0.15555555555555556 | 0.782608695652174 | 0.21739130434782605 | 0.8043478260869565 | 0.19565217391304346
Transportation | 261 | 0.3251788303591884 | 0.2262 | 0.287111128310973 | 0.3717210423601727 | 0.3265991027232545 | 0.1913357400722021 | 0.2737608703765909 | 0.4320388349514563 | 0.2293991451508941 | 0.1 | 0.2073644135332772 | 0.3130495168499706 | 1.055427354566054 | 0.5205581395348837 | 0.9996412144702844 | 1.527139534883721 | 0.615404896571175 | 0.2653565786494052 | 0.4817206394951011 | 0.8303478695977049 | 0.722389277650526 | 0.3233115163082469 | 0.6058211082885887 | 1.040745162183443 | 0.9253112033195021 | 0.07468879668049788 | 0.854251012145749 | 0.14574898785425106 | 0.8699186991869918 | 0.13008130081300817
Transportation (Railroads) | 51 | 0.2071467030449653 | 0.176184492343866 | 0.2019968940488009 | 0.2488874667360048 | 0.2114993111302514 | 0.1214758799198112 | 0.1576848794467635 | 0.2134943607146422 | 0.3533368675355014 | 0.2509980079602226 | 0.3701351104664349 | 0.4571651780264984 | 1.157123004209594 | 0.5666836734693879 | 0.8702790697674418 | 1.254604651162791 | 0.3070868381939027 | 0.1535522813242501 | 0.205721204790946 | 0.3303951832773218 | 0.4565886984269341 | 0.2632076681357564 | 0.3347097392271255 | 0.4773713198312607 | 1 | 0 | 0.9791666666666666 | 0.02083333333333337 | 0.9791666666666666 | 0.02083333333333337
Trucking | 205 | 0.328407893623217 | 0.2168319854718489 | 0.2773500015803558 | 0.3855448923277288 | 0.3100691204366061 | 0.1826309067688378 | 0.2534818941504178 | 0.37524557956778 | 0.2340506351674777 | 0.1048808848170152 | 0.1896633880210185 | 0.3464101615137755 | 0.9222318824995458 | 0.4732558139534884 | 0.785186046511628 | 1.244511627906977 | 0.5577896054722422 | 0.2467073904038495 | 0.4099122897103636 | 0.8014538191659659 | 0.7395516052538966 | 0.3085669350748528 | 0.6281564100781962 | 1.029661358943937 | 0.9315789473684211 | 0.06842105263157894 | 0.8402061855670103 | 0.15979381443298968 | 0.8711340206185567 | 0.12886597938144329
Utility (General) | 54 | 0.2093561928155851 | 0.1511243574959756 | 0.1863827029690041 | 0.2521840886048415 | 0.1609721265449521 | 0.1089261023198649 | 0.1355514925508227 | 0.1871455576559547 | 0.2075425836260442 | 0.1414213562373095 | 0.1949358868961793 | 0.2949576240750525 | 0.6087372097151647 | 0.2218888888888889 | 0.4239875 | 0.8342558139534884 | 0.325282783305604 | 0.156667470141378 | 0.232336820311177 | 0.3947359429702353 | 0.6018213232706033 | 0.2528192344513008 | 0.3891881374122395 | 0.9457938630152433 | 1 | 0 | 0.90566037
