Source: http://www.stern.nyu.edu/~adamodar/pc/blog/MktCapRisk2019.xlsx

Sheet: Sheet1
Standard Deviation in Stock Returns | HiLo Risk Measure | Correlation with Market | Beta | Coefficient of Variation: Operating Income | Coefficient of Variation: Net Income | EBITDA | Operating Income | Net Income
Market Cap Decile | # Firms | Average | Q1 | Median | Q3 | Average | Q1 | Median | Q3 | Average | Q1 | Median | Q3 | Average | Q1 | Median | Q3 | Average | Q1 | Median | Q3 | Average | Q1 | Median | Q3 | % Positive | % Negative | % Positive | % Negative | % Positive | % Negative
Smallest | 4378 | 0.7176970448544081 | 0.413625917950024 | 0.5865039293532333 | 1.05600909086996 | 0.6510985918109035 | 0.4401756311745335 | 0.6666666666666666 | 0.8936781609195401 | 0.1032519102820983 | 0.05477225575051661 | 0.08366600265340755 | 0.1378404875209022 | 1.263260729696522 | 0.1685581395348837 | 0.8856000000000002 | 1.897581395348837 | 1.380539660350432 | 0.7986787454211605 | 1.149800636298102 | 1.625532830313902 | 1.549768957660263 | 0.8912423485313513 | 1.287468105485079 | 1.835164752680581 | 0.40197693574958815 | 0.5980230642504119 | 0.3007701661937576 | 0.6992298338062424 | 0.27329711659005435 | 0.7267028834099456
2nd decile | 4388 | 0.6522275176762617 | 0.4015984425902435 | 0.5652496793453314 | 0.8792101650263799 | 0.4945146882320461 | 0.3212435233160622 | 0.4736842105263159 | 0.6647727272727273 | 0.1166242179600798 | 0.05477225575051661 | 0.1 | 0.1549193338482967 | 0.9686066891495819 | 0.2230697674418605 | 0.7928542151162791 | 1.474813953488372 | 1.050657919788746 | 0.683241606436638 | 1.027508708082336 | 1.283456639924375 | 1.165101649475897 | 0.7753264252899109 | 1.122837881453016 | 1.426055781171751 | 0.48761329305135953 | 0.5123867069486405 | 0.3602053915275995 | 0.6397946084724004 | 0.37347803070407626 | 0.6265219692959237
3rd decile | 4384 | 0.5312577128894717 | 0.3203797746425326 | 0.4541421710375986 | 0.6869200826879354 | 0.4344526084286956 | 0.2747559274755928 | 0.4095704083301532 | 0.5691318327974277 | 0.1433144494603175 | 0.07071067811865475 | 0.1264911064067352 | 0.197484176581315 | 0.955982533259711 | 0.2939767441860466 | 0.8032078019504876 | 1.39475 | 0.9910359861063567 | 0.631149870827992 | 0.9878140696323794 | 1.256072084904162 | 1.118497381198771 | 0.7385912233319303 | 1.10625263946802 | 1.381446476863748 | 0.6066225165562914 | 0.3933774834437086 | 0.45682041216879293 | 0.5431795878312071 | 0.4892122428499749 | 0.5107877571500251
4th decile | 4388 | 0.4493812803025935 | 0.267908163369465 | 0.3907374989853568 | 0.5646448297680443 | 0.3848313638939656 | 0.2337858220211161 | 0.359026369168357 | 0.495697074010327 | 0.1675229925062782 | 0.08944271909999159 | 0.151657508881031 | 0.2280350850198276 | 0.9682229409288646 | 0.3654418604651163 | 0.8313660915228809 | 1.390744186046512 | 0.924074329344538 | 0.5625174712140814 | 0.9228169775075928 | 1.217365349961262 | 1.035367576453488 | 0.6431378451060922 | 1.022426832487083 | 1.335630572627993 | 0.7213408393039918 | 0.27865916069600816 | 0.5838494521200571 | 0.4161505478799429 | 0.6162904808635917 | 0.3837095191364083
5th decile | 4386 | 0.4004814778033935 | 0.2442755993157168 | 0.3517849412038467 | 0.505574682910448 | 0.3553517503945087 | 0.2115384615384615 | 0.3314917127071824 | 0.4654731457800512 | 0.1889241564011592 | 0.09486832980505137 | 0.170293863659264 | 0.262678510731274 | 1.009792633168603 | 0.419675 | 0.8850697674418605 | 1.446186046511628 | 0.8451421038309033 | 0.4844814201363169 | 0.8090120551336462 | 1.16205909242486 | 0.9493972773537931 | 0.5678815966952674 | 0.919585650952651 | 1.270343829284227 | 0.7865279841505696 | 0.21347201584943043 | 0.668770453482936 | 0.33122954651706404 | 0.6953912626020163 | 0.30460873739798366
6th decile | 4383 | 0.3722728984657129 | 0.228958273292517 | 0.3262595605795564 | 0.4682416958305675 | 0.3299448659410714 | 0.1960975609756097 | 0.3015873015873016 | 0.4285714285714287 | 0.2082418773254153 | 0.1095445115010332 | 0.1923538406167135 | 0.2898275349237888 | 0.9967329302275483 | 0.4310000000000001 | 0.8654069767441861 | 1.424870967741936 | 0.7995036509724411 | 0.4359320128180377 | 0.7447483865556503 | 1.11976133428595 | 0.8994747327509086 | 0.489413186051764 | 0.8538466395970599 | 1.212447626433909 | 0.839043628296771 | 0.16095637170322896 | 0.7370619633325598 | 0.2629380366674402 | 0.7542596592272618 | 0.2457403407727382
7th decile | 4386 | 0.3555935634823367 | 0.2397899080445213 | 0.3212408835487132 | 0.4361434626358625 | 0.3174395334349419 | 0.2022922636103152 | 0.3018312839064569 | 0.4006872852233677 | 0.2243865054683731 | 0.1224744871391589 | 0.2097617696340303 | 0.3065941943351178 | 1.114077876874269 | 0.5510232558139535 | 1.019265941485371 | 1.552903225806452 | 0.7433656282545785 | 0.3936232485001521 | 0.6590166005245215 | 1.049412808319547 | 0.8338415820697594 | 0.4413695364815313 | 0.7448158626133075 | 1.162492840430982 | 0.8821818181818182 | 0.11781818181818182 | 0.789255245561448 | 0.210744754438552 | 0.8028068506184586 | 0.19719314938154142
8th decile | 4385 | 0.3435710923009955 | 0.2424245712118982 | 0.3139496774438988 | 0.4067471405721697 | 0.315835728456258 | 0.2119478868763902 | 0.2980769230769231 | 0.399752984767394 | 0.241123987994742 | 0.1414213562373095 | 0.2280350850198276 | 0.3255764119219941 | 1.215083324879495 | 0.6829 | 1.139895348837209 | 1.640758064516129 | 0.7032220162724109 | 0.3739904990139569 | 0.6093629818430967 | 0.9874979990011968 | 0.78174787560809 | 0.4129188850729935 | 0.6657036688135547 | 1.083482133490317 | 0.9163855421686747 | 0.08361445783132526 | 0.8456761729530818 | 0.15432382704691816 | 0.8578500707213579 | 0.14214992927864212
9th decile | 4385 | 0.3094518488020176 | 0.2252620650411691 | 0.2879067248323024 | 0.3624062440332473 | 0.2868412228997121 | 0.1886304909560724 | 0.2683737944795477 | 0.3602342987308819 | 0.2823450034658337 | 0.1760681686165901 | 0.2756809750418044 | 0.3807886552931954 | 1.207353106667153 | 0.7243499999999999 | 1.128139534883721 | 1.5722 | 0.6441670134750025 | 0.3261775433931833 | 0.541464748900161 | 0.8875389860375293 | 0.7264905992619993 | 0.3836899853849391 | 0.6162158247235753 | 1.007876273883019 | 0.9444311948485571 | 0.05556880515144291 | 0.877953659096123 | 0.122046340903877 | 0.8921406655652584 | 0.1078593344347416
Top decile | 4385 | 0.2616318521964817 | 0.1955808767501262 | 0.241034328923003 | 0.3034232635377439 | 0.2383230490183947 | 0.15814696485623 | 0.2152881457151389 | 0.2905718701700154 | 0.3762416065787916 | 0.2549509756796393 | 0.3761642703693536 | 0.498998997994986 | 1.255379018635796 | 0.7994418604651163 | 1.159300645994832 | 1.564348837209303 | 0.5079630074711091 | 0.2587669703635092 | 0.4234943729547769 | 0.6552128544346638 | 0.6302529509344497 | 0.3233115163082469 | 0.5239109584819883 | 0.8460905035464817 | 0.973677970120939 | 0.02632202987906096 | 0.9280476626947755 | 0.07195233730522455 | 0.92813383600377 | 0.07186616399623003
