Source: http://www.stern.nyu.edu/~adamodar/pc/blog/PERisk2019.xlsx

Sheet: Pivot 1
Standard Deviation in Stock Returns | HiLo Risk Measure | Correlation with Market | Beta | Coefficient of Variation: Operating Income | Coefficient of Variation: Net Income
PE Decile | # Firms | Average | Q1 | Median | Q3 | Average | Q1 | Median | Q3 | Average | Q1 | Median | Q3 | Average | Q1 | Median | Q3 | Average | Q1 | Median | Q3 | Average | Q1 | Median | Q3
Bottom decile | 2747 | 0.3980412015539497 | 0.2526453275611119 | 0.3466789974496973 | 0.4776704031908477 | 0.3646167543903852 | 0.225013361838589 | 0.3263028914268556 | 0.4647501711156742 | 0.2119631558962292 | 0.09486832980505137 | 0.1816590212458495 | 0.3016620625799671 | 1.131340335692579 | 0.4411612903225806 | 0.9923255813953488 | 1.628111111111111 | 0.8891232414567829 | 0.5093158942418711 | 0.8437717862429543 | 1.215659567567364 | 0.9589206121729461 | 0.575424673455914 | 0.9224336818194396 | 1.27293232604743
2nd decile | 2747 | 0.3269372750651541 | 0.2238892583399213 | 0.2905130101818224 | 0.3948114394584745 | 0.2979668675646454 | 0.1886345698500395 | 0.2755411012672424 | 0.3800991231414411 | 0.2487214776729016 | 0.1183215956619923 | 0.2302172886644268 | 0.3563705936241092 | 1.036516125695518 | 0.4832111111111111 | 0.9189418604651163 | 1.447023255813954 | 0.717096028451241 | 0.3909341359478915 | 0.6403312504454055 | 0.9891922206957455 | 0.8307810048632639 | 0.4671710165392346 | 0.7472647482938289 | 1.13365767538343
3rd decile | 2747 | 0.310414819370687 | 0.2112677007479145 | 0.2805622925483751 | 0.3676095755009655 | 0.2830037503697226 | 0.1775147928994083 | 0.2579001019367992 | 0.3618974751338945 | 0.2552147486449525 | 0.130384048104053 | 0.232379000772445 | 0.3619392214170772 | 1.000234731326846 | 0.5058837209302326 | 0.9286551012753188 | 1.3905 | 0.6709632769841478 | 0.3559235116707173 | 0.5738899825258004 | 0.9076592787226905 | 0.754562931082553 | 0.4129572958100824 | 0.6550414601372799 | 1.04919592152338
4th decile | 2747 | 0.2953963784697591 | 0.2025531945197841 | 0.267790152602446 | 0.3508241885440707 | 0.274563579059121 | 0.170182841068917 | 0.2472579006203526 | 0.3527896995708154 | 0.2592429046471589 | 0.130384048104053 | 0.2387467277262665 | 0.3660601043544626 | 0.9511341210205528 | 0.4641627906976745 | 0.90696808258187 | 1.350816326530613 | 0.6290312799906688 | 0.327521260556124 | 0.5177281283731091 | 0.8447226129659144 | 0.726884469678736 | 0.36985627832157 | 0.6018838311147093 | 1.027162860366699
5th decile | 2747 | 0.2935765752954755 | 0.2043526363911168 | 0.2664398758986343 | 0.3518080284599668 | 0.2683803998482879 | 0.1683991683991684 | 0.2434685697690633 | 0.3412625800548948 | 0.2572728298360772 | 0.1264911064067352 | 0.2345207879911715 | 0.3646916505762094 | 0.9635055535539359 | 0.4666511627906977 | 0.875953488372093 | 1.322774193548387 | 0.6176520893787572 | 0.3068261871824646 | 0.4983287028577371 | 0.8486378112520513 | 0.7046036874483521 | 0.3642342240048813 | 0.5840489814849927 | 0.98402432437944
6th decile | 2748 | 0.301147993118945 | 0.2095864499436927 | 0.2734068547420733 | 0.3595597307819662 | 0.2742373537145057 | 0.1715128529287821 | 0.2503155466226126 | 0.3479801559177888 | 0.2509391455398149 | 0.130384048104053 | 0.2302172886644268 | 0.3521363372331802 | 0.954899573350372 | 0.4418604651162792 | 0.8846279069767442 | 1.35953488372093 | 0.6099502340402015 | 0.3065915483544966 | 0.4968767641620273 | 0.8473748999636329 | 0.7090092245398036 | 0.3402773563296543 | 0.5749085029518234 | 0.9892071585242767
7th decile | 2747 | 0.3082024337516971 | 0.2123409562240428 | 0.2797797979633945 | 0.3631737028772023 | 0.2760223138529937 | 0.1751459549624687 | 0.2534818941504178 | 0.3553530751708429 | 0.2488294297114551 | 0.1341640786499874 | 0.2258317958127243 | 0.3361547262794322 | 0.9955856564414156 | 0.5056744186046512 | 0.9454883720930234 | 1.397674418604651 | 0.6064899585662518 | 0.3046278000078458 | 0.4888255036890908 | 0.8536285885898798 | 0.7179321601248684 | 0.3500493092434811 | 0.5823874461052214 | 1.009748491758187
8th decile | 2747 | 0.3258207665591711 | 0.221726765684005 | 0.293579290822769 | 0.3972104419715923 | 0.2973965582987264 | 0.1911131972150512 | 0.2780794977761759 | 0.3796430294259527 | 0.2405093147540386 | 0.130384048104053 | 0.2190890230020665 | 0.3255764119219941 | 1.045938088802989 | 0.5048372093023256 | 0.9776976744186047 | 1.478767441860465 | 0.6756021607849603 | 0.3294830085902181 | 0.5716132571552824 | 0.9602772812648445 | 0.7764532805220207 | 0.3812153619617652 | 0.6404897280446327 | 1.110315560259569
9th decile | 2747 | 0.3589210224629907 | 0.2386175437879408 | 0.3203418311488742 | 0.4262501973832162 | 0.3148079066732333 | 0.2068345323741007 | 0.2975206611570248 | 0.3951612903225806 | 0.2228596948417629 | 0.1183215956619923 | 0.2 | 0.3 | 1.089167096110025 | 0.5446224489795919 | 1.032744186046512 | 1.527906976744186 | 0.7294517653146364 | 0.3881074654799896 | 0.6311790809633653 | 1.020447087223141 | 0.8582882518124533 | 0.4467949924243689 | 0.7590492129670685 | 1.20786169839992
Top decile | 2748 | 0.3816485714632873 | 0.2487324387508724 | 0.3395122551964382 | 0.4664773508768876 | 0.3472199177077643 | 0.2260869565217391 | 0.3266829195482363 | 0.4368932038834951 | 0.2051729110813395 | 0.1 | 0.1843908891458577 | 0.2774887385102321 | 1.043086239495543 | 0.4608870967741935 | 0.998279069767442 | 1.498209302325582 | 0.8875991593614704 | 0.5165557734824677 | 0.8717932487938468 | 1.206349530849 | 1.040591484266039 | 0.6115140540673599 | 1.040467087436713 | 1.369321530891856
Earnings Negative | 16376 | 0.5812083598357322 | 0.3532164209093343 | 0.5046995145628734 | 0.7397459023205198 | 0.5151229376327615 | 0.3333333333333333 | 0.4849310544133433 | 0.6878920357346513 | 0.1545600420771452 | 0.07071067811865475 | 0.130384048104053 | 0.2121320343559643 | 1.235545767049258 | 0.4604666666666667 | 1.057395348837209 | 1.749177777777778 | 1.091046276029278 | 0.7029023619577486 | 1.036190425050485 | 1.294049371915396 | 1.212089205528531 | 0.7836144194902199 | 1.124080883300334 | 1.435404012861625

Sheet: Sheet1
Price Based | Earnings Based
PE Decile | HiLo Risk | Std Deviation | Correlation | CV: Operating Income | CV: Net Income
Lowest PE | 0.3263028914268556 | 0.3466789974496973 | 0.1816590212458495 | 1.215659567567364 | 0.9224336818194396
2nd decile | 0.2755411012672424 | 0.2905130101818224 | 0.2302172886644268 | 0.9891922206957455 | 0.7472647482938289
3rd decile | 0.2579001019367992 | 0.2805622925483751 | 0.232379000772445 | 0.9076592787226905 | 0.6550414601372799
4th decile | 0.2472579006203526 | 0.267790152602446 | 0.2387467277262665 | 0.8447226129659144 | 0.6018838311147093
5th decile | 0.2434685697690633 | 0.2664398758986343 | 0.2345207879911715 | 0.8486378112520513 | 0.5840489814849927
6th decile | 0.2503155466226126 | 0.2734068547420733 | 0.2302172886644268 | 0.8473748999636329 | 0.5749085029518234
7th decile | 0.2534818941504178 | 0.2797797979633945 | 0.2258317958127243 | 0.8536285885898798 | 0.5823874461052214
8th decile | 0.2780794977761759 | 0.293579290822769 | 0.2190890230020665 | 0.9602772812648445 | 0.6404897280446327
9th decile | 0.2975206611570248 | 0.3203418311488742 | 0.2 | 1.020447087223141 | 0.7590492129670685
Highest PE | 0.3266829195482363 | 0.3395122551964382 | 0.1843908891458577 | 1.206349530849 | 1.040467087436713
Money Losing Companies | 0.4849310544133433 | 0.5046995145628734 | 0.130384048104053 | 1.294049371915396 | 1.124080883300334
