Source: http://www.stern.nyu.edu/~adamodar/pc/blog/DivYldRisk2019.xlsx

Sheet: Sheet1
Standard Deviation in Stock Returns | HiLo Risk Measure | Correlation with Market | Beta | Coefficient of Variation: Operating Income | Coefficient of Variation: Net Income | EBITDA | Operating Income | Net Income
decile(Dividend Yield) | # Firms | Average | Q1 | Median | Q3 | Average | Q1 | Median | Q3 | Average | Q1 | Median | Q3 | Average | Q1 | Median | Q3 | Average | Q1 | Median | Q3 | Average | Q1 | Median | Q3 | % Positive | % Negative | % Positive | % Negative | % Positive | % Negative
Bottom decile | 2078 | 0.3704931058530073 | 0.2657485798500299 | 0.3379485001260639 | 0.4346597858230787 | 0.3364790588628423 | 0.2318840579710145 | 0.3216168717047452 | 0.4195583596214511 | 0.2075782863567992 | 0.1095445115010332 | 0.1870828693386971 | 0.2774887385102321 | 1.130322584268687 | 0.566186046511628 | 1.087255813953488 | 1.602604651162791 | 0.8119122908073448 | 0.4558624823210571 | 0.749566770690509 | 1.114829549332536 | 0.896674091122048 | 0.4827146265704792 | 0.762536777975442 | 1.22088572527719 | 0.9207920792079208 | 0.07920792079207917 | 0.8411934552454283 | 0.15880654475457168 | 0.8386463952918097 | 0.16135360470819027
2nd decile | 2078 | 0.3485245191512824 | 0.2425534688747161 | 0.3167933565736989 | 0.4193999999999999 | 0.3051158475958085 | 0.2084870848708487 | 0.2906083685942642 | 0.3861386138613861 | 0.2417310575816162 | 0.130384048104053 | 0.2190890230020665 | 0.3255764119219941 | 1.146416283027042 | 0.6382666666666668 | 1.074889229024943 | 1.573837209302326 | 0.7018988736451375 | 0.377248516308853 | 0.6254700039204959 | 0.9646820078918474 | 0.7861414548853572 | 0.4241939222032928 | 0.6702292233254061 | 1.104733824476659 | 0.9627268268759196 | 0.037273173124080405 | 0.9061145883485797 | 0.09388541165142028 | 0.906829268292683 | 0.09317073170731704
3rd decile | 2078 | 0.3240078292300698 | 0.2302556613098088 | 0.297096031905364 | 0.3825723460994012 | 0.2860262808873762 | 0.1894643948136582 | 0.2711831093835428 | 0.3620689655172413 | 0.2620187055459846 | 0.1414213562373095 | 0.2428991560298224 | 0.3619392214170772 | 1.097849588113831 | 0.5894186046511628 | 1.018479591836735 | 1.509116279069767 | 0.649865462580187 | 0.337025998902537 | 0.5607000629959982 | 0.8962764165070127 | 0.7432652286668043 | 0.3836614664763123 | 0.6139381927307506 | 1.036209973001217 | 0.9742446755819713 | 0.025755324418028747 | 0.9258902791145333 | 0.07410972088546675 | 0.9282907662082515 | 0.07170923379174854
4th decile | 2079 | 0.3073738662020867 | 0.2237606694870712 | 0.2846049894151542 | 0.3661296342703074 | 0.2741337387188111 | 0.1798561151079137 | 0.2540464604614269 | 0.347941567065073 | 0.2762850496784022 | 0.151657508881031 | 0.2569046515733026 | 0.3898717737923585 | 1.043380078689291 | 0.5841774193548387 | 0.9861786900806835 | 1.422741935483871 | 0.6423192514902483 | 0.3322367851050694 | 0.5481781498713656 | 0.895665861692732 | 0.7426860104201473 | 0.3904711847708791 | 0.6437177679199141 | 1.045670491289091 | 0.9767096134786918 | 0.023290386521308215 | 0.9321789321789322 | 0.06782106782106778 | 0.9282907662082515 | 0.07170923379174854
5th decile | 2078 | 0.2917414223788351 | 0.2101662199307967 | 0.2716703885225624 | 0.3478505426185218 | 0.2662935080475521 | 0.174025450760501 | 0.2416547277936963 | 0.3413793103448277 | 0.2886462985111594 | 0.1643167672515498 | 0.273861278752583 | 0.396232255123179 | 1.026666727156307 | 0.5667653061224491 | 0.9653163265306123 | 1.353979591836735 | 0.6080546250132952 | 0.3340450243177029 | 0.5210789582145947 | 0.8274602171723064 | 0.7225590211957938 | 0.3850642216124839 | 0.6226464440107612 | 0.9980334780619674 | 0.976083707025411 | 0.02391629297458897 | 0.934520943668753 | 0.06547905633124695 | 0.9253952569169961 | 0.07460474308300391
6th decile | 2078 | 0.2813874798997535 | 0.2044662603289433 | 0.264 | 0.3348393747702795 | 0.2595666462026234 | 0.1663747810858144 | 0.2370853113851513 | 0.3303370786516854 | 0.2867180641310157 | 0.161245154965971 | 0.2720294101747089 | 0.3974921382870358 | 0.9942370915062718 | 0.5181129032258065 | 0.9384651162790698 | 1.388837209302326 | 0.5969019735972737 | 0.3211551910823967 | 0.5059653159013437 | 0.8096024560453944 | 0.6976127213100279 | 0.3714574271279932 | 0.5998431428565322 | 0.9599647813146575 | 0.9794383149448345 | 0.020561685055165535 | 0.9359653346172364 | 0.06403466538276359 | 0.9217821782178218 | 0.07821782178217818
7th decile | 2079 | 0.2767355074424082 | 0.1950673462300069 | 0.2603008785394721 | 0.3312653848502737 | 0.2594270591542036 | 0.1626016260162601 | 0.2380952380952381 | 0.3304261900670218 | 0.2753239150324141 | 0.1549193338482967 | 0.260768096208106 | 0.3834057902536163 | 1.034246510570868 | 0.519906976744186 | 0.9443775510204083 | 1.43646511627907 | 0.5972368874258291 | 0.3217277647254186 | 0.5046053945570026 | 0.8196437671312506 | 0.6824993636058728 | 0.3635277907756818 | 0.5915355391208313 | 0.9412696531666448 | 0.9767794043412418 | 0.023220595658758225 | 0.9307359307359307 | 0.06926406926406925 | 0.9278247884519661 | 0.07217521154803386
8th decile | 2078 | 0.2644683204016801 | 0.1860850687996989 | 0.2466970493263782 | 0.3202754814218534 | 0.2527492102929129 | 0.1539456662354463 | 0.2272308380947366 | 0.3239436619718309 | 0.2541372800923989 | 0.1341640786499874 | 0.2345207879911715 | 0.3521363372331802 | 0.9593729136358008 | 0.4446511627906977 | 0.8711935483870968 | 1.385322580645161 | 0.6022355106637584 | 0.308203765374746 | 0.5021783292291302 | 0.8291388692280919 | 0.711625852044818 | 0.3643562816207582 | 0.5833974856643844 | 0.9946865987816187 | 0.9821337417049515 | 0.01786625829504851 | 0.9302213666987488 | 0.06977863330125122 | 0.937 | 0.06299999999999994
9th decile | 2078 | 0.2545911036447423 | 0.1738170611065189 | 0.2364 | 0.3135689991714413 | 0.2497456499299703 | 0.1451612903225806 | 0.21875 | 0.3232323232323233 | 0.2369550403881811 | 0.1264911064067352 | 0.223606797749979 | 0.3271085446759225 | 0.930741787022732 | 0.4144375 | 0.8334032258064517 | 1.343651162790698 | 0.5883879487232548 | 0.3166108096951665 | 0.4827590761335915 | 0.7833323570009294 | 0.6646448467735658 | 0.3470896712720387 | 0.5666023820205109 | 0.895270430896442 | 0.9744392279603548 | 0.02556077203964524 | 0.9287776708373436 | 0.07122232916265636 | 0.9281407035175879 | 0.07185929648241207
Top decile | 2079 | 0.2982881372470511 | 0.2042692627570704 | 0.2656806867068103 | 0.3580788739928676 | 0.3106593199592903 | 0.1919191919191919 | 0.2785714285714285 | 0.3851797505502567 | 0.2144059019128406 | 0.1095445115010332 | 0.2 | 0.298328677803526 | 0.9809620659113916 | 0.4358225806451613 | 0.8606046511627908 | 1.395441860465117 | 0.6567165699914254 | 0.3617481166539026 | 0.5557739177926551 | 0.8932761709297802 | 0.7530848859046124 | 0.4041223038403052 | 0.6539795952824327 | 1.039518001496208 | 0.9468700683850605 | 0.05312993161493951 | 0.8619528619528619 | 0.13804713804713808 | 0.8949748743718593 | 0.1050251256281407
Non Dividend Payer | 23065 | 0.5334904499171317 | 0.3227117245202863 | 0.4619352496088763 | 0.6678962330716206 | 0.4701553264626354 | 0.291319857312723 | 0.4319554683927154 | 0.6216216216216215 | 0.164596156859457 | 0.07071067811865475 | 0.1341640786499874 | 0.2258317958127243 | 1.158349312928112 | 0.4169516129032259 | 0.9993673469387757 | 1.65245 | 1.051711661922878 | 0.6582496319137588 | 1.015732002102698 | 1.289537077791131 | 1.17274490109937 | 0.7592276237502874 | 1.117926065237047 | 1.430236291167263 | 0.5830655617565815 | 0.41693443824341847 | 0.42844189209611605 | 0.571558107903884 | 0.4585729830561169 | 0.5414270169438831
