Source: http://www.stern.nyu.edu/~adamodar/pc/blog/IndustryAllApril17.xlsx

Sheet: Pivot 1
Industry | count | sum(Market Capitalization [My Setting] [02/14/2020] ($USDmm, Historical rate)) | sum(Market Capitalization [My Setting] [02/21/2020] ($USDmm, Historical rate)) | sum(Market Capitalization [My Setting] [02/28/2020] ($USDmm, Historical rate)) | sum(Market Capitalization [My Setting] [03/06/2020] ($USDmm, Historical rate)) | sum(Market Capitalization [My Setting] [03/13/2020] ($USDmm, Historical rate)) | sum(Market Capitalization [My Setting] [03/20/2020] ($USDmm, Historical rate)) | sum(Market Capitalization [My Setting] [03/27/2020] ($USDmm, Historical rate)) | sum(Market Capitalization [My Setting] [04/03/2020] ($USDmm, Historical rate)) | sum(Market Capitalization [My Setting] [04/10/2020] ($USDmm, Historical rate)) | sum(Market Capitalization [My Setting] [04/17/2020] ($USDmm, Historical rate)) | q1(% Market Cap Change (4/3-4/17)) | median(% Market Cap Change (4/3-4/17)) | q3(% Market Cap Change (4/3-4/17)) | q1(% Market Cap Change (2/14-4/17)) | median(% Market Cap Change (2/14-4/17)) | q3(% Market Cap Change (2/14-4/17)) | sum(Market Capitalization [My Setting] [01/01/2020] ($USDmm, Historical rate)) | sum(Total Debt [Latest Annual - 1] ($USDmm, Historical rate)) | sum(Net Income [CY 2018] ($USDmm, Historical rate)) | sum(Total Revenue [CY 2018] ($USDmm, Historical rate)) | sum(Total Cash & ST Investments [Latest Quarter] ($USDmm, Historical rate)) | sum(Total Debt [Latest Quarter] ($USDmm, Historical rate)) | sum(Total Equity [Latest Quarter] ($USDmm, Historical rate)) | sum(Total Revenue [CY 2019] ($USDmm, Historical rate)) | sum(Net Income [CY 2019] ($USDmm, Historical rate)) | sum(EBITDA [LTM] ($USDmm, Historical rate)) | sum(EBIT [LTM] ($USDmm, Historical rate)) | sum(Net Income [LTM] ($USDmm, Historical rate)) | sum(Total Revenue [LTM] ($USDmm, Historical rate)) | sum(Total Dividends Paid [LTM] ($USDmm, Historical rate))
Advertising | 256 | 174962.2500000003 | 174805.7400000001 | 154358.8999999998 | 152835.38 | 129185.7399999999 | 109721.06 | 118462.5899999999 | 112847.4800000001 | 127558.14 | 128274.6299999999 | 0.01147028154327412 | 0.09591836734693882 | 0.2185089974293057 | -0.3875338753387533 | -0.2679868178647444 | -0.1274367180680827 | 182056.2000000001 | 59146.50699999997 | 6649.662 | 147997.7920000001 | 31809.085 | 72888.07900000006 | 81943.04500000001 | 137844.2029999999 | 5528.110000000001 | 19000.841 | 13304.77 | 5205.174999999998 | 152556.9199999998 | -4234.813999999996
Aerospace/Defense | 211 | 1217330.53 | 1205061.22 | 1053319.409999999 | 1035569.98 | 837931.9499999998 | 673712.2600000008 | 791858.8100000003 | 683209.3700000002 | 820481.5 | 832291.659999999 | 0.03479560695081707 | 0.09536423841059594 | 0.165429808286951 | -0.37125748502994 | -0.2321428571428572 | -0.0902875527850392 | 1151233.01 | 222422.9589999998 | 42317.87999999998 | 662006.5190000002 | 101359.1310000001 | 267657.247 | 222218.4610000001 | 695376.1440000003 | 31421.65499999999 | 77911.47000000003 | 53931.80299999999 | 31589.09699999998 | 711476.0510000004 | -19111.14499999999
Air Transport | 148 | 559439.2500000006 | 549778.7299999996 | 465902.6599999997 | 457230.09 | 382769.9099999999 | 315933.1 | 341012.1299999998 | 306560.4100000001 | 350205.7099999999 | 350468.0000000001 | 0.05809687456462176 | 0.1423202139067 | 0.2636916835699796 | -0.5036496350364964 | -0.3138777789127669 | -0.1998569896317482 | 587345.74 | 384833.432 | 32579.83899999999 | 659057.4999999998 | 115871.221 | 474235.4519999999 | 283872.01 | 649398.8999999998 | 33528.63400000002 | 109460.41 | 61457.88500000002 | 32514.52400000004 | 690635.3999999999 | -15613.119
Apparel | 801 | 1065754.130000003 | 1051226.230000003 | 959985.1300000005 | 962276.6600000018 | 798749.0799999991 | 754994.9199999997 | 831001.8800000008 | 767805.9300000011 | 851797.6800000006 | 870036.1599999997 | 0.0003958044725904664 | 0.06577024261911713 | 0.1558823529411764 | -0.3276397515527951 | -0.2110236220472441 | -0.0986193293885601 | 1104392.509999997 | 150077.5619999998 | 40569.53299999994 | 547836.6249999995 | 97129.1119999998 | 228323.9189999999 | 374732.7019999995 | 529912.5680000003 | 34283.74199999996 | 89310.01599999997 | 68575.08000000007 | 35142.47299999998 | 587200.5630000004 | -18808.88000000002
Auto & Truck | 126 | 1200913.980000001 | 1222121.529999999 | 1096271.169999999 | 1099665.45 | 925471.9899999995 | 809317.6200000002 | 910069.9400000003 | 822062.1300000001 | 940929.5600000003 | 975536.2799999991 | 0.02325819672131146 | 0.0956264022529082 | 0.1939093030705166 | -0.3451926945047872 | -0.2311599133931334 | -0.07768888888888892 | 1190156.65 | 1380628.833 | 110368.801 | 2492923.970999999 | 450358.2199999995 | 1465427.825999999 | 1225388.940000002 | 2465068.794000001 | 100183.665 | 219261.259 | 120627.111 | 99628.94100000004 | 2489000.738 | -36327.29899999999
Auto Parts | 642 | 531007.9799999992 | 532643.5299999997 | 489043.9100000003 | 479415.4299999998 | 410370.2399999999 | 354337.0300000002 | 384979.3400000003 | 355203.4000000002 | 402377.3500000003 | 405896.1999999998 | 0.02953040902711024 | 0.1219819780427995 | 0.2071535022354696 | -0.3313559322033899 | -0.2480120128221897 | -0.1323741806465948 | 552904.0299999997 | 189152.9510000002 | 38419.59500000001 | 916524.0820000006 | 117217.439 | 209777.2200000001 | 443130.8250000004 | 874507.8219999996 | 23063.06799999996 | 89249.14499999987 | 46390.62200000008 | 24378.27499999997 | 922758.4219999993 | -11239.83900000001
Bank (Money Center) | 548 | 6805198.060000007 | 6702116.560000001 | 6152786.030000003 | 5945169.050000004 | 5188071.119999997 | 4623824.860000004 | 4836670.340000002 | 4594118.450000008 | 4996021.839999995 | 4857620.589999997 | 0.001014800773546209 | 0.04188589703910051 | 0.1060580612653583 | -0.3870256363135165 | -0.2672944728012115 | -0.1402015677491601 | 7049908.409999997 | 17555908.452 | 702562.7739999996 | 2201451.726999999 | 20339784.29999999 | 18205342.15600001 | 7447292.890000002 | 2234924.685 | 678484.7579999996 | 3459.8 | 3341.825 | 687383.0549999994 | 2290156.984999999 | -240747.243
Banks (Regional) | 766 | 1011446.05 | 1000813.750000001 | 890098.9900000006 | 848575.7199999989 | 746930.1399999988 | 653469.5900000003 | 705042.7499999992 | 641740.4199999998 | 743790.2499999994 | 702997.5099999992 | 0 | 0.04642432011720543 | 0.09951098803982794 | -0.3757961783439491 | -0.2853850960683617 | -0.1735537190082646 | 1050705.959999999 | 1533746.093 | 85827.28300000001 | 294949.324 | 1484782.674 | 1678843.577000001 | 1135342.989999997 | 306017.607 | 87705.68799999994 | -59.9 | -61.2 | 91040.02099999986 | 316205.2670000001 | -22324.35099999998
Beverage (Alcoholic) | 189 | 1145251.920000001 | 1150294.03 | 1031751.790000001 | 1073276.159999998 | 939143.5199999996 | 873594.4899999996 | 917624.2899999995 | 906926.2899999993 | 979932.5399999992 | 989984.2400000006 | 0.01319562100873184 | 0.05908765045466557 | 0.1309523809523809 | -0.2352941176470589 | -0.1549346879535559 | -0.05466428995840766 | 1214059.18 | 251288.169 | 41536.063 | 324946.3059999998 | 67902.1069999999 | 246625.282 | 350951.504 | 298916.034 | 33740.10000000002 | 90677.90500000001 | 73226.90000000001 | 43589.55700000003 | 337516.103 | -23833.613
Beverage (Soft) | 72 | 701209.4199999998 | 699076.3800000001 | 629499.4999999997 | 647944.4900000001 | 575745.59 | 479792.49 | 528609.7800000003 | 535946.3000000005 | 589589.7500000002 | 587846.7200000001 | 0.03124999999999978 | 0.08755199949919257 | 0.1633858267716535 | -0.2593984962406015 | -0.1610695913555412 | -0.08860759493670878 | 658606.5400000005 | 128781.302 | 27032.22 | 225409.6029999999 | 33379.11399999999 | 134732.769 | 132497.071 | 237929.085 | 23900.05800000001 | 46756.30600000001 | 37199.55700000002 | 24141.50100000001 | 241463.656 | -16458.59
Broadcasting | 122 | 164761.05 | 156506.68 | 139867.5699999999 | 133183.75 | 113361.83 | 94036.98000000007 | 100551.4700000001 | 93291.45999999992 | 108536.21 | 107844.08 | 0.01249999999999996 | 0.08809718184061144 | 0.1743589743589744 | -0.3853658536585367 | -0.275716188337294 | -0.1551791151130401 | 173425.8700000001 | 96991.75000000001 | 12184.67000000001 | 139984.872 | 21866.532 | 117173.9009999999 | 120498.943 | 139071.823 | 23965.14799999998 | 30520.13300000002 | 23553.43300000001 | 24274.22299999998 | 146591.2559999999 | -10202.461
Brokerage & Investment Banking | 378 | 824332.7299999995 | 852463.4599999984 | 770139.2500000005 | 779556.5800000005 | 721467.7899999995 | 634022.7399999994 | 668658.4599999991 | 651227.8600000006 | 703716.1000000008 | 703542.3599999992 | 0.008695652173912993 | 0.05489015642584616 | 0.1452991452991454 | -0.2941777323799795 | -0.1539730892031016 | -0.06320754716981136 | 841513.6799999992 | 1745692.111000002 | 44886.48499999996 | 295252.5940000001 | 2487332.683999998 | 1905263.021000001 | 634155.8709999997 | 359762.851 | 51120.35200000001 | 5515.310000000002 | 5091.169 | 51088.50100000004 | 371454.955 | -19674.41200000001
Building Materials | 358 | 440689.9400000002 | 441329.6999999998 | 401167.36 | 404907.8099999998 | 343110.5300000003 | 297796.9700000001 | 325219.5200000003 | 305974.2499999993 | 344225.69 | 337713.2000000002 | 0.02158273381294973 | 0.07917337627482546 | 0.161531690140845 | -0.3138848680547823 | -0.2130322971030935 | -0.1101321585903083 | 432105.8899999997 | 112327.331 | 18836.77000000001 | 361368.3919999995 | 40259.851 | 120568.5869999999 | 195138.96 | 363974.1399999998 | 22810.149 | 46021.85900000003 | 31972.873 | 23141.532 | 372602.5599999998 | -7210.925999999999
Business & Consumer Services | 715 | 914668.6500000013 | 902212.6000000016 | 814717.530000002 | 823732.1700000007 | 688994.3100000008 | 594767.6600000011 | 663748.3500000002 | 627520.92 | 702577.9199999993 | 716647.8799999993 | 0.0267980043792142 | 0.1111111111111112 | 0.2164579606440071 | -0.375 | -0.2438456420492349 | -0.1050328227571117 | 868733.9199999995 | 175427.8230000004 | 26347.28199999997 | 528390.8640000003 | 66844.75299999997 | 202179.2370000003 | 213041.4810000001 | 516443.6409999996 | 25544.43300000002 | 66738.29399999988 | 47333.588 | 27880.07700000001 | 554227.103 | -13787.37200000001
Cable TV | 58 | 568815.7999999999 | 570256.4 | 509313.6799999998 | 507456.1699999999 | 463637.6199999999 | 404637.0999999998 | 440134.2800000001 | 428678.1999999998 | 472926.97 | 484539.3099999999 | 0.03754940711462451 | 0.1212645294676405 | 0.1643044619422573 | -0.3279417711281845 | -0.1660150750327725 | -0.07615700058582309 | 547892.3999999999 | 379508.2599999998 | 19905.859 | 257037.2199999999 | 37113.90599999999 | 390653.7569999998 | 236880.3 | 266538.85 | 32679.53000000002 | 91283.01999999993 | 47146.38200000002 | 33755.82000000003 | 277206.7499999999 | -6245.575999999997
Chemical (Basic) | 703 | 715017.49 | 720914.7999999999 | 664178.4199999996 | 677837.28 | 570144.91 | 528654.4300000005 | 551373.8299999989 | 554286.7000000012 | 598395.5799999983 | 600567.4399999987 | 0.01999040460578927 | 0.07512850929221027 | 0.1630669546436285 | -0.249609984399376 | -0.1493411420204978 | -0.05588822355289425 | 752742.4200000002 | 261297.6120000003 | 58184.85100000007 | 760195.9020000002 | 117880.1590000001 | 293794.4149999996 | 503512.8830000001 | 682295.7269999998 | 28839.95399999999 | 92315.23500000004 | 54705.86599999999 | 30742.69599999998 | 726651.1170000003 | -24418.731
Chemical (Diversified) | 71 | 211957.6399999999 | 206367.26 | 188129.48 | 188128.89 | 149503.7 | 139690.1399999999 | 147350.8599999999 | 141109.8800000001 | 161024.55 | 158574.69 | 0.04259967231021311 | 0.1245220366270881 | 0.1832712875967619 | -0.2826441734665811 | -0.2191211662971826 | -0.134066772116145 | 224551.7500000001 | 100275.25 | 19556.389 | 263102.74 | 26743.48500000001 | 111903.184 | 179903.8999999999 | 249932.79 | 15691.62 | 34886.9 | 19351.35 | 15827.81999999999 | 255428.99 | -7490.224999999998
Chemical (Specialty) | 702 | 1324134.379999998 | 1317424.390000001 | 1184710.239999999 | 1211612.780000002 | 1064452.89 | 967356.1000000008 | 1032296.799999999 | 1010603.84 | 1126234.349999999 | 1131275.55 | 0.02581438229870936 | 0.0913254129899097 | 0.1751314924391849 | -0.2654208418717452 | -0.1506527893094805 | -0.04233494964565465 | 1316576.009999999 | 299602.3690000002 | 62899.99199999994 | 681220.4580000006 | 98542.63899999997 | 321535.9220000001 | 578916.884 | 657750.2099999995 | 37137.36000000002 | 113290.5719999999 | 69650.92599999995 | 39576.52899999999 | 709478.5870000002 | -24386.387
Coal & Related Energy | 182 | 171577.6000000001 | 168555.2699999999 | 163669.1999999998 | 166988.15 | 150172.8199999999 | 139074.15 | 142667.13 | 146568.6699999999 | 146446.54 | 153207.38 | 0.004604672057502368 | 0.07279029462738307 | 0.2095744680851064 | -0.2765451664025357 | -0.1190592551804248 | -0.03145004174784305 | 192900.9499999999 | 108221.0760000001 | 23588.45300000001 | 209198.4049999999 | 57795.87 | 104047.136 | 206692.232 | 162394.306 | 18253.89000000001 | 49203.92800000001 | 32574.25799999999 | 20019.572 | 195555.4630000001 | -9606.275
Computer Services | 795 | 1110602.509999999 | 1106543.160000003 | 992073.8900000007 | 997765.2100000001 | 863441.3299999998 | 779269.5499999993 | 848794.8299999997 | 803222.5599999984 | 899487.3 | 906281.6300000012 | 0.04800724637681153 | 0.1194605009633911 | 0.2080572041231543 | -0.2776315789473683 | -0.1734513274336282 | -0.06113537117903922 | 1062480.53 | 161369.9019999998 | 47596.925 | 957896.1869999999 | 108896.3589999999 | 218190.812 | 324982.1709999995 | 976881.967999999 | 49257.63300000002 | 94067.11999999986 | 70343.36400000007 | 49819.90999999999 | 1010817.372 | -19901.34400000002
Computers/Peripherals | 300 | 2218755.579999997 | 2141475.080000002 | 1901947.530000001 | 1990916.820000001 | 1842859.09 | 1567293.43 | 1699122.25 | 1648573 | 1804781.850000001 | 1881585.950000002 | 0.04166666666666674 | 0.09590777546578644 | 0.1812831830102988 | -0.2505494505494505 | -0.1592013056500996 | -0.04667471076726526 | 2061224.75 | 342661.6770000003 | 117774.694 | 1242859.203 | 323885.8669999994 | 361884.9030000004 | 546793.0750000009 | 1223527.744 | 100048.6699999999 | 183183.9939999998 | 121041.912 | 99758.09299999994 | 1234796.024 | -33138.19400000002
Construction Supplies | 653 | 1046748.43 | 1040426.709999999 | 971598.3399999997 | 979048.3899999998 | 846916.2899999988 | 759067.2299999997 | 809747.3900000005 | 805593.2700000004 | 877615.46 | 873339.9999999991 | 0.02665159101922154 | 0.08031078167643335 | 0.1680867544539117 | -0.337872213077959 | -0.2166377816291161 | -0.07440100882723821 | 1081247.13 | 477762.122 | 63842.96699999999 | 995800.027000001 | 209063.372 | 477587.2250000003 | 682921.9530000008 | 970475.7649999998 | 62371.25500000004 | 154493.197 | 110507.1670000001 | 67488.25300000004 | 1055753.507999999 | -32134.21400000001
Diversified | 278 | 1722337.929999999 | 1706043.859999998 | 1548135.17 | 1537474.05 | 1360318.82 | 1189046.95 | 1280440.17 | 1255235.28 | 1369481.780000001 | 1354455.11 | 0.013751087902524 | 0.06812550527406769 | 0.1349120626057185 | -0.3064 | -0.2242028200964091 | -0.1400308857439022 | 1736303.710000001 | 1066788.747 | 70392.51999999989 | 1604103.706000001 | 683060.4070000005 | 1134874.141999999 | 1654166.420999998 | 1548718.796999999 | 163884.0739999999 | 344826.4350000001 | 280888.2390000001 | 159607.702 | 1614283.270999999 | -31616.24199999999
Drugs (Biotechnology) | 913 | 1409166.409999999 | 1416109.11 | 1317260.978000003 | 1373762.594 | 1221801.832000001 | 1134759.621 | 1212734.539999997 | 1242046.79 | 1329075.559999999 | 1422583.729999996 | 0.06103286384976525 | 0.1614686458499871 | 0.274284672863131 | -0.2598039215686275 | -0.1210716125708398 | 0.05287356321839076 | 1333505.460000001 | 147645.3069999999 | 2306.739000000015 | 164564.849 | 196800.099 | 181544.6719999999 | 210980.0400000002 | 179420.6279999998 | 3341.260000000025 | 25361.57699999999 | 14518.73800000003 | 1954.810000000016 | 180751.7269999999 | -14682.772
Drugs (Pharmaceutical) | 1051 | 3623939.240000001 | 3609261.090000002 | 3301321.319999995 | 3448910.049999998 | 3063991.759999997 | 2889057.18599999 | 3086803.309999997 | 3190552.469999999 | 3357076.660000006 | 3497146.119999998 | 0.03151260504201692 | 0.09326424870466332 | 0.1987041036717063 | -0.2411924119241192 | -0.1023441966838193 | 0.02410168447904315 | 3559400.380000001 | 551068.4970000011 | 100173.6969999998 | 923357.0739999987 | 265479.6979999996 | 664310.7700000007 | 1034710.798000001 | 965707.4659999997 | 112867.8670000001 | 268749.1399999994 | 190601.7620000001 | 114739.0770000001 | 1001494.358 | -67377.18099999995
Education | 182 | 192335.9000000001 | 195626.4599999999 | 185123.46 | 186328.86 | 168627.57 | 150288.5400000001 | 161788.9700000002 | 151981.77 | 161684.19 | 164434.2000000002 | 0.005420753742901407 | 0.06278026905829592 | 0.1593625498007969 | -0.2689873417721519 | -0.1617265147066084 | -0.02683896620278314 | 171968.144 | 15809.003 | 3636.515999999999 | 45350.52499999999 | 24329.64599999999 | 28869.06899999998 | 48545.46499999999 | 49752.99999999998 | 4364.594000000004 | 8107.176999999999 | 5748.157999999998 | 4596.046000000002 | 51856.94 | -1103.071999999999
Electrical Equipment | 766 | 897618.6199999996 | 925236.5699999998 | 837951.8400000008 | 864477.0199999987 | 752413.55 | 679293.6799999991 | 721275.2900000002 | 691184.1700000002 | 743107.239999999 | 752245.4700000001 | 0.01431344007763236 | 0.07360406091370564 | 0.1485920696166161 | -0.2709497206703909 | -0.1502593665781849 | -0.03417324537687905 | 855929.9100000006 | 180459.101 | 27497.31399999998 | 587404.053999999 | 113310.3079999999 | 197780.233 | 384101.0740000007 | 556217.9749999994 | 22548.40900000002 | 66145.62600000006 | 44614.09800000004 | 25253.45500000002 | 612768.2649999983 | -14376.98999999998
Electronics (Consumer & Office) | 123 | 216497.25 | 218013.7199999999 | 199821.0599999999 | 205198.9899999999 | 173683.4999999999 | 161081.4799999998 | 177130.8 | 167786.0599999999 | 179707.7099999998 | 184271.7200000001 | 0.0130391173520561 | 0.08528241128743985 | 0.1712328767123288 | -0.3003211086699341 | -0.1940298507462687 | -0.09594095940959402 | 209718.8799999998 | 74991.55799999999 | 13019.91300000001 | 320062.9220000001 | 46365.628 | 75258.86499999999 | 132706.2760000001 | 314232.3310000001 | 13297.925 | 27796.70700000001 | 15722.54399999999 | 12070.819 | 320972.7710000001 | -3210.215
Electronics (General) | 1215 | 1449908.79 | 1485260.759999999 | 1362424.160000001 | 1390169.200000002 | 1229016.239999996 | 1090907.540000001 | 1157503.350000001 | 1136124.299999998 | 1209442.350000003 | 1232316.820000002 | 0.03564223268325506 | 0.1056313396292412 | 0.1862068965517241 | -0.2605042016806722 | -0.1691729323308271 | -0.07458745874587469 | 1411197.8 | 215804.9400000001 | 47295.62599999989 | 1015823.895 | 216480.7679999996 | 244113.6740000002 | 611152.2009999999 | 997166.9130000009 | 39604.89300000006 | 103285.9620000001 | 60125.62400000008 | 39923.09000000006 | 1037250.824000001 | -17649.816
Engineering/Construction | 1027 | 738279.7899999978 | 731967.1100000014 | 680550.8099999992 | 692695.4400000005 | 592615.4499999993 | 541429.4500000003 | 579974.7199999995 | 555615.1300000004 | 603706.9999999984 | 603068.7600000013 | 0.01775147928994092 | 0.07668308702791471 | 0.1659480492165317 | -0.3038277511961721 | -0.1914893617021277 | -0.0698005698005697 | 746640.3499999999 | 593222.5610000009 | 49661.062 | 1781657.792 | 336697.2529999993 | 680138.828 | 717360.3830000004 | 1548357.165999999 | 46154.12800000003 | 135119.8749999997 | 100440.1719999999 | 54470.79200000004 | 1918970.556000001 | -26218.555
Entertainment | 512 | 1114226.220000001 | 1108727.879999998 | 1009294.98 | 1018917.369999999 | 905771.6300000005 | 842505.5800000004 | 909455.7900000007 | 905299.2119999997 | 956942.0900000002 | 1016512.350000001 | 0.0134932533733132 | 0.09709312009778104 | 0.1980094931863421 | -0.2928909952606635 | -0.1752604618021453 | -0.04800181759779387 | 1064810.080000001 | 112233.3109999999 | 17617.948 | 297944.252 | 114337.2229999999 | 170476.7129999998 | 318436.6280000003 | 320040.806 | 23449.452 | 48868.83400000003 | 30597.503 | 22231.27800000002 | 330514.2049999999 | -7463.365999999998
Environmental & Waste Services | 245 | 272448.7299999995 | 274064.5699999998 | 252003.2 | 264954.6800000001 | 234922.6400000001 | 212995.7399999999 | 215526.95 | 210641.9900000001 | 231243.2000000001 | 233577.8599999999 | 0.01836158192090398 | 0.08208955223880587 | 0.1618589743589745 | -0.3028846153846154 | -0.1630340017436792 | -0.03154246100519942 | 250824.8299999999 | 71766.96999999999 | 6762.460000000002 | 124641.119 | 20855.05399999999 | 91496.09099999997 | 88743.58000000009 | 117772.711 | 7745.172999999999 | 22266.28699999999 | 13969.43600000001 | 7751.881 | 135874.101 | -3622.185
Farming/Agriculture | 310 | 313246.2399999999 | 311883.5099999998 | 289651.42 | 300068.44 | 262033.0399999998 | 236243.4900000001 | 254102.4699999999 | 255892.21 | 272386.6800000003 | 268574.2599999997 | 0.007547169811320753 | 0.07496498350718639 | 0.1530835153755672 | -0.2713414634146342 | -0.1633603041528563 | -0.03855421686746996 | 316362.9800000004 | 169079.0840000001 | 13793.13100000001 | 395263.6400000006 | 36839.60600000001 | 184118.8550000001 | 177529.1190000003 | 369690.2330000003 | 11818.21999999998 | 33359.13399999997 | 21274.94499999999 | 12329.61599999998 | 393125.1780000002 | -5566.651000000003
Financial Svcs. (Non-bank & Insurance) | 774 | 1653899.51 | 1638516.090000001 | 1465871.979999997 | 1455977.289999999 | 1259656.22 | 1038723.61 | 1143923.27 | 1058825.78 | 1217141.88 | 1199950.050000001 | 0.003076923076922977 | 0.06077967754680202 | 0.1625860318176691 | -0.4050101557210563 | -0.2784338305962977 | -0.1307738452309537 | 1597237.179999999 | 9736111.817000002 | 110334.616 | 554613.2809999995 | 2845679.341999997 | 9987394.75899998 | 1199774.807 | 665161.0150000011 | 158684.8960000003 | 65335.25899999998 | 52084.82000000002 | 169403.7930000003 | 712197.7190000006 | -44318.97299999998
Food Processing | 1026 | 1792175.849999995 | 1796767.429999995 | 1668596.180000002 | 1737341.790000001 | 1557997.849999999 | 1503395.755 | 1581564.299999999 | 1617124.19 | 1679302.930000002 | 1718626.199999999 | 0.01342163235334115 | 0.06656934162260542 | 0.1325780771586036 | -0.2245821727019499 | -0.1133121461761663 | -0.008280621046578562 | 1797528.699999999 | 425968.0140000007 | 50090.88300000008 | 1215435.963000001 | 133802.2440000001 | 457145.5079999993 | 674459.0980000006 | 1201694.596000001 | 68623.80600000024 | 159093.9989999998 | 115396.1779999998 | 72094.86400000023 | 1296679.540000001 | -33755.967
Food Wholesalers | 118 | 93055.87999999996 | 90973.46000000002 | 79909.84999999992 | 79849.31999999999 | 60223.02999999998 | 49965.44000000002 | 61347.72999999999 | 52910.05999999999 | 61832.61 | 61559.31 | 0.01702786377708998 | 0.05666191722721092 | 0.1254901960784314 | -0.2652777777777778 | -0.1605959058789247 | -0.05128205128205132 | 98681.60000000003 | 46348.22399999998 | 3485.028000000003 | 312426.1799999999 | 13596.196 | 64421.942 | 49081.63400000001 | 280076.75 | 3690.477999999998 | 12007.157 | 8383.805999999997 | 3676.470999999999 | 341188.2399999998 | -1801.193
Furn/Home Furnishings | 287 | 331956.9000000001 | 331218.1499999996 | 311040.3600000001 | 320907.4600000005 | 285618.7500000001 | 253052.9500000001 | 265064.4199999998 | 256226.32 | 274238.3000000003 | 275573.1800000005 | 0.01299701550014443 | 0.08104037864891178 | 0.1687344913151365 | -0.3159676999218546 | -0.1989795918367347 | -0.07092198581560283 | 342843.26 | 51133.024 | 14262.38800000001 | 302030.58 | 64875.23399999997 | 71001.93599999997 | 128062.279 | 207853.6099999996 | 13017.90600000001 | 29983.49700000001 | 22761.22299999999 | 17140.954 | 305724.5999999998 | -5631.542000000003
Green & Renewable Energy | 175 | 229258.1000000001 | 231430.2700000001 | 214449.2600000002 | 222888.25 | 196075.52 | 181180.0000000001 | 189166.28 | 188652.73 | 198222.1399999999 | 199750.94 | 0.00773195876288657 | 0.06686046511627919 | 0.13021534320323 | -0.2859030912617361 | -0.1652542372881357 | -0.05839416058394176 | 223354.8699999999 | 157961.507 | 9610.098000000007 | 49889.846 | 17950.22999999999 | 165332.029 | 143671.0710000001 | 50330.57299999997 | 7809.317 | 31061.98400000001 | 19274.16499999997 | 8792.636999999999 | 54784.82499999996 | -5194.756000000007
Healthcare Products | 631 | 1829639.289999999 | 1813836.749999997 | 1649197.989999999 | 1686120.849999998 | 1506688.98 | 1349969.969999999 | 1512684.089999998 | 1500672.45 | 1649933.229999998 | 1723382.579999998 | 0.0368980612883052 | 0.1169587000823565 | 0.227699530516432 | -0.2548569041153123 | -0.131764705882353 | 0.0416641323520468 | 1743262.183999999 | 176493.4420000001 | 31794.94300000002 | 350889.4209999993 | 95680.77299999994 | 204010.7110000001 | 391797.5250000003 | 365635.4930000005 | 39113.08700000001 | 81066.93599999997 | 56019.11600000002 | 39969.07600000005 | 372594.5030000005 | -10286.30199999999
Healthcare Support Services | 323 | 1082630.9 | 1080339.249999999 | 943073.3500000002 | 1002892.479999999 | 925378.7799999998 | 763257.6100000002 | 856494.2300000002 | 824468.4799999992 | 929301.1799999999 | 982880.6099999998 | 0.02224864130434789 | 0.08707624201981357 | 0.1894273127753305 | -0.2702472293265132 | -0.1466165413533835 | -0.03981264637002346 | 1037755.740000001 | 316090.4190000003 | 36346.311 | 1675281.320999998 | 148268.2239999997 | 389907.3380000002 | 419303.4870000007 | 1912599.502999999 | 41534.06000000006 | 111779.4840000001 | 89822.02699999987 | 42438.04100000005 | 1988201.857999999 | -14617.56099999999
Heathcare Information and Technology | 318 | 772827.7099999996 | 768645.2499999992 | 701974.4300000003 | 732558.2900000004 | 651122.2300000008 | 607209.7200000008 | 645643.7900000005 | 656136.0600000004 | 725722.1300000002 | 759470.9300000004 | 0.05882352941176472 | 0.1420118343195267 | 0.227518959913326 | -0.2230113636363636 | -0.1056672683713528 | 0.02497027348394787 | 707369.7399999993 | 78379.85699999992 | 10816.52800000001 | 130079.6890000001 | 32816.62800000001 | 86089.54399999997 | 129757.184 | 139073.478 | 13065.34400000001 | 26619.563 | 17261.99099999998 | 12898.31200000001 | 142088.9210000001 | -1804.130999999999
Homebuilding | 147 | 247004.3900000001 | 246422.3599999999 | 215279.0200000001 | 215562.37 | 162349.4999999999 | 127535.65 | 149910.5900000002 | 126946.74 | 160002.11 | 154145.0799999999 | 0.06175595238095233 | 0.1281562287729401 | 0.2523496240601504 | -0.4386792452830188 | -0.3315118397085609 | -0.2406107812138505 | 224121.08 | 70056.16599999998 | 18484.674 | 234088.2970000001 | 33817.60800000001 | 75445.90699999996 | 143967.2200000001 | 239558.1600000001 | 18414.34799999998 | 29013.171 | 27078.61500000001 | 19758.25499999999 | 248215.456 | -4023.852
Hospitals/Healthcare Facilities | 175 | 250636.7099999998 | 250470.9 | 227149.74 | 228393.9399999999 | 191377.2399999999 | 162214.2500000001 | 172449.1699999999 | 168312.0199999999 | 191727.9110000001 | 195837.1200000001 | 0.007352941176470562 | 0.09001956947162437 | 0.1944648903282791 | -0.3321364452423698 | -0.2315789473684211 | -0.1308411214953271 | 251133.19 | 134667.448 | 6204.004 | 183705.3280000001 | 14034.08799999999 | 173082.33 | 74081.51000000007 | 187675.45 | 5978.413 | 30125.60399999998 | 20159.517 | 6960.148999999999 | 199428.1499999999 | -2717.311
Hotel/Gaming | 514 | 717777.0500000002 | 704343.4699999994 | 612705.4999999999 | 589348.1999999989 | 477155.7800000003 | 395782.5899999992 | 429624.8800000002 | 394002.8299999998 | 476813.4200000006 | 490025.2599999997 | 0.01432664756446989 | 0.09777126499454747 | 0.2222222222222221 | -0.4065512917690897 | -0.2691559753854538 | -0.1433273488928785 | 752873.330000001 | 309467.6169999999 | 33748.69499999996 | 338576.3090000003 | 87928.50800000003 | 367613.7640000001 | 330518.5429999998 | 341369.7059999999 | 29008.57099999997 | 79649.29600000005 | 51522.36199999991 | 33699.21 | 364602.661 | -17072.867
Household Products | 408 | 1453345.060000001 | 1438540.490000001 | 1307439.539999999 | 1381793.560000001 | 1240663.469999999 | 1186391.260000002 | 1259438.66 | 1260148.79 | 1313089.599999999 | 1358803.669999999 | 0.01706749418153608 | 0.09039548022598853 | 0.1801242236024845 | -0.2522080471050049 | -0.1413013689473544 | -0.01253963044790474 | 1424978.664000001 | 173276.198 | 41960.49399999999 | 458979.6070000003 | 75205.66799999996 | 196974.2419999999 | 251841.2700000002 | 468488.2689999997 | 30219.82400000001 | 94042.23700000001 | 76640.55100000008 | 30930.81800000002 | 478015.0569999996 | -27421.12500000001
Information Services | 181 | 1685002.689999999 | 1669876.76 | 1471899.799999999 | 1463100.110000002 | 1356245.239999998 | 1089194.88 | 1233678.74 | 1165831.169999999 | 1337014.939999999 | 1329803.980000001 | 0.04565144951682765 | 0.1367091677059619 | 0.2161290322580647 | -0.36875 | -0.2244401168451801 | -0.09941520467836251 | 1522515.52 | 125889.111 | 33711.508 | 189770.287 | 74786.913 | 175393.401 | 242585.9559999999 | 208149.882 | 35973.25900000003 | 65090.84699999997 | 52818.10700000001 | 36357.79500000001 | 214200.1570000001 | -9311.927000000001
Insurance (General) | 175 | 831074.1599999991 | 821011.7100000002 | 728139.8799999998 | 723801.1999999993 | 590313.9400000005 | 505632.71 | 568197.9779999995 | 530390.415 | 600718.0799999998 | 587626.1649999999 | 0.001101321585903259 | 0.06080782398473272 | 0.123925624079718 | -0.3076923076923077 | -0.1916243654822334 | -0.1057367829021373 | 814877.8300000001 | 319541.648 | 43750.29199999999 | 848837.4539999994 | 371799.9700000004 | 360317.4440000001 | 630400.1450000006 | 1031326.941 | 58609.775 | 113994.044 | 97259.59500000003 | 58543.467 | 1035200.761 | -28839.039
Insurance (Life) | 112 | 1207521.16 | 1186419.730000001 | 1073579.330000001 | 1058694.7 | 907102.6099999998 | 789811.3199999997 | 880145.6600000004 | 841393.6000000004 | 918775.4999999995 | 912389.9899999999 | 0.05165851868297167 | 0.08650439949720035 | 0.1618798955613578 | -0.367270683086774 | -0.2543929952380672 | -0.1596194388592921 | 1239421.85 | 906894.5070000006 | 87130.87800000001 | 1363932.138000001 | 2186094.684999999 | 988318.8050000004 | 1214885.49 | 1640749.4 | 95293.29400000007 | 155710.0260000001 | 155720.0299999999 | 102521.3610000001 | 1743936.399999999 | -34868.79000000003
Insurance (Prop/Cas.) | 166 | 654926.7500000001 | 647633.7400000002 | 581130.18 | 590499 | 510301.4399999998 | 433102.2299999996 | 483501.7899999998 | 466953.1000000002 | 519239.2999999996 | 513077.6199999997 | 0.01648761693191481 | 0.07174480232295488 | 0.132397803538743 | -0.2786219816819316 | -0.180007478488256 | -0.1197299425695793 | 637147.5000000005 | 169480.7059999999 | 36188.69099999998 | 638507.9400000001 | 173862.7849999999 | 167367.1950000002 | 498550.2000000002 | 698909.5499999998 | 51242.97899999999 | 78777.64300000001 | 70605.24700000006 | 50808.66399999999 | 700788.1599999999 | -12308.43200000001
Investments & Asset Management | 752 | 873855.0100000013 | 872430.3599999982 | 759353.0200000007 | 741962.8500000013 | 638685.16 | 537114.2699999999 | 604994.5600000002 | 581342.3099999994 | 665078.8399999999 | 654396.9800000011 | 0.006142506142506221 | 0.06001486436269043 | 0.1552511415525115 | -0.3333333333333334 | -0.2236109566700026 | -0.07638888888888884 | 824733.1599999999 | 707864.1379999997 | 45568.94200000015 | 250932.058 | 837383.6159999988 | 765697.3529999997 | 624528.3620000008 | 314671.5089999996 | 51194.73500000005 | 66371.67099999999 | 62412.35200000001 | 54352.24200000001 | 326100.6479999994 | -18885.03999999998
Machinery | 1172 | 1187654.359999996 | 1178386.049999995 | 1076208.600000002 | 1074103.510000001 | 929016.0700000002 | 827815.0400000013 | 912831.0500000004 | 877938.9799999992 | 965371.5599999982 | 967912.0500000003 | 0.02114803625377637 | 0.08376901229260725 | 0.1514514093395036 | -0.2883312595050462 | -0.1856038512309365 | -0.0701674966047986 | 1196068.87 | 203908.3280000001 | 59709.09800000001 | 750491.055999999 | 136381.6360000001 | 241714.42 | 483053.0909999998 | 725880.3669999995 | 40386.03800000001 | 94675.2330000001 | 66149.03999999992 | 41337.44700000003 | 757266.8499999995 | -17523.23099999999
Metals & Mining | 891 | 847303.4999999986 | 838940.1899999998 | 734205.3600000008 | 737191.5469999984 | 609629.7470000014 | 547527.1209999997 | 594545.1320000001 | 595048.3039999993 | 652050.1660000009 | 652385.3680000006 | 0.02280805687203791 | 0.1240157480314961 | 0.2638411607483773 | -0.351170568561873 | -0.2482142857142857 | -0.1243649664702298 | 880928.8499999989 | 378205.3470000001 | 55305.18799999998 | 887105.7960000004 | 129611.794 | 380083.9720000003 | 584875.5920000003 | 856785.5070000007 | 39938.53599999998 | 143002.6480000002 | 83197.85699999997 | 38139.1189999999 | 905718.7170000008 | -32951.101
Missing | 4 | 838 | 835 | 787.8000000000001 | 813.0999999999999 | 698.2 | 633.7099999999999 | 677.25 | 668.85 | 703.51 | 725.4 | 0.08654353562005279 | 0.1287824566461309 | 0.2457142857142858 | -0.205019305019305 | -0.1665096525096525 | -0.08414755732801593 | 836.4 | 0 | 4.75 | 11.1 | 13.361 | 0.176 | 14.99 | 2.9 | 1.39 | 0.314 | 0.275 | 1.39 | 2.9 | -0.901
Office Equipment & Services | 117 | 46216.11000000002 | 45129.09999999998 | 41288.76000000006 | 41350.54999999997 | 35196.82799999998 | 31630.46599999999 | 35291.86200000001 | 32905.014 | 36207.89 | 36003.81400000002 | 0.02764976958525356 | 0.08492801701222752 | 0.1606948968512487 | -0.3534883720930232 | -0.2202797202797202 | -0.1230012300123001 | 46451.74000000003 | 12013.533 | 2133.396 | 49711.14999999999 | 8837.794000000002 | 13324.949 | 23700.97600000001 | 48822.63999999998 | 2168.241 | 5437.115999999998 | 3802.599999999999 | 2354.091000000002 | 51869.83999999999 | -897.8050000000001
Oil/Gas (Integrated) | 50 | 3679306.600000001 | 3687197.8 | 3430928.270000003 | 3357748.14 | 2749853.860000001 | 2620846.44 | 2775609.54 | 2975037.189999999 | 3071064.19 | 2899283.790000001 | -0.04846064841073583 | 0.002171117910566733 | 0.04845690628528421 | -0.42102898818804 | -0.3182985187138569 | -0.2234095332595505 | 3986387.6 | 801861.0200000001 | 307427.505 | 3450718.339999998 | 321157.271 | 992012.5299999999 | 2335320.967999999 | 3242822.500000001 | 205662.811 | 691869.11 | 427159.8769999999 | 236166.061 | 3404585.820000001 | -179420.033
Oil/Gas (Production and Exploration) | 478 | 692553.5199999993 | 691036.4199999986 | 586046.9399999992 | 538013.7800000006 | 374453.6100000003 | 317846.8 | 341860.9300000003 | 386341.1230000004 | 424129.2309999997 | 404834.0870000003 | -0.04480651731160901 | 0.05589769598608896 | 0.1628895184135979 | -0.6096649795131357 | -0.444668458781362 | -0.2853107344632768 | 787409.7809999997 | 327111.3839999999 | 34238.58600000011 | 380261.5310000004 | 85847.656 | 376298.7809999998 | 657930.8199999997 | 382564.8470000001 | 30176.14600000003 | 182313.9039999999 | 64059.97900000004 | 30422.892 | 389891.0750000002 | -23616.563
Oil/Gas Distribution | 188 | 653461.8699999993 | 648945.3600000002 | 579468.8999999993 | 554028.3500000002 | 424562.4800000002 | 360534.2899999997 | 374581.85 | 386630.21 | 424863.8599999999 | 437226.8900000002 | 0.02546639028723718 | 0.1064232632259896 | 0.2365071283095723 | -0.4150391201217857 | -0.2245232294596808 | -0.1090163934426229 | 679932.7299999996 | 492444.2269999998 | 32353.32600000003 | 507062.27 | 30598.75000000001 | 544112.5659999998 | 451174.27 | 513496.8700000002 | 37548.58399999998 | 107913.566 | 72318.597 | 37760.77499999997 | 520697.2100000001 | -41680.30100000001
Oilfield Svcs/Equip. | 418 | 741427.9199999991 | 730695.6299999994 | 637068.27 | 597443.2910000003 | 473050.6200000002 | 417421.9699999999 | 445417.8500000003 | 445056.0420000001 | 495191.7580000004 | 488541.213 | -0.007042253521126751 | 0.05282190687582622 | 0.1458870168483648 | -0.4921686746987952 | -0.329688338001311 | -0.1716514954486347 | 804717.3709999993 | 381627.8169999996 | 34819.98400000003 | 1554126.276999998 | 119825.8899999999 | 434336.9060000001 | 576470.3859999998 | 1612396.292999998 | 8202.229999999989 | 119597.782 | 69190.77199999998 | 11.51200000000021 | 1648280.760999998 | -17325.84500000001
Packaging & Container | 324 | 281126.0299999999 | 280440.1200000002 | 251739.6899999998 | 255947.6400000001 | 221485.5899999999 | 201634.75 | 216005.1799999999 | 212933.7099999999 | 236006.69 | 233658.1000000001 | 0.0143819406517387 | 0.07258064516129048 | 0.1441213653603035 | -0.2480270574971815 | -0.1570395084195509 | -0.07415527469693062 | 281616.6899999999 | 126736.4869999999 | 11892.19100000001 | 269645.3600000001 | 24970.64400000001 | 144200.362 | 126138.2200000001 | 261649.2899999997 | 13698.706 | 41616.516 | 25600.67999999999 | 14528.807 | 279495.11 | -6107.755000000005
Paper/Forest Products | 243 | 171229.09 | 173463.4500000001 | 157744.1 | 160984.36 | 135780.6000000001 | 122578.76 | 132118.5699999999 | 130513.26 | 140862.6799999999 | 140073.3599999999 | 0.02082558571959847 | 0.09446693657219973 | 0.167741935483871 | -0.2996389891696751 | -0.2014084507042254 | -0.07558139534883712 | 178886.5299999999 | 105454.7380000001 | 14645.44200000001 | 216301.7690000001 | 25680.09899999998 | 113353.855 | 149309.3870000001 | 201834.5 | 8965.197999999993 | 27990.88799999999 | 14781.58900000001 | 9350.396999999995 | 210718.43 | -5414.550999999999
Power | 502 | 2203090.979999998 | 2214606.920000005 | 2008534.330000003 | 2094494.719999999 | 1761542.420000002 | 1592371.110000003 | 1737944.940000001 | 1682774.41 | 1850368.630000001 | 1840705.379999997 | 0.01786197564276049 | 0.06658446362515424 | 0.1229919678714859 | -0.2634271099744245 | -0.1613409102768698 | -0.05225876400433682 | 2124011.280000001 | 1892605.688999999 | 96503.762 | 1720275.037 | 234328.784 | 1981410.657999999 | 1633120.102000001 | 1654792.974 | 115586.674 | 406301.4460000006 | 226993.8809999999 | 122999.8909999999 | 1761865.344000001 | -73277.58400000006
Precious Metals | 518 | 418905.5799999998 | 449950.7200000003 | 385729.5400000004 | 419767.78 | 314465.93 | 297918.8960000005 | 347445.1399999997 | 350673.7300000006 | 399690.8500000003 | 417289.5799999998 | 0.07987220447284349 | 0.2033890228444537 | 0.3296703296703296 | -0.2583333333333333 | -0.1411303015403089 | 0.003496503496503545 | 421102.7000000005 | 71897.70000000003 | -387.8339999999995 | 137146.2759999998 | 32049.16199999995 | 77879.22600000008 | 218540.0960000001 | 150955.4270000001 | 15478.67100000001 | 45618.46799999995 | 23724.65800000003 | 15220.781 | 163523.202 | -6148.355
Publishing & Newspapers | 284 | 147854.46 | 147929.13 | 136103.1300000002 | 137095.04 | 119614.6800000001 | 108806.87 | 115915.4500000001 | 109273 | 118688.91 | 111666.72 | 0.004937163375224429 | 0.06264869289079511 | 0.1499856610266705 | -0.2978959025470653 | -0.1838328925457929 | -0.1035583941605839 | 150562.31 | 40331.97700000001 | 3861.972 | 147497.6960000001 | 31855.87099999999 | 50881.63100000002 | 106556.42 | 132488.307 | 2591.750999999997 | 14972.77099999999 | 8993.249999999998 | 3961.630999999998 | 148224.347 | -2964.055
R.E.I.T. | 760 | 2211196.610000002 | 2206146.529999997 | 1965660.909999999 | 2037158.78 | 1736510.380000001 | 1327056.780000001 | 1522464.42 | 1401799.769999996 | 1675902.010000002 | 1633622.62 | 0.03257773558034649 | 0.121918422232183 | 0.208814028610983 | -0.4124168514412417 | -0.2936674021994286 | -0.1865612648221343 | 2082762.089999998 | 1296333.092000002 | 86783.01799999998 | 262018.9639999998 | 81878.4129999999 | 1540066.044000001 | 1301150.729000002 | 263404.6230000001 | 72906.0429999999 | 133251.9900000001 | 96647.99000000012 | 77732.06299999997 | 275037.9340000003 | -86493.10999999983
Real Estate (Development) | 709 | 817455.5199999996 | 798614.7799999997 | 774913.7399999999 | 800513.4799999992 | 726040.7300000002 | 649279.0499999995 | 678124.0299999994 | 679613.7300000004 | 706310.2100000002 | 705908.9500000007 | 0.002454337899543413 | 0.04431565161906381 | 0.1137724550898203 | -0.3030852994555354 | -0.1762114537444934 | -0.06363049095607254 | 856323.8499999992 | 1190919.052000003 | 93208.88800000027 | 761756.9099999993 | 487738.5929999988 | 1305382.814999999 | 1090431.254000001 | 814179.1790000007 | 89613.16199999997 | 180020.7499999999 | 172790.3269999998 | 98326.61900000002 | 897477.975 | -85143.78800000006
Real Estate (General/Diversified) | 327 | 495482.9300000002 | 490620.1700000005 | 464350.4199999997 | 469491.4299999994 | 408204.6400000004 | 364712.4500000002 | 393449.7700000003 | 382733.9599999998 | 409540.6699999999 | 409021.8999999993 | 0.004783370623050454 | 0.05507662835249039 | 0.1360964431603067 | -0.3043478260869565 | -0.1914893617021276 | -0.09401709401709402 | 501106.5500000006 | 775389.3789999996 | 47172.70599999999 | 259198.1380000002 | 101179.6419999999 | 470123.5350000001 | 683849.1090000002 | 238805.5880000001 | 35037.06799999999 | 60103.62599999998 | 51609.68500000004 | 39682.06399999998 | 269248.2379999999 | -14436.80300000001
Real Estate (Operations & Services) | 558 | 615329.2400000003 | 614589.4500000016 | 561579.38 | 572941.41 | 472951.1899999996 | 405083.65 | 435988.2299999996 | 423077.2100000003 | 459951.9899999999 | 455632.1200000001 | 0.0007596859964549285 | 0.05598711633194409 | 0.1366822429906542 | -0.3453145057766368 | -0.2132679051453186 | -0.1026033690658499 | 595778.8299999996 | 436057.8489999999 | 47914.34899999997 | 170454.2300000001 | 61365.76699999997 | 468753.325 | 600249.4919999996 | 180783.3280000001 | 40717.46500000003 | 52781.37299999998 | 47382.18400000006 | 41941.31400000003 | 186941.0280000001 | -13243.107
Recreation | 266 | 261044.2699999998 | 252402.9699999999 | 229962.2000000002 | 230105.6500000001 | 197520.9400000001 | 183250.56 | 202946.7500000001 | 190845.11 | 207212.78 | 213168.3600000002 | 0.009814918676388062 | 0.08770138835637309 | 0.1640042598509051 | -0.3622377622377623 | -0.2176404976404977 | -0.1156219551802532 | 271177.2699999997 | 52395.40500000001 | 8368.427999999994 | 118190.8489999999 | 38377.02899999999 | 72155.787 | 93127.23699999994 | 111357.0780000001 | 6237.939000000007 | 20458.63199999999 | 14216.89299999998 | 8245.920000000002 | 125881.511 | -4076.277000000002
Reinsurance | 32 | 180549.74 | 174152.7 | 151586.27 | 149572.67 | 114566.61 | 98160.44 | 114841.79 | 109100.53 | 126513.13 | 123654.54 | 0.01129139006437874 | 0.08277404921700215 | 0.170697012802276 | -0.3162478243070915 | -0.2680794196258114 | -0.1578947368421053 | 178003.97 | 36919.613 | 5440.627999999999 | 197209.5 | 70762.83000000002 | 42261.57999999999 | 160625.54 | 236365.281 | 11740.135 | 16741.822 | 16967.118 | 11743.935 | 236661.981 | -5085.620000000001
Restaurant/Dining | 327 | 676841.86 | 674839.5399999993 | 595664.2199999993 | 586841.75 | 504521.6700000003 | 424643.2100000005 | 474745.8799999998 | 441086.6499999994 | 518457.55 | 528034.2100000011 | 0.05319888734353251 | 0.1394594594594596 | 0.2451440053583389 | -0.4253308128544424 | -0.2504337767495662 | -0.1544943820224719 | 655697.8500000004 | 140563.086 | 21764.25399999999 | 302960.8399999999 | 29882.041 | 217942.9610000001 | 49036.92800000004 | 262536.1900000001 | 20201.30200000002 | 48690.65800000002 | 35435.98799999999 | 22294.50500000002 | 318311.9500000004 | -12070.89400000001
Retail (Automotive) | 165 | 194395.4099999999 | 196235.9700000001 | 182340.3300000001 | 179574.5800000001 | 158978.9700000001 | 122942.6799999999 | 140860.8900000001 | 132719.5000000001 | 154867.24 | 158758.4599999998 | 0.02056277056277045 | 0.09553623188405802 | 0.1987179487179487 | -0.3758389261744968 | -0.2456479690522244 | -0.1233201581027668 | 206045.73 | 105249.3310000001 | 10135.389 | 390926.01 | 15312.44499999999 | 129769.186 | 68543.62799999998 | 356065.96 | 9610.648000000003 | 23155.239 | 17613.68000000001 | 9125.646000000002 | 406510.2400000001 | -3465.804000000001
Retail (Building Supply) | 83 | 453164.8999999998 | 450655.3599999999 | 396641.095 | 406582.6149999999 | 361430.916 | 269971.3820000001 | 329471.446 | 309703.5229999999 | 351979.9930000001 | 364330.5900000001 | 0.06028833551769353 | 0.1796928059312166 | 0.2698870240364499 | -0.4144144144144144 | -0.2976048573344259 | -0.1626582278481012 | 419923.3 | 63372.99900000003 | 16973.85300000001 | 290126.1000000002 | 12281.093 | 97359.14899999996 | 40876.88 | 276574.2 | 17090.50300000001 | 35302.28400000001 | 28864.246 | 17791.76700000001 | 295689.4999999998 | -9413.291
Retail (Distributors) | 730 | 605730.2399999988 | 603403.9800000009 | 553344.85 | 552778.1800000004 | 467816.07 | 415520.9699999993 | 461148.3799999995 | 426472.0100000004 | 471959.7099999993 | 468048.5 | 0.001499250374812577 | 0.06413301662707838 | 0.1361079865016872 | -0.3185654008438819 | -0.1956914055835107 | -0.0959310158986797 | 615970.2599999999 | 490652.5280000006 | 45377.871 | 1404979.955 | 121537.878 | 555564.724 | 493163.5370000007 | 1256169.179000002 | 42950.06900000001 | 87688.87399999995 | 60725.48200000004 | 44514.16599999998 | 1483425.819000002 | -17265.835
Retail (General) | 202 | 1054813.77 | 1056203.15 | 951332.1700000003 | 996247.1500000007 | 927953.6800000003 | 885379.2199999999 | 886809.8599999994 | 903932.3499999996 | 954969.3900000002 | 1004713.53 | 0.01228323699421963 | 0.07378451013926202 | 0.1471622300351583 | -0.3122962962962963 | -0.1239133073741024 | -0.001627127515451576 | 1052278.770000001 | 285704.5180000001 | 34386.74700000001 | 1602357.210000002 | 92185.94600000003 | 379917.4689999997 | 360587.97 | 1533311.1 | 40606.279 | 113471.3999999999 | 74026.40900000006 | 41818.12900000002 | 1649725.15 | -18295.55300000001
Retail (Grocery and Food) | 150 | 479433.7199999998 | 476564.4399999999 | 440676.3899999995 | 461551.3399999999 | 405280.29 | 397605.9599999997 | 414964.55 | 417346.4800000001 | 433597.77 | 445611.9100000001 | 0.01526717557251911 | 0.07520490497857768 | 0.1417004048582997 | -0.1501486620416255 | -0.05940144266326375 | 0.03881005300051288 | 471739.1600000003 | 184845.492 | 20756.76400000001 | 1030440.280000001 | 61075.63700000003 | 274117.213 | 221504.03 | 929388.04 | 16180.7 | 69840.641 | 42644.772 | 18446.466 | 1064739.942 | -11162.47
Retail (Online) | 249 | 2455789.899999998 | 2408500.910000002 | 2215345.92 | 2226200.970000002 | 2041028.380000001 | 1989460.47 | 2097999.180000001 | 2081459.920000002 | 2243710.76 | 2483956.280000004 | 0.06043329532497155 | 0.153846153846154 | 0.2894992707826933 | -0.3593013903251752 | -0.2135922330097089 | -0.01795965417867429 | 2248590.369999998 | 132985.912 | 10402.477 | 551253.2950000002 | 215627.841 | 187063.692 | 374720.0540000003 | 645580.4540000003 | 42261.96000000004 | 73483.22499999998 | 37415.647 | 52487.13000000003 | 667715.3509999998 | -2420.944999999999
Retail (Special Lines) | 419 | 815011.1800000006 | 807423.5299999997 | 732702.2000000002 | 735052.3600000003 | 624391.0199999998 | 547967.1100000002 | 600348.4499999996 | 555300.5310000009 | 636524.1699999995 | 649066.990999999 | 0.0490196078431373 | 0.1352831620706546 | 0.283671994217332 | -0.4083333333333333 | -0.2484342379958246 | -0.110632183908046 | 833821.9899999993 | 120439.124 | 35046.71800000004 | 919925.9259999986 | 93678.38400000005 | 276480.0049999998 | 250924.8490000002 | 878956.0830000003 | 29448.22499999999 | 75482.26499999998 | 53765.10799999999 | 31232.33600000001 | 964777.9329999998 | -15742.87
Rubber& Tires | 78 | 106325.14 | 107402.93 | 98940.86999999998 | 98541.77999999997 | 85028.42999999995 | 78411.70999999996 | 83170.66999999998 | 79240.00999999995 | 86772.31999999995 | 86937.89999999998 | 0.03508771929824572 | 0.1093177189409367 | 0.170967741935484 | -0.2702702702702703 | -0.1943058292940751 | -0.08959711365003009 | 111788.06 | 48962.50100000002 | 8604.589999999993 | 149412.9 | 19836.66400000001 | 53033.019 | 94184.22000000004 | 143711.9189999999 | 7740.950999999998 | 22728.334 | 12913.28 | 8190.369999999999 | 153278.7189999999 | -3409.961
Semiconductor | 510 | 2066048.55 | 2032279.97 | 1839736.880000001 | 1844659.459999999 | 1675534.470000001 | 1463347.319999998 | 1599207.800000001 | 1589216.939999999 | 1704133.240000002 | 1808356.92 | 0.05660377358490565 | 0.1370967741935483 | 0.2033368091762253 | -0.2532205345125939 | -0.1615341837461973 | -0.07484510532837663 | 1911548.04 | 179716.8470000002 | 99526.71400000005 | 485751.9459999996 | 174419.003 | 238543.0660000003 | 514291.5740000005 | 454284.2510000002 | 67488.89100000009 | 150880.578 | 84057.71299999995 | 69380.36200000005 | 473354.7070000004 | -25857.38000000002
Semiconductor Equip | 285 | 526788.8399999996 | 509384.4299999997 | 457333.9299999999 | 466046.9999999997 | 398906.7299999996 | 341338.9500000002 | 394391.4399999998 | 373734.2300000003 | 426711.4899999999 | 452642.3300000002 | 0.1041095890410959 | 0.1757925072046107 | 0.2326388888888888 | -0.2880324543610547 | -0.2098638582070382 | -0.1082164328657315 | 476400.0000000003 | 38965.63300000001 | 20775.89999999999 | 135868.8640000001 | 43359.00699999998 | 47190.16399999998 | 107132.135 | 129632.242 | 16969.38 | 28475.549 | 21921.50999999998 | 17029.59300000001 | 130827.112 | -5860.366000000004
Shipbuilding & Marine | 307 | 275427.0199999999 | 276724.4400000003 | 255495.43 | 258050.8199999998 | 233115.28 | 212295.71 | 223476.2400000001 | 217868.4200000004 | 232385.4299999999 | 233793.4600000001 | 0.01528013582342957 | 0.08062709966405368 | 0.1459119496855346 | -0.308083511777302 | -0.2014388489208634 | -0.08121019108280259 | 302898.0100000002 | 221495.7860000002 | 13966.218 | 287337.9500000002 | 62438.65899999999 | 255821.1320000001 | 293809.97 | 281263.6599999999 | 16076.225 | 45762.816 | 24570.11199999999 | 16511.41399999999 | 292946.6679999998 | -9214.170999999995
Shoe | 63 | 258686.73 | 254110.7300000001 | 226705.82 | 225411.06 | 191741.26 | 168253.6299999999 | 200749.04 | 186910.43 | 208204.94 | 214680.58 | 0 | 0.06717494333402008 | 0.1713495478092895 | -0.3688428916037662 | -0.2451612903225807 | -0.1151653363740023 | 258298.8400000001 | 14120.984 | 5050.536999999999 | 98721.99999999996 | 13926.954 | 24056.579 | 43428.44599999997 | 104904.18 | 8132.964000000004 | 12836.88299999999 | 10281.604 | 7907.100000000004 | 107316.72 | -2454.418999999999
Software (Entertainment) | 231 | 2573561.630000002 | 2514094.129999997 | 2304674.480000004 | 2250476.709999998 | 2081058.94 | 1870303.200000001 | 1980151.47 | 1943899.759999999 | 2131898.009999998 | 2226648.9 | 0.03508771929824572 | 0.1500081261173412 | 0.2829938334007278 | -0.3645833333333334 | -0.2407766990291262 | -0.1179245283018868 | 2366116.809999999 | 67644.37700000002 | 74618.81699999997 | 327389.7339999996 | 285308.2859999996 | 114725.396 | 502120.4710000003 | 385476.5439999998 | 70456.45200000008 | 112279.1919999999 | 82222.45899999996 | 70858.36500000005 | 388251.9199999999 | -2560.602999999999
Software (Internet) | 106 | 226911.0600000001 | 222602.09 | 202664.1700000001 | 204838.9999999999 | 177581.0800000002 | 166676.28 | 184572.948 | 173925.8600000002 | 192323.6719999999 | 224558.2809999998 | 0.03617571059431524 | 0.1280336800396236 | 0.2450831347412825 | -0.3152610441767068 | -0.1490845212115584 | -0.0226842064909033 | 180704.2499999999 | 20400.08499999999 | 44.30999999999993 | 34703.349 | 20342.35199999998 | 27720.094 | 24277.37300000002 | 36394.58900000001 | 321.7930000000001 | 4124.389 | 1968.044 | 332.0220000000001 | 38613.26900000001 | -361.079
Software (System & Application) | 1079 | 3762809.490000002 | 3689509.709999998 | 3357423.139999998 | 3319129.400000003 | 3079455.921999999 | 2790822.572000001 | 3033260.921 | 2967781.760000002 | 3237896.949999998 | 3450987.670999999 | 0.03556771545827631 | 0.1292073832790444 | 0.2385961146291724 | -0.3195613249776187 | -0.1958013726281792 | -0.07521397379912675 | 3302194.589999999 | 254161.0840000002 | 54547.48300000004 | 413662.1419999988 | 297518.3640000005 | 283176.0550000004 | 425188.299 | 445225.4840000001 | 76695.99299999984 | 119500.6239999999 | 90322.88599999994 | 79494.45399999981 | 469669.4379999998 | -24395.76200000002
Steel | 584 | 540021.9499999994 | 531342.2199999999 | 479505.2419999992 | 476999.4799999997 | 418273.4540000007 | 377038.7920000001 | 392465.8459999997 | 385835.5339999993 | 420957.7900000002 | 418378.4689999999 | 0.02094240837696337 | 0.08983440142133892 | 0.1779661016949152 | -0.3357933579335793 | -0.2265894188431515 | -0.1038013964313421 | 578583.9030000002 | 417154.5740000004 | 75309.17300000016 | 1136588.834000001 | 125009.2719999999 | 394492.1629999999 | 620384.2370000003 | 991595.9519999989 | 20360.04499999997 | 126259.1829999999 | 70420.47299999991 | 24080.81099999996 | 1129347.01 | -25895.26199999996
Telecom (Wireless) | 89 | 1044112.97 | 1042669.66 | 965659.5400000003 | 979788.25 | 856250.6399999997 | 820354.1699999997 | 886565.2899999999 | 896294.9600000001 | 944670.5899999999 | 956448.4199999999 | 0.01591161479540992 | 0.06891254028881544 | 0.1204301075268817 | -0.2326600908094567 | -0.1490867449998577 | -0.0452350652154937 | 1002021.25 | 495640.5970000001 | 48734.223 | 661328.8270000002 | 178294.7609999999 | 651186.9110000001 | 643639.7999999998 | 662407.7700000001 | 36843.13499999998 | 228222.841 | 104526.166 | 36172.72499999998 | 719133.07 | -26326.42000000001
Telecom. Equipment | 404 | 554290.739999999 | 563503.7300000003 | 513166.3299999994 | 521807.7800000006 | 486052.0099999998 | 452628.9300000002 | 472250.2100000002 | 470143.7799999999 | 501168.8199999998 | 512456.58 | 0.0147819660014783 | 0.09783631232361234 | 0.1875000000000002 | -0.2491322792132665 | -0.1441571195191856 | -0.03701721523503698 | 543576.91 | 77445.81900000009 | 15701.00500000002 | 240034.2089999999 | 78831.02400000009 | 83994.64000000006 | 152835.629 | 230277.1500000002 | 14053.15899999998 | 35660.61099999996 | 26102.87799999998 | 12194.00699999998 | 250611.0200000003 | -9496.41399999999
Telecom. Services | 238 | 1589466.950000001 | 1592646.83 | 1475577.57 | 1521127.449999999 | 1347793.660000001 | 1264972.530000003 | 1315218.47 | 1307848.31 | 1385486.36 | 1392922.16 | 0.0184654148419221 | 0.0744461455331411 | 0.1458072590738422 | -0.2804532577903682 | -0.1516523314859121 | -0.04399748585795094 | 1612564.09 | 918960.7169999994 | 90286.55399999997 | 1160109.636000001 | 132328.8090000002 | 1077749.66 | 973442.8700000003 | 1157611.057 | 70932.26900000006 | 352595.2969999999 | 174558.3859999999 | 73171.17400000003 | 1176826.153 | -67949.65499999991
Tobacco | 36 | 481428.66 | 481025.6000000002 | 437500.1300000002 | 451502.5700000001 | 402148.65 | 346457.0699999999 | 372487.4300000001 | 393741.78 | 413864.54 | 415370.4600000001 | 0.02147459637671889 | 0.06075022872827085 | 0.09889001009081744 | -0.2759215775030412 | -0.1699088869550855 | -0.103448275862069 | 493589.5300000001 | 150386.573 | 31610.537 | 148116.76 | 28024.779 | 154084.804 | 140947.4500000001 | 138621.66 | 22784.05400000001 | 57580.19399999999 | 51432.772 | 24120.27400000001 | 160648.16 | -27069.86300000001
Transportation | 240 | 547907.4800000007 | 546798.1299999992 | 497703.2299999999 | 497878.5000000002 | 444289.2599999999 | 415175.7390000002 | 443510.7300000002 | 434525.8599999998 | 465745.8810000002 | 476161.3829999998 | 0.01287395782246192 | 0.06394037129257191 | 0.1431044694519112 | -0.2817476948868399 | -0.1562737118024419 | -0.05679287305122493 | 563764.3499999999 | 235749.923 | 31475.731 | 580243.7519999999 | 71994.52000000003 | 293450.4650000001 | 241412.737 | 548506.3920000005 | 21825.80800000003 | 66160.314 | 41735.47799999997 | 24670.50000000004 | 608124.8350000002 | -15842.13199999999
Transportation (Railroads) | 49 | 682670.4800000001 | 671486.8600000005 | 607738.7899999998 | 600461.91 | 536184.1899999997 | 504575.1599999999 | 551427.77 | 534119.1899999997 | 568379.2 | 568968.6999999998 | 0.01936518849547375 | 0.05692841051021968 | 0.08992268494113498 | -0.2246060825589657 | -0.1472810103223574 | -0.04176751691181024 | 631410.1600000003 | 241493.5 | 36156.91700000001 | 240369.62 | 28362.78 | 256440.79 | 292218.7 | 235841.2 | 35091.21099999998 | 80013.48999999995 | 56442.324 | 37151.61099999998 | 247248.8999999999 | -11106.57
Trucking | 176 | 238168.2200000001 | 239893.2899999999 | 208206.8200000001 | 199929.8599999999 | 163030.15 | 148425.9 | 171620.4599999999 | 152642.0200000001 | 176032.73 | 178215.3799999999 | 0.02061855670103108 | 0.07818407432420316 | 0.192443919716647 | -0.3401201602136182 | -0.2006493506493506 | -0.07321772639691726 | 220569.5499999999 | 122626.96 | 7954.679000000002 | 232831.387 | 36656.54400000001 | 146592.4579999999 | 111777.1730000001 | 229970.09 | -3899.989000000002 | 16676.76200000001 | 3632.203 | -3883.189000000001 | 246101.5750000001 | -1914.062
Utility (General) | 51 | 624354.7000000001 | 629442.7000000004 | 569953.9999999999 | 603500.2 | 501293.5000000001 | 441814.3 | 492594.4 | 461772.7999999999 | 525590.6000000002 | 520702.7999999999 | 0.03441494591937078 | 0.09649506089534388 | 0.150370561245486 | -0.2774849166267311 | -0.1657980942602688 | -0.07066285510094705 | 584485.5999999997 | 423377.03 | 24782.854 | 429675.916 | 68722.25 | 492375.6500000001 | 360252.4000000001 | 432283.7500000002 | 29825.49 | 83990.56199999998 | 46292.79400000002 | 31795.49 | 452666.3500000002 | -20417.291
Utility (Water) | 89 | 143877.15 | 144535.83 | 130917.9400000001 | 140018.86 | 125452.65 | 112591.06 | 121857.7699999999 | 117734.87 | 128023.65 | 128276.04 | 0.0169688217242181 | 0.0436858828883766 | 0.1122770199370409 | -0.1933746736292428 | -0.09139213602550467 | -0.02994193080087104 | 140000.2 | 80325.19500000002 | 6804.157999999997 | 41245.484 | 17972.546 | 87090.68700000003 | 77826.90999999999 | 32438.781 | 5549.752 | 17385.22500000001 | 12426.219 | 7491.552000000003 | 43897.98099999999 | -3669.52
All firms | 36481 | 90411232.68000002 | 89830846.67000183 | 81489715.88499944 | 82111505.02699931 | 71734320.55899914 | 64159590.54999939 | 69292950.79299872 | 67723988.82799934 | 73997604.9120001 | 75142898.67200044 | 0.0183486238532109 | 0.08832233909787846 | 0.1811023622047245 | -0.3174276232978601 | -0.1942604856512141 | -0.07381370826010558 | 89001908.43700142 | 57376270.27699929 | 4391304.742000049 | 56659105.01500009 | 40045345.10699954 | 62005422.99700034 | 47400673.80600023 | 56327762.94400025 | 4202363.615999955 | 8453071.370999953 | 5636893.447000039 | 4377565.808999923 | 59944491.40700024 | -2072086.240000009

Sheet: By Week
% Change in Market Cap (by week)
Industry | Number of firms | Market Cap (2/14/20) | Market Cap (4/17/20) | 2/14/-2/21 | 2/22-2/28 | 2/29-3/6 | 3/7-3/13 | 3/14-3/20 | 3/21-3/27 | 3/28-4/3 | 4/4-4/10 | 4/11-4/17 | 2/14- 4/17
Advertising | 256 | 174962.2500000003 | 128274.6299999999 | -0.0008945358212996135 | -0.11696892790820435 | -0.009869984821087696 | -0.15473930185536944 | -0.15067204785915167 | 0.07967048440837066 | -0.047399858470085765 | 0.13035878160504688 | 0.005616968074322104 | -0.26684396205467353
Aerospace/Defense | 211 | 1217330.53 | 832291.659999999 | -0.010078864940650134 | -0.12592041589389213 | -0.01685094742533888 | -0.19084951651456727 | -0.19598213196190817 | 0.17536648360829798 | -0.13720809647871446 | 0.200922493202925 | 0.014394181952912977 | -0.31629771907552584
Air Transport | 148 | 559439.2500000006 | 350468.0000000001 | -0.017268219918428973 | -0.15256332306635434 | -0.018614553520685306 | -0.16285056829921252 | -0.1746135426371419 | 0.0793808246112857 | -0.10102784320311331 | 0.1423709604250587 | 0.000748959804225402 | -0.3735369836850029
Apparel | 801 | 1065754.130000003 | 870036.1599999997 | -0.01363156809910726 | -0.08679492329638905 | 0.0023870473910374557 | -0.16993821714433177 | -0.05477835417350274 | 0.10067214756888854 | -0.07604790256310812 | 0.10939190063301463 | 0.021411751203641582 | -0.18364270378197145
Auto & Truck | 126 | 1200913.980000001 | 975536.2799999991 | 0.017659507969087107 | -0.10297696007368451 | 0.0030962047464961895 | -0.15840586789373112 | -0.1255082501200272 | 0.12449045654041235 | -0.09670444669340483 | 0.14459664989068433 | 0.03677928877056291 | -0.187671809766093
Auto Parts | 642 | 531007.9799999992 | 405896.1999999998 | 0.003080085538451849 | -0.08185515742582916 | -0.019688375221767918 | -0.1440195406309721 | -0.13654306413642392 | 0.08647786543788571 | -0.07734425436959835 | 0.13280827266856
