Source: https://pages.stern.nyu.edu/~adamodar/pc/blog/S&P500ValueJuly2023.xlsx

Sheet: S&P 500 Valuation
S&P 500 Intrinsic Value Estimator
Inputs
Enter current level of index | 4450.38 | Input cell
Growth and Discount Rate Inputs | Output cell.
Enter current long term risk free rate  = | 0.0383 | Equity Risk Premium Choices
Do you want to change the risk free rate after year 5  | No | Average implied ERP (last decade) = | ERP10 | 0.0535
If yes, riskfree rate after year 5 | 0.04 | Direct Input | ERPDirect | 0.05 | Change this to any ERP you want
Do you want the change to be gradual or sudden (in year 6)? | Gradual (over 5 years) | Historical High ERP (1960-Current) = | ERPHigh | 0.0645
Average implied ERP (1960-Current) = | ERPLong | 0.04212666666666667
If you want to compute an intrinsic value for index, what ERP would you like to use? | ERPDirect | Historical Low ERP (1960-Current) = | HL | 0.0205
ERP used to compute fair value of index (you can override this number) = | 0.05 | Do not input | Historical Equity risk premium (US) = | HUS | 0.05061343721332556
Expected growth rate in the long term (after year 5) = | 0.0383 | Do not input
Return on Equity = | 0.2
Earnings Forecasts
Earnings in 2022 (Most recent year.. Will not affect your valuation) | 218.09 | If you choose to adjust the earnings estimates in 2023 up or down, from analyst forecasts, the effects will ripple into the following years, and have a permanent effect on earnings and value. Earnings in 2025 will be estimated based upon the average earnings in 2022 and 2023, grown at the long term growth rate in earnings.
Dividends and Buybacks in 2022 (Most recent year) | 171.87
Earnings in 2023 | 219.7
Earnings in 2024 | 245.73
Earnings in 2025 | 273.79
Do you want to adjust 2023 earnings estimates to reflect your view? | No
If so, enter the percentage difference (negative to lower, positive to increase) | -0.1
Intrinsic Value Estimate (based on your choice of ERP)
2022 | 2023 | 2024 | 2025 | 2026 | 2027 | Terminal Year
Expected Earnings | 218.09 | 219.7 | 245.73 | 273.79 | 294.6651694127905 | 305.95084540130034 | 317.66876278017014
Expected Earnings Growth Rate | 0.007382273373377934 | 0.11847974510696413 | 0.11419037154600598 | 0.07624518577300299 | 0.0383 | 0.0383
Expected cash payout (dividends + buybacks) as % of earnings | 0.7880691457655097 | 0.7880691457655097 | 0.7931768593241323 | 0.7982845728827549 | 0.8033922864413775 | 0.8085000000000001 | 0.8085
Expected Dividends + Buybacks = | 171.87 | 173.13879132468247 | 194.907349641719 | 218.5623332095695 | 236.73172418917758 | 247.36125850695137 | 256.8351947077676
Expected Terminal Value = | 5136.703894155351
Riskfree Rate | 0.0383 | 0.0383 | 0.0383 | 0.0383 | 0.0383 | 0.0383 | 0.0383
Required Return on Stocks | 0.0883 | 0.0883 | 0.0883 | 0.0883 | 0.0883 | 0.0883 | 0.0883
Present Value = | 165.96635913238774 | 171.67429485062212 | 176.8901887317441 | 176.0500931148429 | 3679.0990089991783
Intrinsic Value of Index = | 4369.679944828775
Intrinsic Trailing PE = | 20.036131619188293
Intrinsic Forward PE = | 19.88930334469174
Intrinsic CAPE (based on inflation-adjusted ten year average earnings) = | 42.05659234676395
Actual Index level = | 4450.38
% Under or Over Valuation = | 0.01846818444145515

Sheet: Earnings and Growth
Top Down Estimates (Yardeni on 6/26/23) | Top-down Estimates (Analyst Consensus on 6/26/23) | Bottom-up Estimates (Factset on 12/22)
Year | Earnings on Index | Source | Year | Earnings on Index | Source | Year | Earnings on Index | Source
2021 | 208.53 | 2021 | 208.53 | 2021 | 208.49
2022E | 215 | Yardeni | 2022E | 218.09 | Analyst Consensus | 2022E | 220.87 | Analyst Consensus
2023 | 0.04651162790697683 | 225 | Yardeni | 2023 | 0.007382273373377934 | 219.7 | Analyst Consensus | 2023 | 0.048535337528863076 | 231.59 | Analyst Consensus
2024 | 0.11111111111111116 | 250 | Yardeni | 2024 | 0.11847974510696413 | 245.73 | Analyst Consensus | 2024 | 0.04644827002309046 | Analyst Consensus
2025 | 0.08000000000000007 | 270 | 2025 | 0.11419037154600598 | 273.79 | Analyst Consensus | 2025 | 0.044361202517317844 | Analyst Consensus
2026 | 0.06550505311513069 | 2026 | 0.06604497556141067 | 2026 | 0.042274135011545234
2027 | 0.05180252655756534 | 2027 | 0.052072487780705334 | 2027 | 0.04018706750577262
2028 | 0.0381 | 2028 | 0.0381 | 2028 | 0.0381
Compounded average | 0.07073748142726632 | CAGR | 0.07083018343258884 | CAGR: 2021E | 0.044357031669493896
Sources for top down estimates
Thomson Reuters
Factset
Yardeni
S&P Capital IQ | Used estimated Net Income aggregated across
individual companies for next two years
On 12/31/22
Market Strategists Estimates
FIRM  | STRATEGIST  | 2022 S&P 500  | 2023 EPS | IMPLIED P/E 
Deutsche Bank | Binky Chadha | 4500 | 195 | 23.076923076923077
BMO | Brian Belski | 4300 | 220 | 19.545454545454547
Scotiabank | Hugo Ste-Marie | 4225 | 225 | 18.77777777777778
Jeffries | Sean Darby | 4200 | 232 | 18.103448275862068
JP Morgan | Dubravko Lakos-Bujas | 4200 | 205 | 20.48780487804878
Cantor Fitzgerald | Eric Johnson | 4100 | 212 | 19.339622641509433
RBC Capital Markets | Lori Calvasina | 4100 | 199 | 20.603015075376884
Credit Suisse | Jonathan Golub | 4050 | 230 | 17.608695652173914
Bank of America | Savita Subramaniam | 4000 | 200 | 20
Goldman Sachs | Davis Kostin | 4000 | 224 | 17.857142857142858
HSBC | Max Kettner | 4000 | 225 | 17.77777777777778
Citigroup | Scott Chronert | 3900 | 215 | 18.13953488372093
Morgan Stanley | Mike Wilson | 3900 | 314 | 12.420382165605096
UBS | Keith Parker | 3900 | 198 | 19.696969696969695
Barclays | Venu Krishna | 3725 | 207 | 17.995169082125603
Societe Generale | Manish Kabra | 3650 | 220 | 16.59090909090909
BNP Paribas | Greg Boutle | 3400 | 219 | 15.525114155251142
Evercore ISI | Julian Emmanuel | - | 222
Stifel | Barry Bannister | - | 220
Average | 220.10526315789474
Median | 220
High | 314
Low | 195

Sheet: Buyback & Dividend computation
Year | Dividend Yield | Buybacks/Index | Gross Cash Yield | Payout | Return on Equity | Net Profit Margin | Column1 | Column2
2001 | 0.013709726589378883 | 0.012490273410621118 | 0.0262 | 0.7742588931788931 | 0.11924493554327809 | 0.0527222885680165
2002 | 0.01814007410606715 | 0.01575992589393285 | 0.0339 | 0.6478257602085143 | 0.1360640718739841 | 0.06824886227189848
2003 | 0.016080438164959392 | 0.01231956183504061 | 0.0284 | 0.5774043518010606 | 0.1679049490359818 | 0.07694039194721515
2004 | 0.01568585385173939 | 0.01781414614826061 | 0.0335 | 0.5998717494089835 | 0.18432878503145683 | 0.08586979966250936
2005 | 0.0179 | 0.0311 | 0.049 | 0.8000812295618049 | 0.1843279083785413 | 0.08743938146216489
2006 | 0.01765653232775552 | 0.033924895906984054 | 0.0516 | 0.833993840234053 | 0.19361673950470137 | 0.09209352132786007
2007 | 0.01916304009947156 | 0.04578178427105999 | 0.06494482437053155 | 1.1553474959136625 | 0.1636432125934297 | 0.08052054473797168
2008 | 0.03149388690779419 | 0.04325522159959246 | 0.07474910850738666 | 1.3637069735264997 | 0.09348741479257539 | 0.04749342900447019
2009 | 0.019702860596293312 | 0.013864826752618856 | 0.03356768734891217 | 0.658247826135017 | 0.1259720406761637 | 0.06259357111404668 | Table will be updated once the year's final numbers are in. For 2021, for instance, the update was in March 2022
2010 | 0.01800787401574803 | 0.026143482064741905 | 0.04415135608048994 | 0.6628448306203578 | 0.16310993418746833 | 0.08701478119059737
2011 | 0.021097935880544576 | 0.03558014931927976 | 0.05667808519982434 | 0.7390953955547396 | 0.1665227751493594 | 0.09160073326178016
2012 | 0.021911526514700005 | 0.03130670224454559 | 0.053218228759245596 | 0.7839217689955431 | 0.1579084711485142 | 0.08863297234453528
2013 | 0.01888160315090134 | 0.02879850245623147 | 0.04768010560713281 | 0.8399733130003811 | 0.1573084246667766 | 0.09394615019564653
2014 | 0.019206906001644285 | 0.030324472458207727 | 0.04953137845985201 | 0.8779283325670568 | 0.16227089852481 | 0.09985214730254788
2015 | 0.021238392516414375 | 0.03177196982298893 | 0.0530103623394033 | 1.0783240445859872 | 0.13821943435677342 | 0.08914677100245756
2016 | 0.02041253874809051 | 0.027836092227155374 | 0.048248630975245885 | 1.0165631469979297 | 0.14353834308176527 | 0.09234539576598186
2017 | 0.01830109851474224 | 0.022759489977969862 | 0.0410605884927121 | 0.8816962492972452 | 0.16191367898152123 | 0.10109859772485527
2018 | 0.02169655144902966 | 0.038338951273510585 | 0.06003550272254024 | 0.9850765807042806 | 0.18484731161980353 | 0.11522826177133849
2019 | 0.01810708250020119 | 0.027179195116968657 | 0.04528627761716984 | 0.9308436187810154 | 0.18456588619337264 | 0.11287774330690567
2020 | 0.015175436027550072 | 0.016416094481732233 | 0.0315915305092823 | 0.8490269032627361 | 0.15282668124658283 | 0.10245357847126006
2021 | 0.012725075427281386 | 0.021948394731210318 | 0.034673470158491704 | 0.804772339907475 | 0.22139684319475592 | 0.13589438157633513
Average: Last 10 years = | 0.04643360756410759 | 0.8982449353746915 | 0.1609921904969279 | 0.09871823511473088 | Updated April 1, 2022
Average: Last 5 years | 0.042529473900039236 | 0.9326412998086413 | 0.1655383802246091 | 0.10480071540806826 | Updated April 1, 2022
Index at the start of the current quarter = | 3785.38 | Base for normalized Cashflow | Updated at the start of every quarter | Last updated | 2022-07-01 00:00:00
Year | Market value of index | Earnings | Dividends | Buybacks | Stock Issuances | Cash to equity | Net Cash to Equity | Dividend yield | Buyback yield | Gross Cash Yield | Net Cash Yield | Book Value of Equity at start of year | Return on Equity | Sales per share | Inflation rate | Inflation adjusted Earnings
2001 | 1148.09 | 38.85 | 15.74 | 14.339958 | 30.079957999999998 | 0.013709726589378883 | 0.012490273410621118 | 0.0262 | 325.8 | 0.11924493554327809 | 736.88 | 0.016 | 61.78682179573895
2002 | 879.82 | 46.04 | 15.96 | 13.865898 | 29.825898000000002 | 0.01814007410606715 | 0.01575992589393285 | 0.0339 | 338.37 | 0.1360640718739841 | 674.59 | 0.0248 | 71.44980231509082
2003 | 1111.91 | 54.69 | 17.88 | 13.698244000000004 | 31.578244000000005 | 0.016080438164959392 | 0.01231956183504061 | 0.0284 | 325.72 | 0.1679049490359818 | 710.81 | 0.0204 | 83.17698806664453
2004 | 1211.92 | 67.68 | 19.01 | 21.58932 | 40.599320000000006 | 0.01568585385173939 | 0.01781414614826061 | 0.0335 | 367.17 | 0.18432878503145683 | 788.17 | 0.0334 | 99.60638061130702
2005 | 1248.29 | 76.45 | 22.344390999999998 | 38.821819 | 61.16620999999999 | 0.0179 | 0.0311 | 0.049 | 414.75 | 0.1843279083785413 | 874.32 | 0.0334 | 108.87692383113269
2006 | 1418.3 | 87.72 | 25.042259800455653 | 48.11567986487548 | 73.15793966533113 | 0.01765653232775552 | 0.033924895906984054 | 0.0516 | 453.06 | 0.19361673950470137 | 952.51 | 0.0252 | 124.42757980603135
2007 | 1468.36 | 82.54 | 28.138241560460056 | 67.22414075225365 | 95.3623823127137 | 0.01916304009947156 | 0.04578178427105999 | 0.06494482437053155 | 504.39 | 0.1636432125934297 | 1025.08 | 0.0411 | 110.13409128142985
2008 | 903.25 | 49.51 | 28.446853349465105 | 39.07027890983189 | 67.517132259297 | 0.03149388690779419 | 0.04325522159959246 | 0.07474910850738666 | 529.59 | 0.09348741479257539 | 1042.46 | -0.0002 | 66.07498940233394
2009 | 1115 | 56.86 | 21.96868956486704 | 15.459281829170026 | 37.427971394037066 | 0.019702860596293312 | 0.013864826752618856 | 0.03356768734891217 | 451.37 | 0.1259720406761637 | 908.4 | 0.0281 | 73.81007931648467
2010 | 1257.64 | 83.77 | 22.647422677165356 | 32.87908878390201 | 55.52651146106737 | 0.01800787401574803 | 0.026143482064741905 | 0.04415135608048994 | 513.58 | 0.16310993418746833 | 962.71 | 0.0144 | 107.19834773808545
2011 | 1257.6 | 96.44 | 26.532764163372857 | 44.74559578392622 | 71.27835994729908 | 0.021097935880544576 | 0.03558014931927976 | 0.05667808519982434 | 579.14 | 0.1665227751493594 | 1052.83 | 0.0306 | 119.74755084669313
2012 | 1426.19 | 96.82 | 31.25 | 44.64930567414848 | 75.89930567414848 | 0.021911526514700005 | 0.03130670224454559 | 0.053218228759245596 | 613.14 | 0.1579084711485142 | 1092.37 | 0.0176 | 118.14012281580422
2013 | 1848.36 | 104.92 | 34.9 | 53.23 | 88.13 | 0.01888160315090134 | 0.02879850245623147 | 0.04768010560713281 | 666.97 | 0.1573084246667766 | 1116.81 | 0.0151 | 126.11937034230934
2014 | 2058.9 | 116.16 | 39.54509876678542 | 62.43505634420389 | 9.58 | 101.98 | 92.4 | 0.019206906001644285 | 0.030324472458207727 | 0.04953137845985201 | 0.04487833309048521 | 715.84 | 0.16227089852481 | 1163.32 | 0.0066 | 138.71492430328357
2015 | 2043.94 | 100.48 | 43.41 | 64.94 | 9.43 | 108.35 | 98.91999999999999 | 0.021238392516414375 | 0.03177196982298893 | 0.0530103623394033 | 0.048396723974284954 | 726.96 | 0.13821943435677342 | 1127.13 | 0.0066 | 119.20357659072991
2016 | 2238.82 | 106.26 | 45.7 | 62.32 | 8.975648595314448 | 108.02000000000001 | 98.66 | 0.02041253874809051 | 0.027836092227155374 | 0.048248630975245885 | 0.0440678571747617 | 740.29 | 0.14353834308176527 | 1150.68 | 0.0208 | 123.49199594816126
2017 | 2673.61 | 124.51 | 48.93 | 60.85 | 9.41 | 109.78 | 100.62 | 0.01830109851474224 | 0.022759489977969862 | 0.0410605884927121 | 0.037634509146809 | 768.99 | 0.16191367898152123 | 1231.57 | 0.0211 | 141.71145442775688
2018 | 2506.85 | 152.78 | 54.39 | 96.11 | 8.81 | 150.5 | 141.69 | 0.02169655144902966 | 0.038338951273510585 | 0.06003550272254024 | 0.05652113209805134 | 826.52 | 0.18484731161980353 | 1325.89 | 0.0254 | 169.57972037962597 | 2020-01-01 00:00:00
2019 | 3230.78 | 157.18 | 58.5 | 87.81 | 8.81 | 146.31 | 137.5 | 0.01810708250020119 | 0.027179195116968657 | 0.04528627761716984 | 0.042559381944917325 | 851.62 | 0.18456588619337264 | 1392.48 | 0.0226 | 170.60780880999997
2020 | 3756.07 | 139.76 | 57 | 61.66 | 12.44 | 118.66 | 106.22 | 0.015175436027550072 | 0.016416094481732233 | 0.0315915305092823 | 0.02827955815519945 | 914.5 | 0.15282668124658283 | 1364.13 | 0.013 | 149.75283999999996
2021 | 4766.18 | 205.35 | 60.65 | 104.61 | 8.68 | 165.26 | 156.57999999999998 | 0.012725075427281386 | 0.021948394731210318 | 0.034673470158491704 | 0.032852305200391084 | 927.52 | 0.22139684319475592 | 1511.1 | 0.0715 | 205.35
Trailing four quarters | 3785.38 | 201.94614892691325 | 64.31502222873037 | 119.28062767051645 | 8.975648595314448 | 183.59564989924684 | 174.62000130393238 | 0.016990374078356827 | 0.03151087279758345 | 0.048501246875940277 | 0.04613011145616355 | 914.5 | 0.22082684409722608 | 1364.13 | 0.0211 | 201.94614892691325 | Updated at the start of every quarter | Last updated
S&P Cap IQ update | 194.5659617454997 | 54.72256258856241 | 112.21889853235652 | 8.975648595314448 | 166.94146112091892 | 157.96581252560446 | Updated at the start of every month | Last updated | 2021-10-01 00:00:00
Start of year | Market Cap | Index level | Unit adjuster | Dividends | Buybacks
2022 | 40356 | 4766.18 | 0.11810337991872337 | 511.23 | 881.71
2021 | 31659 | 3756.07 | 0.11864146056413659 | 480.4 | 519.69
2019 | 26760 | 3230 | 0.12070254110612855 | 485.48 | 728.74
2018 | 21033 | 2506.85 | 0.11918651642656777 | 456.31 | 806.41
2017 | 22821 | 2673.61 | 0.11715568993470926 | 419.77 | 519.4
2016 | 19268 | 2238.82 | 0.11619368901806104 | 397.21 | 536.38
2015 | 17956 | 2043.94 | 0.11383047449320562 | 382.46 | 572.16
2014 | 18245 | 2058.9 | 0.11284735543984654 | 350.43 | 553.27
2013 | 16495 | 1848.36 | 0.11205577447711428 | 311.77000000000004 | 475.5899999999999
2012 | 12742 | 1426.19 | 0.11192826871762675 | 280.69 | 398.90999999999997
2011 | 11385 | 1257.6 | 0.11046113306982872 | 240.2 | 405.08000000000004
2010 | 11430 | 1257.64 | 0.11002974628171479 | 205.83 | 298.82
2009 | 9928 | 1115 | 0.11230862207896858 | 195.60999999999999 | 137.65
2008 | 7852 | 903.25 | 0.11503438614365767 | 247.29 | 339.64
2007 | 12868 | 1468.36 | 0.11410941871308672 | 246.59 | 589.12
2006 | 12729 | 1418.3 | 0.11142273548589834
Ratio
Index units adjuster = | 0.11810337991872337
Computing the trailing 12 month number (S&P Data updated every quarter on March 15, June 15, Sept 15 and Dec 15)
Quarter | Earnings | Dividends | Buybacks | Issuances
Last quarter | 395.01998789271727 | 140.55567147028 | 219.637384 | Updated Sept 23, 2022
2 quarters ago | 417.33 | 137.6 | 281.01
3 quarters ago | 456.22 | 133.9 | 270.1
4 quarters ago | 441.34 | 130.04 | 234.64
Sum | 1709.9099878927173 | 542.09567147028 | 1005.387384 | 80.7732
S&P Capital IQ data (updated every month and does not match up to the S&P update every three quarters)
Month | Earnings | Dividends | Buybacks | Issuances | Index Units Adjuster
2022-09-01 00:00:00 | 1750.9281 | 492.4565 | 1009.8746 | 80.7732 | 0.11112161701299995 | Updated September 1, 2022

Sheet: Implied ERP- Annual since 1960
Year | Earnings Yield | Dividend Yield | T.Bond Rate | Implied ERP
1960 | 0.0534 | 0.0341 | 0.0276
1961 | 0.0471 | 0.0285 | 0.0235 | 0.0292
1962 | 0.0581 | 0.034 | 0.0385 | 0.0356
1963 | 0.0551 | 0.0313 | 0.0414 | 0.0338
1964 | 0.0562 | 0.0305 | 0.0421 | 0.0331
1965 | 0.0573 | 0.0306 | 0.0465 | 0.0332
1966 | 0.0674 | 0.0359 | 0.0464 | 0.0368
1967 | 0.0566 | 0.0309 | 0.057 | 0.032
1968 | 0.0551 | 0.0293 | 0.0616 | 0.03
1969 | 0.0663 | 0.0352 | 0.0788 | 0.0374
1970 | 0.0598 | 0.0346 | 0.065 | 0.0341
1971 | 0.0546 | 0.031 | 0.0589 | 0.0309
1972 | 0.0523 | 0.027 | 0.0641 | 0.0272
1973 | 0.0816 | 0.037 | 0.069 | 0.043
1974 | 0.1364 | 0.0543 | 0.074 | 0.0559
1975 | 0.0855 | 0.0414 | 0.0776 | 0.0413
1976 | 0.0907 | 0.0393 | 0.0681 | 0.0455
1977 | 0.1143 | 0.0511 | 0.0778 | 0.0592
1978 | 0.1211 | 0.0539 | 0.0915 | 0.0572
1979 | 0.1348 | 0.0553 | 0.1033 | 0.0645
1980 | 0.1104 | 0.0474 | 0.1243 | 0.0503
1981 | 0.1239 | 0.0557 | 0.1398 | 0.0573
1982 | 0.0983 | 0.0493 | 0.1047 | 0.049
1983 | 0.0806 | 0.0432 | 0.118 | 0.0431
1984 | 0.1007 | 0.0468 | 0.1151 | 0.0511
1985 | 0.0742 | 0.0388 | 0.0899 | 0.0384
1986 | 0.0596 | 0.0338 | 0.0722 | 0.0358
1987 | 0.0649 | 0.0371 | 0.0886 | 0.0399
1988 | 0.082 | 0.0368 | 0.0914 | 0.0377
1989 | 0.068 | 0.0332 | 0.0793 | 0.0351
1990 | 0.0658 | 0.0374 | 0.0807 | 0.0389
1991 | 0.0458 | 0.0311 | 0.067 | 0.0348
1992 | 0.0416 | 0.029 | 0.0668 | 0.0355
1993 | 0.0425 | 0.0272 | 0.0579 | 0.0317
1994 | 0.0589 | 0.0291 | 0.0782 | 0.0355
1995 | 0.0574 | 0.023 | 0.0557 | 0.0329
1996 | 0.0483 | 0.0201 | 0.0641 | 0.032
1997 | 0.040766408479412965 | 0.015994971301381864 | 0.0574 | 0.0273
1998 | 0.03110419906687403 | 0.013178981964319126 | 0.0465 | 0.0226
1999 | 0.03074085459575776 | 0.011374404356705241 | 0.0644 | 0.0205
2000 | 0.03938558487593541 | 0.012321969696969698 | 0.0511 | 0.0287
2001 | 0.03852485432326734 | 0.013710597601233353 | 0.0505 | 0.0362
2002 | 0.05232888545384283 | 0.018276465640699232 | 0.0381 | 0.041
2003 | 0.0487 | 0.0161 | 0.0425 | 0.0369
2004 | 0.05584527031487227 | 0.016013433229916166 | 0.0422 | 0.0365
2005 | 0.0547 | 0.01792852622387426 | 0.0439 | 0.0408
2006 | 0.06184869209617148 | 0.01766198970598604 | 0.047 | 0.0416
2007 | 0.056212372987550746 | 0.01888501457408265 | 0.0402 | 0.0437
2008 | 0.07239413230002768 | 0.031054525325214504 | 0.0221 | 0.0643
2009 | 0.05349296027262129 | 0.02000717424446238 | 0.0384 | 0.0436
2010 | 0.0665214210743933 | 0.01838363919722655 | 0.0329 | 0.052
2011 | 0.07717080152671756 | 0.02069020356234097 | 0.0188 | 0.0601
2012 | 0.0718487719027619 | 0.02134357974743898 | 0.0176 | 0.0578
2013 | 0.05813261485857734 | 0.0196 | 0.0304 | 0.0496
2014 | 0.05488853271164214 | 0.019155859925202776 | 0.0217 | 0.0578
2015 | 0.05201718250046478 | 0.021116079728367758 | 0.0227 | 0.0612
2016 | 0.0486 | 0.0201 | 0.0245 | 0.0569
2017 | 0.0442 | 0.018 | 0.0241 | 0.0508
2018 | 0.0592 | 0.0208 | 0.0268 | 0.0596
2019 | 0.050251022972780564 | 0.01819993933353555 | 0.0192 | 0.052
2020 | 0.0368 | 0.0151 | 0.0093 | 0.0472
2021 | 0.0433 | 0.0124 | 0.0151 | 0.0424

Sheet: Historical ERP
Annual Returns on Investments in | Value of $100 invested at start of 1928 in | Annual Risk Premium
Year | S&P 500 (includes dividends) | 3-month T.Bill | US T. Bond |  Baa Corporate Bond | Real Estate | Gold* | S&P 500 (includes dividends)3 | 3-month T.Bill4 | US T. Bond5 |  Baa Corporate Bond2 | Real Estate2 | Gold2 | Stocks - Bills | Stocks - Bonds | Stocks - Baa Corp Bond | Historical risk premium
1928 | 0.43811155152887893 | 0.0308 | 0.008354708589799302 | 0.03219551470232438 | 0.01491053677932408 | 0.0009689922480620172 | 143.8111551528879 | 103.08 | 100.83547085897993 | 103.21955147023243 | 101.49105367793241 | 100.09689922480621 | 0.40731155152887893 | 0.4297568429390796 | 0.4059160368265545
1929 | -0.0829794661190966 | 0.0316 | 0.04203804156320426 | 0.03017856239904043 | -0.020568070519098924 | -0.0014520813165538327 | 131.8777822763307 | 106.337328 | 105.074396573995 | 106.33456914507781 | 99.40357852882704 | 99.9515503875969 | -0.1145794661190966 | -0.12501750768230085 | -0.11315802851813703
1930 | -0.25123636363636365 | 0.0455 | 0.045409314348970366 | 0.005397809464823829 | -0.04299999999999993 | 0.0009694619486184664 | 98.74528781279727 | 111.17567642400002 | 109.84575287805193 | 106.90854288884708 | 95.12922465208749 | 100.04844961240309 | -0.29673636363636363 | -0.29664567798533403 | -0.25663417310118747
1931 | -0.4383754889178619 | 0.0231 | -0.02558855961942253 | -0.15680775082667592 | -0.08150470219435735 | -0.17384987893462467 | 55.457773989527276 | 113.7438345493944 | 107.03495828159154 | 90.14445473428975 | 87.37574552683898 | 82.65503875968992 | -0.4614754889178619 | -0.41278692929843935 | -0.28156773809118596
1932 | -0.08642364532019696 | 0.0107 | 0.08790306990477326 | 0.23589601675740196 | -0.10466439135381123 | 0.21277842907385724 | 50.66491100000872 | 114.96089357907292 | 116.44365970167279 | 111.40917253887663 | 78.23061630218689 | 100.24224806201552 | -0.09712364532019696 | -0.17432671522497023 | -0.32231966207759893
1933 | 0.49982225433526023 | 0.0096 | 0.01855272089185736 | 0.1296689369754826 | -0.03811944091486652 | 0.2725954567423874 | 75.9883610317284 | 116.06451815743202 | 118.60400641974435 | 125.8554815113109 | 75.24850894632208 | 127.56782945736434 | 0.49022225433526023 | 0.48126953344340284 | 0.37015331735977763
1934 | -0.011885656970912803 | 0.0027833333333333334 | 0.0796344261796561 | 0.18816429268482648 | 0.029062087186261465 | 0.3175085453854918 | 75.0851894387234 | 116.38756439963687 | 128.04896841358894 | 149.53698917039497 | 77.43538767395627 | 168.07170542635657 | -0.014668990304246137 | -0.0915200831505689 | -0.2000499496557393
1935 | 0.4674042105263158 | 0.001675 | 0.04472047729656613 | 0.1330773186567917 | 0.09765833726229745 | 0.004324012683770695 | 110.18032313054879 | 116.58251357000627 | 133.77537939837757 | 169.43697072920085 | 84.99759887945625 | 168.79844961240312 | 0.46572921052631583 | 0.42268373322974967 | 0.33432689186952413
1936 | 0.3194341027550261 | 0.001725 | 0.0501787540454506 | 0.11383815871922703 | 0.03218601454670411 | 0.000861079219288019 | 145.3756757910145 | 116.78361840591452 | 140.4880612585456 | 188.72536349597664 | 87.73333283342535 | 168.9437984496124 | 0.3177091027550261 | 0.2692553487095755 | 0.20559594403579906
1937 | -0.3533672875436554 | 0.002758333333333333 | 0.01379146059646038 | -0.044161916839982614 | 0.025633912223270494 | -0.0022942357327214724 | 94.00466756191786 | 117.10574655335085 | 142.42559681966594 | 180.39088968767183 | 89.98228138633235 | 168.55620155038758 | -0.3561256208769887 | -0.36715874814011573 | -0.30920537070367277
1938 | 0.29282654028436017 | 0.00065 | 0.04213248532204607 | 0.0923588171368742 | -0.0087368136326752 | 0.0017246335153779935 | 121.53172913465568 | 117.18186528861054 | 148.42634118715418 | 197.05157888149355 | 89.19612296361703 | 168.84689922480618 | 0.2921765402843602 | 0.2506940549623141 | 0.20046772314748595
1939 | -0.010975646879756443 | 0.0004583333333333333 | 0.04412261394206067 | 0.0798313776534614 | -0.013016072256937905 | -0.012338593974175027 | 120.19783979098749 | 117.23557364353447 | 154.97529933818757 | 212.7824778923929 | 88.03513978208387 | 166.76356589147284 | -0.011433980213089777 | -0.05509826082181711 | -0.09080702453321784
1940 | -0.10672873194221515 | 0.00035833333333333333 | 0.05402481596284551 | 0.08648137177582957 | 0.03306607685927565 | -0.016560139453805967 | 107.36927676790187 | 117.27758305742339 | 163.34781136372007 | 231.18419847038714 | 90.94611648043534 | 164.0019379844961 | -0.10708706527554848 | -0.16075354790506066 | -0.1932101037180447
1941 | -0.1277145557655955 | 0.0012916666666666669 | -0.020221975848580105 | 0.05007172857275923 | -0.08384627736444894 | 0 | 93.656657282616 | 117.42906660220589 | 160.0445958674045 | 242.75999090650726 | 83.32062317279727 | 164.0019379844961 | -0.12900622243226217 | -0.10749257991701541 | -0.17778628433835475
1942 | 0.19173762945914843 | 0.003425 | 0.022948682374484164 | 0.051799010426587015 | 0.03333041217538635 | 0 | 111.61416273305268 | 117.83126115531844 | 163.71740846371824 | 255.3347182066316 | 86.09773388585666 | 164.0019379844961 | 0.18831262945914842 | 0.16878894708466427 | 0.1399386190325614
1943 | 0.25061310133060394 | 0.0038 | 0.0249 | 0.08044670060105924 | 0.11446259964945993 | 0 | 139.5861342080017 | 118.27901994770866 | 167.79397193446482 | 275.8755538352563 | 95.95270433035921 | 164.0019379844961 | 0.24681310133060394 | 0.22571310133060393 | 0.1701664007295447
1944 | 0.1903067694944301 | 0.0038 | 0.025776111579070303 | 0.0656586358825617 | 0.16584227481419478 | 0 | 166.15032047534245 | 118.72848022350996 | 172.11904807734297 | 293.98916637342546 | 111.86571909107982 | 164.0019379844961 | 0.1865067694944301 | 0.16453065791535978 | 0.1246481336118684
1945 | 0.358210843373494 | 0.0038 | 0.03804417341923723 | 0.06799865477817886 | 0.11777376471356127 | 0.025406203840472763 | 225.6671668995912 | 119.1796484483593 | 178.66717499115143 | 313.9800342061766 | 125.040565970826 | 168.16860465116278 | 0.354410843373494 | 0.3201666699542568 | 0.29021218859531517
1946 | -0.08429147465437781 | 0.0038 | 0.031283745375695685 | 0.025080329773195936 | 0.2410168567758013 | 0 | 206.64534862054904 | 119.63253111246307 | 184.2565534005695 | 321.8547570062668 | 155.1774501505817 | 168.16860465116278 | -0.0880914746543778 | -0.11557522003007349 | -0.10937180442757374
1947 | 0.052 | 0.006008333333333333 | 0.009196968062832236 | 0.0026212022665691934 | 0.2126388104648973 | 0 | 217.3909067488176 | 120.35132323689713 | 185.95115503756207 | 322.69840342483775 | 188.1741985615773 | 168.16860465116278 | 0.04599166666666667 | 0.042803031937167765 | 0.049378797733430804
1948 | 0.057045751633986834 | 0.01045 | 0.019510369413175046 | 0.03436959560510321 | 0.020585153855108507 | 0 | 229.79213442269784 | 121.6089945647227 | 189.5791307651515 | 333.7894170529618 | 192.0477933905291 | 168.16860465116278 | 0.04659575163398683 | 0.03753538222081179 | 0.02267615602888362
1949 | 0.18303223684210526 | 0.01115 | 0.04663485182797314 | 0.053773011179658936 | 0.0008934851624431417 | -0.08700662633246903 | 271.851502794806 | 122.96493485411936 | 198.42012543806027 | 351.7382791078026 | 192.2193852444035 | 153.53682170542635 | 0.17188223684210527 | 0.13639738501413212 | 0.12925922566244633
1950 | 0.30805539011316263 | 0.012033333333333333 | 0.00429595741710961 | 0.042388173056720914 | 0.03640392529281433 | 0.09561375828337004 | 355.5968235411095 | 124.4446129035306 | 199.2725298476397 | 366.64782215329734 | 199.21692538467147 | 168.21705426356587 | 0.2960220567798293 | 0.30375943269605304 | 0.2656672170564417
1951 | 0.2367846304454234 | 0.015175000000000001 | -0.0029531392208319886 | -0.001909809130136969 | 0.060476481368356705 | 0 | 439.7966859908575 | 126.33305990434167 | 198.68405032411223 | 365.94759479500414 | 211.26486406095887 | 168.21705426356587 | 0.2216096304454234 | 0.23973776966625537 | 0.23869443957556036
1952 | 0.18150988641144306 | 0.017225 | 0.022679961918305656 | 0.04441241504740077 | 0.044066820276497776 | -0.003456221198156584 | 519.6241325091871 | 128.50914686119395 | 203.19019701923781 | 382.2002112606379 | 220.57463485627187 | 167.63565891472868 | 0.16428488641144307 | 0.1588299244931374 | 0.1370974713640423
1953 | -0.012082047421904465 | 0.018908333333333333 | 0.04143840258908851 | 0.016201123818443276 | 0.11516568544995809 | 0.006936416184971206 | 513.3460090986451 | 130.93904064642769 | 211.61007420547722 | 388.3922842067066 | 245.97726387236864 | 168.79844961240312 | -0.030990380755237797 | -0.05352045001099298 | -0.02828317124034774
1954 | 0.525633212414349 | 0.009383333333333334 | 0.032898034558095555 | 0.061579051817707856 | 0.009227220299884653 | 0.0057405281285876075 | 783.1777209412517 | 132.16768531116 | 218.57162973953018 | 412.3091128014694 | 248.24695027488184 | 169.76744186046508 | 0.5162498790810157 | 0.4927351778562535 | 0.4640541605966412
1955 | 0.3259733185102835 | 0.01725 | -0.013364391288618781 | 0.02044690004344954 | 0 | -0.00028538812785383616 | 1038.4727616197922 | 134.4475778827775 | 215.65055295509998 | 420.7395560179244 | 248.24695027488184 | 169.718992248062 | 0.3087233185102835 | 0.33933770979890227 | 0.3055264184668339
1956 | 0.07439511873350935 | 0.026275 | -0.022557738173154165 | -0.023526541979620903 | 0.00914285714285712 | -0.0011418783899515006 | 1115.730066022012 | 137.98018799164748 | 210.7859642446429 | 410.8410091907816 | 250.51663667739504 | 169.52519379844958 | 0.04812011873350935 | 0.09695285690666351 | 0.09792166071313024
1957 | -0.1045736018855796 | 0.03225 | 0.0679701284662499 | -0.007189284402542365 | 0.027180067950169917 | -0.0011431837667904565 | 999.0541542860545 | 142.4300490543781 | 225.11311331323367 | 407.88735633148156 | 257.32569588493465 | 169.3313953488372 | -0.1368236018855796 | -0.17254373035182952 | -0.09738431748303723
1958 | 0.43719954988747184 | 0.017708333333333333 | -0.020990181755274694 | 0.06430092897336026 | 0.006615214994487362 | 0.0042918454935620964 | 1435.8401808531264 | 144.95224783971605 | 220.38794814929315 | 434.1148922600838 | 259.02796068681954 | 170.05813953488368 | 0.4194912165541385 | 0.4581897316427465 | 0.3728986209141116
1959 | 0.12056457163557326 | 0.03385833333333333 | -0.026466312591385065 | 0.015743430895022732 | 0.0010952902519167917 | 0 | 1608.9516371948275 | 149.8600893644891 | 214.55509182219998 | 440.94935006688075 | 259.3116714871337 | 170.05813953488368 | 0.08670623830223992 | 0.1470308842269583 | 0.10482114074055052
1960 | 0.00336535314743695 | 0.028833333333333332 | 0.11639503690963365 | 0.06663187163303434 | 0.007658643326039272 | 0.004843304843304974 | 1614.366327651135 | 154.18105527449853 | 239.52823965399477 | 470.33063055720703 | 261.2976470893327 | 170.8817829457364 | -0.025467980185896383 | -0.1130296837621967 | -0.06326651848559739 | 0.061119788031217315
1961 | 0.2663771295818275 | 0.023541666666666666 | 0.020609208076323167 | 0.051 | 0.009771986970684043 | -0.0005670541536717533 | 2044.3965961044005 | 157.81073428408567 | 244.46472698517934 | 494.31749271562455 | 263.85104429216005 | 170.7848837209302 | 0.24283546291516087 | 0.24576792150550436 | 0.21537712958182753 | 0.06617359182997262
1962 | -0.08811460517120888 | 0.027733333333333336 | 0.05693544054008462 | 0.06495327993606576 | 0.003225806451612634 | -0.0005673758865248901 | 1864.2553972252979 | 162.18735198156432 | 258.383433912592 | 526.4250351972767 | 264.70217669310244 | 170.687984496124 | -0.11584793850454221 | -0.14505004571129348 | -0.15306788510727465 | 0.05968346537898994
1963 | 0.22611927099841514 | 0.031591666666666664 | 0.016841620739546127 | 0.054644805711862345 | 0.02143622722400873 | -0.003973885892704865 | 2285.7994686007432 | 167.31112074291525 | 262.7350297119295 | 555.1914289674921 | 270.3763926993855 | 170.00968992248062 | 0.19452760433174848 | 0.20927765025886902 | 0.1714744652865528 | 0.06361899391151482
1964 | 0.16415455878432425 | 0.03546666666666667 | 0.037280648911540815 | 0.05161739272285027 | 0.012591815320041944 | 0.00028498147620403813 | 2661.023871838341 | 173.24508849193066 | 272.5299621113832 | 583.8489629928675 | 273.7809223031553 | 170.0581395348837 | 0.12868789211765758 | 0.12687390987278344 | 0.11253716606147399 | 0.06526777744265821
1965 | 0.12399242477876114 | 0.03949166666666667 | 0.007188550935926234 | 0.03190009462253881 | 0.01658031088082912 | 0.0005698005698004938 | 2990.9706741017444 | 180.08682577829117 | 274.48905762558695 | 602.4738001576111 | 278.32029510818177 | 170.1550387596899 | 0.08450075811209448 | 0.11680387384283492 | 0.09209233015622234 | 0.06661794168987445
1966 | -0.0997095423563779 | 0.048625 | 0.029079409324299622 | -0.03445361597577637 | 0.012232415902140525 | 0.0002847380410024858 | 2692.7423569857124 | 188.84354768176055 | 282.47103728732264 | 581.7163992115142 | 281.72482471195156 | 170.20348837209303 | -0.14833454235637789 | -0.12878895168067753 | -0.06525592638060153 | 0.061123719679815336
1967 | 0.23802966513133328 | 0.04306666666666667 | -0.015806209932824666 | 0.008952266148446825 | 0.023162134944612278 | -0.005123825789923098 | 3333.6949185039784 | 196.9764098019217 | 278.0062407720165 | 586.9240792401719 | 288.250173119177 | 169.33139534883722 | 0.1949629984646666 | 0.25383587506415795 | 0.22907739898288645 | 0.06573283877673952
1968 | 0.10814862651601535 | 0.05338333333333333 | 0.032746196950768365 | 0.04845146224309746 | 0.04133858267716528 | 0.12474964234620889 | 3694.2294451636035 | 207.49166714518097 | 287.1098878858797 | 615.3614091050417 | 300.16602673237134 | 190.45542635658916 | 0.05476529318268202 | 0.07540242956524698 | 0.059697164272917894 | 0.06596627828748769
1969 | -0.08241371076449064 | 0.06666666666666667 | -0.050140493209926106 | -0.02025164250792147 | 0.06994328922495274 | 0.05011447468837438 | 3389.7742881722256 | 221.3244449548597 | 272.7140565018351 | 602.8993298346757 | 321.16062595561846 | 200 | -0.14908037743115732 | -0.03227321755456453 | -0.06216206825656917 | 0.06333387273419877
1970 | 0.03561144905496419 | 0.06391666666666666 | 0.16754737183412338 | 0.05649567656988873 | 0.08215547703180204 | -0.09447674418604646 | 3510.489062543298 | 235.47076572822448 | 318.4065799309402 | 636.9605353772182 | 347.5457303848344 | 181.1046511627907 | -0.028305217611702474 | -0.1319359227791592 | -0.02088422751492454 | 0.05897256666631501
1971 | 0.14221150298426474 | 0.043324999999999995 | 0.09786896619712297 | 0.1400146617421994 | 0.0424489795918368 | 0.1669341894060994 | 4009.720988337403 | 245.67253665339982 | 349.56870273914296 | 726.1443492811896 | 362.29869200117025 | 211.33720930232556 | 0.09888650298426474 | 0.04434253678714177 | 0.002196841242065345 | 0.05866063680987854
1972 | 0.18755362915074925 | 0.040725 | 0.02818449050444969 | 0.11409093579389698 | 0.029757243539545897 | 0.4878496102705183 | 4761.7587115820115 | 255.6775507086095 | 359.42111852214714 | 808.990837612131 | 373.079702413108 | 314.43798449612405 | 0.14682862915074923 | 0.15936913864629956 | 0.07346269335685227 | 0.06080430372818957
1973 | -0.14308047437526472 | 0.07031666666666667 | 0.036586646024150085 | 0.043180404854323576 | 0.034220532319391594 | 0.7295839753466871 | 4080.444016268308 | 273.6559438159365 | 372.57113175912104 | 843.9233895036613 | 385.84668842724477 | 543.8468992248062 | -0.2133971410419314 | -0.1796671203994148 | -0.18626087922958828 | 0.054960045718843054
1974 | -0.2590178575089697 | 0.0783 | 0.019886086932378574 | -0.04380719797719167 | 0.10073529411764692 | 0.6614699331848553 | 3023.5361494891954 | 295.0832042167243 | 379.98011367377757 | 806.9534705020917 | 424.71506807028334 | 903.5852713178294 | -0.3373178575089697 | -0.2789039444413483 | -0.21521065953177804 | 0.046417018581159875
1975 | 0.36995137106184356 | 0.05775 | 0.03605253602603384 | 0.11049964074144952 | 0.06773709374926429 | -0.24798927613941024 | 4142.097493447771 | 312.12425926024014 | 393.6793604111778 | 896.1215390876388 | 453.4840324528853 | 679.5058139534883 | 0.31220137106184354 | 0.33389883503580975 | 0.25945173032039404 | 0.051706756781676244
1976 | 0.23830999002106662 | 0.04974166666666667 | 0.1598456074290921 | 0.19752813987098014 | 0.08177834856840671 | -0.04099821746880572 | 5129.200705777594 | 327.6498401229432 | 456.607276908399 | 1073.1307598019398 | 490.569207729024 | 651.6472868217054 | 0.18856832335439994 | 0.07846438259197452 | 0.04078185015008648 | 0.05219658803895011
1977 | -0.06979704075935232 | 0.05269166666666667 | 0.012899606071070449 | 0.09954662852090639 | 0.14654841300324728 | 0.2263940520446095 | 4771.197675053536 | 344.91425628208793 | 462.49733090970153 | 1179.9573089023015 | 562.4613465899728 | 799.1763565891472 | -0.122488707426019 | -0.08269664683042277 | -0.1693436692802587 | 0.04926676135704655
1978 | 0.0650928391167193 | 0.07188333333333334 | -0.007775806907508648 | 0.03137584977169086 | 0.15723596053112443 | 0.3701121551985451 | 5081.768477709861 | 369.707842737832 | 458.9010409693096 | 1216.979472163429 | 650.9004966826768 | 1094.9612403100775 | -0.00679049421661404 | 0.07286864602422795 | 0.03371698934502844 | 0.04974189891320324
1979 | 0.18519490167516386 | 0.10069166666666667 | 0.006707203124723546 | -0.020091101436615355 | 0.13742466907023854 | 1.2654867256637168 | 6022.886091275286 | 406.93434160284215 | 461.9789834652378 | 1192.5290141419148 | 740.3502820369475 | 2480.6201550387595 | 0.0845032350084972 | 0.17848769855044033 | 0.20528600311177922 | 0.052132252828986925
1980 | 0.3173524550676301 | 0.11434166666666666 | -0.02989744251999403 | -0.033156783371910456 | 0.07396867263598716 | 0.15185546875 | 7934.263778934181 | 453.46389244561374 | 448.16699336164055 | 1152.9885879552935 | 795.1130096848992 | 2857.315891472868 | 0.20301078840096343 | 0.34724989758762415 | 0.35050923843954057 | 0.05731870525758964
1981 | -0.04702390247495576 | 0.14025 | 0.08199215335892354 | 0.08462399480891206 | 0.050950062475763724 | -0.3259855871131836 | 7561.163732783006 | 517.0622033611111 | 484.91317021175587 | 1250.559088237157 | 835.6240672036374 | 1925.8720930232555 | -0.1872739024749558 | -0.12901605583387932 | -0.13164789728386783 | 0.05373099046864449
1982 | 0.20419055079559353 | 0.10614166666666666 | 0.32814549486295586 | 0.2905245565590866 | 0.005637209683701183 | 0.15622641509433977 | 9105.081920035633 | 571.9440473961982 | 644.0352424164572 | 1613.8772127981929 | 840.3346552872115 | 2226.7441860465115 | 0.09804888412892687 | -0.12395494406736232 | -0.08633400576349307 | 0.05103868869213968
1983 | 0.22337155858930619 | 0.08610833333333334 | 0.032002094451429264 | 0.16194289622798366 | 0.04749480207101797 | -0.16797214969538743 | 11138.898259597305 | 621.1931960774058 | 664.6457190743178 | 1875.233162795078 | 880.2461834134947 | 1852.7131782945733 | 0.13726322525597284 | 0.19136946413787692 | 0.06142866236132252 | 0.05340283065456397
1984 | 0.0614614199963621 | 0.095225 | 0.13733364344102345 | 0.15619207332454216 | 0.04678134973145487 | -0.193776150627615 | 11823.510763827162 | 680.3463181738769 | 755.9239372722727 | 2168.12971845898 | 921.4252879695398 | 1493.7015503875966 | -0.033763580003637904 | -0.07587222344466135 | -0.09473065332818006 | 0.05121212631805139
1985 | 0.3123514948576895 | 0.07479166666666667 | 0.2571248821260641 | 0.23862641849916477 | 0.07471371207614519 | 0.0600064871878041 | 15516.60202537456 | 731.2305532206314 | 950.2907905396761 | 2685.5027480164485 | 990.2683916345752 | 1583.333333333333 | 0.2375598281910228 | 0.05522661273162538 | 0.07372507635852471 | 0.05128436510258161
1986 | 0.18494578758046187 | 0.059783333333333334 | 0.24284215141767618 | 0.21485515309759495 | 0.09612357509816483 | 0.18956548347613222 | 18386.332207530046 | 774.945953127338 | 1181.0614505867354 | 3262.496852085535 | 1085.4565297452002 | 1883.4786821705422 | 0.12516245424712855 | -0.057896363837214304 | -0.02990936551713308 | 0.04966356559973906
1987 | 0.05812721641821871 | 0.05775 | -0.04960508937926228 | 0.02289846084276681 | 0.0787621512435297 | 0.24527331189710622 | 19455.07851889441 | 819.6990819204418 | 1122.4747917679792 | 3337.2030085026654 | 1170.9494211092685 | 2345.4457364341083 | 0.0003772164182187093 | 0.107732305797481 | 0.0352287555754519 | 0.05069359043750721
1988 | 0.16537192812044688 | 0.066675 | 0.08223595843484167 | 0.1511507006712003 | 0.07210462411679508 | -0.1525511258004545 | 22672.402365298665 | 874.3525182074873 | 1214.7825820879684 | 3841.6235815198806 | 1255.3802889781311 | 1987.645348837209 | 0.09869692812044688 | 0.0831359696856052 | 0.014221227449246587 | 0.051199933578993884
1989 | 0.31475183638196724 | 0.08111666666666667 | 0.17693647159446219 | 0.15789666531437313 | 0.04381344831350287 | -0.028397318708104802 | 29808.58264496728 | 945.2770799760847 | 1429.7219259170236 | 4448.203134434929 | 1310.3828283830649 | 1931.2015503875966 | 0.23363516971530057 | 0.13781536478750506 | 0.1568551710675941 | 0.05240982169336883
1990 | -0.03064451612903212 | 0.07493333333333334 | 0.06235375333553336 | 0.06140062886081704 | -0.00691512307350417 | -0.031108881083793394 | 28895.113053319994 | 1016.1098425022926 | 1518.8704542240573 | 4721.325604189891 | 1301.3213698513894 | 1871.1240310077515 | -0.10557784946236545 | -0.09299826946456548 | -0.09204514498984916 | 0.049979953137364364
1991 | 0.3023484313487976 | 0.05375 | 0.15004510019517303 | 0.17853487146763175 | -0.001579570883243453 | -0.08557742102537547 | 37631.50515863746 | 1070.725746536791 | 1746.769523711594 | 5564.246864090773 | 1299.2658405058296 | 1710.9980620155034 | 0.24859843134879758 | 0.15230333115362454 | 0.12381355988116582 | 0.0513850639844049
1992 | 0.07493727972380064 | 0.03431666666666667 | 0.09361637316207942 | 0.12172255869896652 | 0.008174027686222773 | -0.057341073198357684 | 40451.507787137925 | 1107.4694850721119 | 1910.2957512715263 | 6241.541229620602 | 1309.8860754578877 | 1612.8875968992243 | 0.04062061305713397 | -0.018679093438278782 | -0.04678527897516588 | 0.050319857010869606
1993 | 0.0996705147919488 | 0.029975 | 0.14210957589263107 | 0.16431517219561104 | 0.021577089054531262 | 0.17677981375788532 | 44483.33039239249 | 1140.6658828871484 | 2181.7670703142176 | 7267.121151531718 | 1338.149603959333 | 1898.0135658914724 | 0.0696955147919488 | -0.04243906110068227 | -0.06464465740366224 | 0.04897593793175847
1994 | 0.013259206774573897 | 0.04246666666666667 | -0.08036655550998592 | -0.013192033475710699 | 0.02508960573476693 | -0.02169751116783658 | 45073.144068086905 | 1189.106160713756 | 2006.4259659479505 | 7171.253046028666 | 1371.7232499368072 | 1856.8313953488368 | -0.029207459892092776 | 0.09362576228455982 | 0.026451240250284596 | 0.0497186361717199
1995 | 0.3719519890260631 | 0.054900000000000004 | 0.23480780112538907 | 0.2015621817064022 | 0.01798201798201804 | 0.009784735812133016 | 61838.18965587012 | 1254.3880889369411 | 2477.5504351330737 | 8616.706455554886 | 1396.389602083523 | 1874.9999999999995 | 0.3170519890260631 | 0.137144187900674 | 0.17038980731966089 | 0.05079145111941363
1996 | 0.2268096601886579 | 0.05005833333333334 | 0.01428607793401844 | 0.0479259941944115 | 0.024165848871442686 | -0.04586563307493541 | 75863.6884383998 | 1317.1806660223094 | 2512.944913734846 | 9029.670679118757 | 1430.1345421731273 | 1789.0019379844957 | 0.17675132685532455 | 0.21252358225463946 | 0.17888366599424638 | 0.05304503967737495
1997 | 0.33103653103653097 | 0.05060833333333333 | 0.09939130272977531 | 0.11834887244426365 | 0.04024434063959759 | -0.21408259986459044 | 100977.34069068384 | 1383.8409842285885 | 2762.7097823991153 | 10098.32202253549 | 1487.6893638487977 | 1406.007751937984 | 0.28042819770319766 | 0.23164522830675566 | 0.21268765859226732 | 0.05531558490330357
1998 | 0.28337953278443584 | 0.047766666666666666 | 0.14921431922606215 | 0.07945456132707081 | 0.06447898675877961 | -0.008270158511371362 | 129592.25231742462 | 1449.9424552419075 | 3174.945641798982 | 10900.679768975546 | 1583.6140666415815 | 1394.37984496124 | 0.23561286611776916 | 0.13416521355837369 | 0.20392497145736505 | 0.056306048135548625
1999 | 0.20885350992084475 | 0.04638333333333334 | -0.08254214796268576 | 0.008431634754821865 | 0.07679826933477552 | 0.00851285615010422 | 156658.0490724665 | 1517.1956194575448 | 2912.878808860126 | 10992.590319366824 | 1705.232886253861 | 1406.2499999999995 | 0.16247017658751142 | 0.2913956578835305 | 0.2004218751660229 | 0.05963469481832018
2000 | -0.09031818955249278 | 0.058166666666666665 | 0.16655267125397488 | 0.09329685521037204 | 0.09281767955801112 | -0.05443583118001727 | 142508.97770141574 | 1605.4458313226587 | 3398.0265555148762 | 12018.16442677973 | 1863.5086458619542 | 1329.6996124031002 | -0.14848485621915944 | -0.25687086080646765 | -0.18361504476286483 | 0.055111895842923087
2001 | -0.11849759142000185 | 0.033883333333333335 | 0.055721811892492555 | 0.07819150754287824 | 0.0667340748230536 | 0.007469484423392236 | 125622.00708807123 | 1659.8436875739746 | 3587.37075204697 | 12957.882821207828 | 1987.868171268313 | 1339.631782945736 | -0.1523809247533352 | -0.17421940331249441 | -0.1966890989628801 | 0.051665345512908356
2002 | -0.219660479579127 | 0.016025 | 0.15116400378109285 | 0.12177867693975485 | 0.09564842740198198 | 0.2556962025316456 | 98027.81676541301 | 1686.4426826673475 | 4129.65207797358 | 14535.876647114896 | 2178.004635732581 | 1682.1705426356584 | -0.235685479579127 | -0.37082448336021984 | -0.34143915651888185 | 0.045325449773477855
2003 | 0.2835580005001023 | 0.010108333333333332 | 0.003753185881775853 | 0.1353201209685757 | 0.0981517892253243 | 0.1988767281105992 | 125824.38848080393 | 1703.48980745131 | 4145.151429849277 | 16502.873233386777 | 2391.7796876707844 | 2016.7151162790694 | 0.273449667166769 | 0.27980481461832646 | 0.14823787953152662 | 0.048237796117156506
2004 | 0.10742775944096193 | 0.013716666666666665 | 0.04490683702274547 | 0.09888628408721839 | 0.13636038100694692 | 0.046486486486486456 | 139341.42061832585 | 1726.8560093101837 | 4331.297069544118 | 18134.781044198815 | 2717.923677166249 | 2110.465116279069 | 0.09371109277429526 | 0.06252092241821647 | 0.008541475353743541 | 0.04842299846885445
2005 | 0.048344775232688535 | 0.031466666666666664 | 0.028675329597779506 | 0.0491753798716953 | 0.1351232116972334 | 0.1776859504132231 | 146077.8502787223 | 1781.1944117364776 | 4455.498440599193 | 19026.56579093731 | 3085.178253572907 | 2485.465116279069 | 0.01687810856602187 | 0.01966944563490903 | -0.0008306046390067628 | 0.04804218940225513
2006 | 0.15612557979315703 | 0.047266666666666665 | 0.019610012417568386 | 0.07048397662889147 | 0.017322747210038125 | 0.23196881091617927 | 168884.33934842583 | 1865.385534264555 | 4542.8708203458 | 20367.633809473802 | 3138.6220165574573 | 3062.015503875968 | 0.10885891312649036 | 0.13651556737558865 | 0.08564160316426556 | 0.04914903600480591
2007 | 0.054847352464217694 | 0.043533333333333334 | 0.10209921930012807 | 0.031503861528055586 | -0.053975877312667064 | 0.3192246835443038 | 178147.19823435548 | 1946.591984522872 | 5006.694384484438 | 21009.292924661608 | 2969.2121396609164 | 4039.486434108526 | 0.01131401913088436 | -0.04725186683591037 | 0.023343490936162108 | 0.047948712238125024
2008 | -0.3655234411179819 | 0.01365 | 0.20101279926977011 | -0.05065714628748874 | -0.11999538479289262 | 0.04317841079460272 | 113030.22131020659 | 1973.162965111609 | 6013.104037797893 | 19945.02209958032 | 2612.920386430577 | 4213.905038759689 | -0.3791734411179819 | -0.5665362403877521 | -0.31486629483049317 | 0.0387958688686898
2009 | 0.2593523387766398 | 0.0015 | -0.11116695313259162 | 0.23329502491661896 | -0.03848170971548448 | 0.25035929864903705 | 142344.87355944986 | 1976.1227095592767 | 5344.6455830466175 | 24598.096527264428 | 2512.3707426102837 | 5268.895348837208 | 0.2578523387766398 | 0.37051929190923144 | 0.02605731386002086 | 0.04286850613334847
2010 | 0.14821092278719414 | 0.0013666666666666666 | 0.08462933880355772 | 0.08347842365906613 | -0.04118088225267602 | 0.2924137931034483 | 163441.9386237224 | 1978.8234105956744 | 5796.959404879208 | 26651.506850374015 | 2408.9090988837816 | 6809.593023255812 | 0.14684425612052748 | 0.06358158398363642 | 0.06473249912812801 | 0.04310851643347546
2011 | 0.0209837473362805 | 0.000525 | 0.16035334999461354 | 0.125845144013723 | -0.03882528621204584 | 0.1202419067947349 | 166871.5629679545 | 1979.8622928862374 | 6726.52126523437 | 30005.469568142056 | 2315.3825136608175 | 7628.391472868215 | 0.0204587473362805 | -0.13936960265833304 | -0.10486139667744249 | 0.04097042900424852
2012 | 0.15890585241730293 | 0.0008583333333333333 | 0.02971571978018946 | 0.10124677875843502 | 0.06436339424428517 | 0.056843442362654706 | 193388.43092558492 | 1981.5616746876315 | 6926.40468624756 | 33043.42670705069 | 2464.4083912138926 | 8062.015503875966 | 0.1580475190839696 | 0.12919013263711346 | 0.05765907365886791 | 0.041988275684727405
2013 | 0.32145085858125483 | 0.0005833333333333334 | -0.09104568794347262 | -0.010559012069494618 | 0.10718009313963983 | -0.27614182692307687 | 255553.30808629587 | 1982.7175856645326 | 6295.785406613258 | 32694.520765633482 | 2728.5439121183076 | 5835.755813953487 | 0.3208675252479215 | 0.41249654652472745 | 0.33200987065074944 | 0.04617680941872315
2014 | 0.13524421649462237 | 0.000325 | 0.10746180452004755 | 0.10384907822030469 | 0.04513779898298709 | 0.001245330012453305 | 290115.4150110358 | 1983.3619688798735 | 6972.341867278899 | 36089.81660999913 | 2851.704378739757 | 5843.023255813951 | 0.13491921649462238 | 0.027782411974574817 | 0.03139513827431768 | 0.04597502937583342
2015 | 0.013788916411676138 | 0.000525 | 0.012842996709792224 | -0.006975183679032486 | 0.05207832772705445 | -0.12106135986733002 | 294115.79221836175 | 1984.4032339135356 | 7061.887630939909 | 35838.08351020179 | 3000.216373956442 | 5135.65891472868 | 0.013263916411676138 | 0.0009459197018839138 | 0.020764100090708622 | 0.0454344573137655
2016 | 0.11773080874798171 | 0.003175 | 0.006905504698747792 | 0.10365105821793222 | 0.05309734513274322 | 0.0810377358490566 | 328742.28230178286 | 1990.703714181211 | 7110.653529157394 | 39552.73879053683 | 3159.519898237315 | 5551.841085271316 | 0.11455580874798171 | 0.11082530404923392 | 0.014079750530049492 | 0.046176501247687796
2017 | 0.2160548143449928 | 0.009308333333333333 | 0.028017162707789457 | 0.09723901946248836 | 0.06213065871509893 | 0.12662535997905566 | 399768.63507184375 | 2009.2338479207142 | 7309.873866042513 | 43398.80832758456 | 3355.8229507382616 | 6254.844961240307 | 0.20674648101165946 | 0.18803765163720335 | 0.11881579488250443 | 0.047686840373502015
2018 | -0.04226869289088544 | 0.019391666666666668 | -0.00016692385713402633 | -0.027626282217172247 | 0.04532693583788472 | -0.009295120061967421 | 382870.93740858353 | 2048.196240954977 | 7308.65367370163 | 42199.86060083774 | 3507.932122309676 | 6196.705426356587 | -0.06166035955755211 | -0.042101769033751416 | -0.014642410673713191 | 0.04660866909463257
2019 | 0.31211679996808755 | 0.0155 | 0.09635630741548393 | 0.15329457562368487 | 0.03691586503247235 | 0.19077404222048466 | 502371.3891933326 | 2079.943282689779 | 8012.88855387813 | 48668.87032302182 | 3637.4304710799343 | 7378.875968992244 | 0.29661679996808754 | 0.21576049255260363 | 0.15882222434440268 | 0.04825368440680444
2020 | 0.18023201827422478 | 0.0009 | 0.1133189764661412 | 0.10411537157111345 | 0.10346126677654821 | 0.2416940249507551 | 592914.798590873 | 2081.8152316441997 | 8920.900883340859 | 53736.047840649575 | 4013.763635429481 | 9162.306201550384 | 0.17933201827422476 | 0.06691304180808358 | 0.07611664670311133 | 0.0484426634144246
2021 | 0.2846885175196416 | 0.0006 | -0.04416034448604475 | 0.009334445719875278 | 0.18914305223625805 | -0.037544286394162185 | 761710.8336171656 | 2083.064320783186 | 8526.950827206665 | 54237.64406241874 | 4772.939140389512 | 8818.313953488368 | 0.2840885175196416 | 0.3288488620056863 | 0.2753540717997663 | 0.051322006296357525
2022 | -0.18008971545346592 | 0.0442 | -0.1782817153825067 | -0.14488298214231426 | 0.07303330462245206 | 0.005494203615185933 | 624534.5463332279 | 2175.1357637618025 | 7006.751406749976 | 46379.53244628212 | 5121.522658574004 | 8866.76356589147 | -0.22428971545346593 | -0.0018080000709592148 | -0.03520673331115165 | 0.05061343721332556

Sheet: Input Choices
Yes/No | Change in Riskfree Rate
Yes | Immediate (starting now)
No | Gradual (over 5 years)
End (at the end of 5 years)

Sheet: Value Rates Growth
Valuing the S&P 500 on Sept 23, 2022
Earnings = 30% below Estimates | Earnings = 15% below Estimates | Earnings = Estimates
Riskfree Rate | ERP =4% | ERP =5% | ERP =6% | ERP =4% | ERP =5% | ERP =6% | ERP =4% | ERP =5% | ERP =6%
0.02 | 4276 | 3416 | 2842 | 4677 | 3737 | 3110 | 5449 | 4348 | 3615
0.03 | 4132 | 3303 | 2750 | 4519 | 3613 | 3009 | 5169 | 4129 | 3436
0.04 | 3979 | 3183 | 2653 | 4352 | 3482 | 2903 | 4889 | 3910 | 3257
0.05 | 3819 | 3058 | 2551 | 4176 | 3345 | 2790 | 4609 | 3690 | 3078
0.06 | 3650 | 2926 | 2443 | 3991 | 3200 | 2672 | 4328 | 3471 | 2899
Index was trading at 3693 on 9/23/22. Shaded cells are higher than 3693
