Source: http://www.stern.nyu.edu/~adamodar/pc/blog/IndustryRisk2020.xlsx

Sheet: Pivot 1
Beta | Standard Deviation in Stock Prices | Hi Lo Risk Measure | Coefficient of Variation in Net Income
Industry Group | Number of firms | 1st Quartile | Median | 3rd Quartile | 1st Quartile | Median | 3rd Quartile | 1st Quartile | Median | 3rd Quartile | 1st Quartile | Median | 3rd Quartile
Advertising | 312 | 0.5766871572235657 | 1.001717545281532 | 1.474563105291966 | 0.2999382793652244 | 0.3992641880909079 | 0.5637889314128768 | 0.2321608040201005 | 0.3492918003666706 | 0.5294117647058822 | 0.5757713015602248 | 0.9113965214026729 | 1.293875589381997
Aerospace/Defense | 238 | 0.6490308443836599 | 1.066075239368673 | 1.537892133505304 | 0.233306665142683 | 0.3092189903612002 | 0.4225665537021267 | 0.1974535809018567 | 0.2788732394366197 | 0.4494326591021213 | 0.4278647931491318 | 0.8241818051642624 | 1.241653176609852
Air Transport | 159 | 0.5261546404882017 | 1.070452918673564 | 1.558736124336252 | 0.2087380507520746 | 0.2820338974862601 | 0.3455153680593924 | 0.1671041119860018 | 0.2390243902439025 | 0.3595342066957787 | 0.4523009701448447 | 0.8152698397124426 | 1.206672918924001
Apparel | 1161 | 0.2551103896999357 | 0.7328943804557058 | 1.226862138890512 | 0.2455074744279693 | 0.3273603519059692 | 0.4388879453475893 | 0.206140350877193 | 0.3150242326332794 | 0.4514767932489451 | 0.510021372958445 | 0.8636699491683585 | 1.248571252489658
Auto & Truck | 134 | 0.734454044107209 | 1.325861639528573 | 1.916375982651471 | 0.2276065570838991 | 0.2992092492836197 | 0.4333499740394593 | 0.1962317810167081 | 0.2854578096947935 | 0.4087301587301587 | 0.4595627372158917 | 0.7903288514079765 | 1.183792259583327
Auto Parts | 682 | 0.7096680379698062 | 1.210840084142682 | 1.681568052633931 | 0.2508800744672759 | 0.3152974074126598 | 0.4015332898492263 | 0.2013274336283186 | 0.2804097311139565 | 0.3894919669995658 | 0.4677807113848618 | 0.7021257352200247 | 1.062196805006307
Bank (Money Center) | 595 | 0.2401038961881748 | 0.6819418550839613 | 1.256013999784225 | 0.1523500125231024 | 0.201936389378164 | 0.2673495440867709 | 0.1244019138755981 | 0.1708428246013667 | 0.2397476340694006 | 0.2443792287498699 | 0.3666729533904849 | 0.62089704818422
Banks (Regional) | 862 | 0.2055173008892988 | 0.5120173723163401 | 1.060620687399547 | 0.1440510326238587 | 0.1874383859161498 | 0.2302834542777214 | 0.100887435777674 | 0.1367127496159755 | 0.1840717299578059 | 0.2684564485510745 | 0.4674301240043652 | 0.8302493028303297
Beverage (Alcoholic) | 216 | 0.2435112673933011 | 0.601988016408589 | 1.274413815564797 | 0.1847680359765835 | 0.2491080605007626 | 0.3369111705510894 | 0.1443563693200849 | 0.223813890060033 | 0.3984674329501915 | 0.3246026632246311 | 0.5912376703022307 | 1.116995716324921
Beverage (Soft) | 94 | 0.2476914490873797 | 0.6275361305211118 | 1.016091587433914 | 0.1990580266133061 | 0.2542471238775377 | 0.3528676320014145 | 0.1484514061943752 | 0.3193035579106737 | 0.619520264681555 | 0.4421359260940885 | 0.6442093386121683 | 1.248606829501026
Broadcasting | 138 | 0.4865939827331803 | 0.9503263436237284 | 1.580071116507482 | 0.2318626029929507 | 0.2991035203849423 | 0.4237043780750914 | 0.1751152073732719 | 0.2790937178166838 | 0.4306839186691312 | 0.5224270077499062 | 0.9097555742958463 | 1.221783883573535
Brokerage & Investment Banking | 559 | 0.3100779951475093 | 0.8356175026317841 | 1.487076062100847 | 0.2361287784239778 | 0.313955410846827 | 0.4385290096535145 | 0.1948051948051948 | 0.2918340026773761 | 0.4526315789473685 | 0.6371303286276383 | 0.9712989726110498 | 1.356132282502263
Building Materials | 426 | 0.4206244255817593 | 0.9004074327185573 | 1.395856815023739 | 0.2213940132228265 | 0.2834888914174477 | 0.3616821166278091 | 0.1714285714285714 | 0.2452502050861362 | 0.3597762522247648 | 0.422140110507216 | 0.6736952416922133 | 1.071112849440075
Business & Consumer Services | 868 | 0.5153213010710036 | 0.9726272218779013 | 1.403604029950171 | 0.2546341913973287 | 0.3470630322968679 | 0.4960524767617763 | 0.2067307692307692 | 0.290519877675841 | 0.4488087572440438 | 0.4172567826040889 | 0.7151229885393988 | 1.204474650342927
Cable TV | 61 | 0.765123887036027 | 1.098485553173202 | 1.589362437496976 | 0.1891837301927243 | 0.2871036410765709 | 0.4047922342896124 | 0.1866859623733719 | 0.3029905178701677 | 0.4230769230769231 | 0.4018487306157003 | 0.5903518910191015 | 0.9372855242091552
Chemical (Basic) | 793 | 0.4715664126855882 | 1.002821574844922 | 1.587273913442015 | 0.2314787247243253 | 0.2962375407328605 | 0.3794733192202056 | 0.190965092402464 | 0.2615384615384615 | 0.3621495327102803 | 0.4598347182946174 | 0.7551321530446943 | 1.1372087956775
Chemical (Diversified) | 73 | 0.7062325626293326 | 1.280909870239859 | 1.856742517876873 | 0.2286326748301738 | 0.2785019647147545 | 0.3550691730452797 | 0.1693351424694709 | 0.2513119533527697 | 0.3133514986376022 | 0.4497130130935051 | 0.7374012721431287 | 1.037854574637468
Chemical (Specialty) | 829 | 0.5260281812732149 | 1.061546578002401 | 1.595051155163701 | 0.2483774254125069 | 0.3144885133037454 | 0.4111092598439151 | 0.2068126520681266 | 0.2884036718604634 | 0.4075887392900857 | 0.3992889989202036 | 0.6471922983133521 | 1.083954024711176
Coal & Related Energy | 224 | 0.6542470773326242 | 1.434318204409735 | 1.814046492090466 | 0.2861585868746651 | 0.4651070525855455 | 0.7446364738990895 | 0.2485875706214689 | 0.4017543859649123 | 0.6 | 0.7125122303269562 | 0.97131504484759 | 1.320442896024622
Computer Services | 969 | 0.5306546691246781 | 1.028935402739686 | 1.517390381773222 | 0.2620868994382262 | 0.3542757963223505 | 0.4575736397793206 | 0.2155172413793103 | 0.2934579439252337 | 0.4311649016641453 | 0.4345136732810893 | 0.7801109259070569 | 1.277976513977277
Computers/Peripherals | 332 | 0.7971185864442125 | 1.256898522834664 | 1.924835711313312 | 0.2568701475984952 | 0.3346257611123208 | 0.446319168308958 | 0.2018099547511313 | 0.2898180251121428 | 0.4634146341463415 | 0.5816140105150206 | 0.9381137202439298 | 1.24362858303037
Construction Supplies | 747 | 0.5019587773540704 | 0.9857917338933733 | 1.696618981333891 | 0.2345348550431012 | 0.3133868841072242 | 0.4036405756185995 | 0.2008224811514736 | 0.2783271664274522 | 0.3764581124072111 | 0.5230141249522781 | 0.8555309112996083 | 1.179539279406271
Diversified | 319 | 0.3217333194621214 | 0.8373612923260076 | 1.370628201633883 | 0.1823818613315924 | 0.2293103057573528 | 0.2969409251744836 | 0.1396172927002125 | 0.2074074074074073 | 0.3288888888888889 | 0.4204335545253375 | 0.7316777445553108 | 1.251105928628149
Drugs (Biotechnology) | 1024 | 0.8060056993898006 | 1.389323088916091 | 1.959400326508941 | 0.4203396766746891 | 0.5790610913655059 | 0.748691490113532 | 0.3472322070452912 | 0.4958904109589041 | 0.6857142857142857 | 0.4504079245646035 | 0.7018888494787827 | 0.968100494395985
Drugs (Pharmaceutical) | 1263 | 0.6483312300522223 | 1.158310882194696 | 1.807872445238135 | 0.281018523906242 | 0.3908575187968117 | 0.6761869563959364 | 0.2511535926170073 | 0.3921065662137091 | 0.6528117359413202 | 0.4062607830393503 | 0.6478955840680819 | 1.071870470000175
Education | 211 | 0.329594867327131 | 0.843709582224901 | 1.482860754934623 | 0.2528701530147722 | 0.3239660112891292 | 0.5182027602391022 | 0.2018779342723005 | 0.3281249999999999 | 0.4893617021276596 | 0.5217386067929694 | 0.9152863752539461 | 1.298157830693772
Electrical Equipment | 902 | 0.6424338886685177 | 1.2754992571601 | 1.791294780287304 | 0.2596889548761586 | 0.3401168947178977 | 0.4432226481007865 | 0.2191556395715186 | 0.308802494023323 | 0.4548148148148148 | 0.4613172162300448 | 0.7518181254988836 | 1.170524994271207
Electronics (Consumer & Office) | 142 | 0.8611713553471302 | 1.310604078372504 | 1.973039339533729 | 0.2729624575391393 | 0.3687084634701009 | 0.478136382217459 | 0.2256097560975609 | 0.3351847955677116 | 0.5012594458438288 | 0.6291521665975474 | 0.9947717684730573 | 1.2795556823044
Electronics (General) | 1345 | 0.8328814664385622 | 1.352729806711119 | 1.860531200492549 | 0.2853977129296142 | 0.3622608080144136 | 0.4585546418373297 | 0.2250639386189258 | 0.3062098501070664 | 0.4412886816447647 | 0.5352678160916483 | 0.8816184784582473 | 1.219696537880107
Engineering/Construction | 1208 | 0.5195787613088907 | 1.024930860931772 | 1.555156204925517 | 0.2450622636055544 | 0.3185898927395557 | 0.4346916148259591 | 0.1973142072333282 | 0.2861386138613862 | 0.4137931034482759 | 0.5174643644362289 | 0.8466060637775302 | 1.250636402552082
Entertainment | 660 | 0.554411043063359 | 1.113758945425745 | 1.829106085568343 | 0.3174392350112511 | 0.4237617255014898 | 0.5767994452147124 | 0.2710112359550562 | 0.400398406374502 | 0.5672862453531599 | 0.7596478703832544 | 1.093056001963358 | 1.361281332747858
Environmental & Waste Services | 325 | 0.6066139509552592 | 1.079869797433188 | 1.766719539508213 | 0.2803463204786904 | 0.3615273632413891 | 0.5605942561246948 | 0.2295081967213115 | 0.3554345009286053 | 0.5700934579439252 | 0.4952576207919535 | 0.8804810762784677 | 1.349634389885425
Farming/Agriculture | 406 | 0.3116798118706748 | 0.7256631002453524 | 1.260714067274566 | 0.2352734579165274 | 0.3268189231820155 | 0.4427414595449584 | 0.1927162367223065 | 0.2973188933122155 | 0.4444444444444445 | 0.5467084804174298 | 0.8824477670925317 | 1.153543008178041
Financial Svcs. (Non-bank & Insurance) | 1059 | 0.2162800907036806 | 0.6612054989917232 | 1.198001066453618 | 0.1925164832397954 | 0.2771439761203619 | 0.4359943542330301 | 0.1598513011152416 | 0.254640104280057 | 0.4119850187265917 | 0.3580911900902897 | 0.6766430890519539 | 1.250291470134197
Food Processing | 1262 | 0.2442961562284726 | 0.6113881513892708 | 1.080299348459711 | 0.2049520769500857 | 0.2800122169723263 | 0.3803583573421255 | 0.1715976331360947 | 0.2658227848101266 | 0.3859649122807018 | 0.3829135779476976 | 0.7050737617020288 | 1.13526718648294
Food Wholesalers | 151 | 0.2777803698201927 | 0.6305467224597633 | 1.057346573040042 | 0.1978542427391008 | 0.2835023809423829 | 0.4692380385711555 | 0.1481274455002795 | 0.241704619388419 | 0.425 | 0.3715527806939135 | 0.8249211912338408 | 1.337879411547005
Furn/Home Furnishings | 328 | 0.4294133410233385 | 0.9740521034354367 | 1.495822824470765 | 0.2388070350722524 | 0.2989049931426385 | 0.3987420218637609 | 0.1918559122944401 | 0.2674897119341564 | 0.391304347826087 | 0.4381626060443407 | 0.7415680374242078 | 1.168845467235307
Green & Renewable Energy | 213 | 0.2480092669784002 | 0.715192593840082 | 1.344071766486665 | 0.2065787475694642 | 0.298817564541127 | 0.4604117411932188 | 0.1848184818481848 | 0.2916301169590644 | 0.5418261344997266 | 0.6214365292433698 | 1.182304654465413 | 1.420574069747016
Healthcare Products | 739 | 0.6182882225044116 | 1.065264664845642 | 1.641169554098423 | 0.296760586280625 | 0.4051729720274821 | 0.621295916117767 | 0.2430254184748915 | 0.3683670719322269 | 0.5843474111190646 | 0.4027157390426341 | 0.6465704656634758 | 1.114827768327834
Healthcare Support Services | 402 | 0.4582479512018447 | 0.8887970733417208 | 1.452594849481127 | 0.24305744810008 | 0.3253112999274159 | 0.4487999999999999 | 0.1990111248454882 | 0.2963790791238265 | 0.5062972292191437 | 0.4177880527577514 | 0.8442395997236622 | 1.331946928620729
Heathcare Information and Technology | 389 | 0.6171420456711679 | 1.250390640677641 | 1.721410560750071 | 0.3207134902949093 | 0.4638486913969234 | 0.6801522320947931 | 0.2725090036014406 | 0.4082644628099174 | 0.6060606060606061 | 0.5678726838374131 | 0.8680079505279348 | 1.256652660178993
Homebuilding | 167 | 0.5712085525023519 | 0.8904146178378863 | 1.210868060033956 | 0.2331917074293018 | 0.2768252156144739 | 0.3669741135284613 | 0.1761219305673158 | 0.2498886414253897 | 0.3780385582564962 | 0.5727447391353242 | 0.76344995207886 | 1.169823497411935
Hospitals/Healthcare Facilities | 206 | 0.2845873775103562 | 0.6425866207213367 | 1.029438912289697 | 0.1815141025148314 | 0.2596313870526003 | 0.3765694542128368 | 0.1611893583724569 | 0.2427616926503341 | 0.3846153846153846 | 0.4049423602481483 | 0.793360406783363 | 1.166581663549473
Hotel/Gaming | 639 | 0.2771775227151234 | 0.7756906674757642 | 1.380723862296991 | 0.2200094543423078 | 0.2889924077976891 | 0.4212153843344282 | 0.1702127659574468 | 0.25625 | 0.3824884792626728 | 0.5100637813290042 | 0.9052784536480561 | 1.272835923858723
Household Products | 536 | 0.3905743415007184 | 0.7993049475218055 | 1.507372766106221 | 0.2443047277479501 | 0.3416822556582078 | 0.4616902584383193 | 0.2118451025056948 | 0.3437195715676729 | 0.5547703180212014 | 0.4162311255370771 | 0.8309664514573001 | 1.217126012036367
Information Services | 215 | 0.5536384432119886 | 1.011639029336108 | 1.473734614919745 | 0.2331096987376751 | 0.3408903781902383 | 0.5214318747449181 | 0.2244165170556553 | 0.3154362416107382 | 0.5589179275561669 | 0.4044417597715114 | 0.725038088800598 | 1.15482507324808
Insurance (General) | 216 | 0.1594229170266287 | 0.6015488835951301 | 1.034373148984116 | 0.1821471932256986 | 0.2208782470049959 | 0.2881499609578318 | 0.1337579617834395 | 0.1813537215024899 | 0.2573956317390102 | 0.3307231572843504 | 0.5927712892955114 | 1.133372768302781
Insurance (Life) | 137 | 0.3939848028521561 | 0.9311824295549287 | 1.522842943406266 | 0.1884165597817771 | 0.2289733608959784 | 0.2899348968113832 | 0.1502234294225883 | 0.1904761904761905 | 0.2761904761904762 | 0.3185140881616519 | 0.4807489667379101 | 0.7973287097322277
Insurance (Prop/Cas.) | 223 | 0.1984145083142097 | 0.5819231542973582 | 0.8478247303428297 | 0.1635340842800407 | 0.2322860921108891 | 0.3003789606480454 | 0.1441441441441441 | 0.206375377851058 | 0.2945326278659612 | 0.3392644759334073 | 0.5912375918411972 | 1.034371349399019
Investments & Asset Management | 1066 | 0.2337330074256943 | 0.6681404920886392 | 1.232953302919318 | 0.2001721758886584 | 0.2903207170173211 | 0.4585612281909581 | 0.1357119039679893 | 0.25 | 0.4328358208955224 | 0.6707937330516386 | 1.106361564264991 | 1.474608194859874
Machinery | 1332 | 0.6959472131437437 | 1.230367873080471 | 1.788087397013448 | 0.2568025880530981 | 0.3203753553579113 | 0.4044276080349178 | 0.1940298507462687 | 0.2628424924106795 | 0.3625730994152047 | 0.4681491835093867 | 0.7470931937201102 | 1.166817008121318
Metals & Mining | 1529 | 0.5400679901375733 | 1.177074340700613 | 1.908459242972527 | 0.4063764488523149 | 0.6645471067899228 | 0.9980148295491406 | 0.3313008130081301 | 0.4778570812799035 | 0.6438356164383562 | 0.6761815744758937 | 1.008168052468135 | 1.309655660654157
Office Equipment & Services | 146 | 0.5192657746364335 | 0.9886581427664062 | 1.401589632769805 | 0.2476063407911841 | 0.312535168547393 | 0.4270609636418045 | 0.2027972027972028 | 0.2662337662337663 | 0.40625 | 0.4974616654679017 | 0.8631347643236993 | 1.266600966274682
Oil/Gas (Integrated) | 49 | 0.7758483604795382 | 1.369445308463331 | 1.603373881088377 | 0.193196683920004 | 0.239954521491818 | 0.3183846729979318 | 0.1170520231213873 | 0.1950354609929078 | 0.2941176470588235 | 0.5446877963312848 | 0.7436787979503068 | 1.009503358858847
Oil/Gas (Production and Exploration) | 773 | 0.7318212730756382 | 1.38876570894716 | 2.208057154535241 | 0.3837092649389638 | 0.5684831895862051 | 0.790088602626313 | 0.3391304347826087 | 0.5344129554655871 | 0.7314974182444062 | 0.884928081297545 | 1.246133512164306 | 1.630518431521226
Oil/Gas Distribution | 160 | 0.6575246883236031 | 1.129006794865867 | 1.62727717844949 | 0.2180017258538279 | 0.3099070754765622 | 0.4199799009969159 | 0.1864406779661017 | 0.278100243156326 | 0.4170375079465988 | 0.468723367572753 | 0.8609047670068645 | 1.318306410047656
Oilfield Svcs/Equip. | 508 | 0.6322117687904221 | 1.291359350373022 | 1.956933766899971 | 0.2850995843086639 | 0.3861225740640333 | 0.5557558216819085 | 0.2278978388998035 | 0.3566188197767146 | 0.5712230215827337 | 0.6791681240710165 | 1.054113047321819 | 1.34478952808044
Packaging & Container | 400 | 0.3939009056950935 | 0.7699222146331047 | 1.25911987578281 | 0.2307622152779783 | 0.3114955354683905 | 0.4004542874831487 | 0.1889400921658987 | 0.2823730463898576 | 0.4029304029304029 | 0.3846946048776034 | 0.6371140846460625 | 1.083175757018128
Paper/Forest Products | 279 | 0.4004331042555417 | 0.9666331628228808 | 1.564619377416763 | 0.2460723864704447 | 0.3232294940978037 | 0.3976465767487505 | 0.2070175438596492 | 0.2873683029655341 | 0.4057507987220447 | 0.6340678674919952 | 0.9230375110184768 | 1.279662489533721
Power | 538 | 0.2776833595750704 | 0.6731845544461289 | 1.173267520111229 | 0.1643167672515498 | 0.2218204496082514 | 0.3174413089303038 | 0.1405426507905524 | 0.2034900916888495 | 0.3082706766917293 | 0.3772683570079456 | 0.6417733151114253 | 1.111087452814196
Precious Metals | 844 | 0.2258429011442451 | 0.8737747351401495 | 1.615724959352592 | 0.542022877745949 | 0.7808349377429266 | 1.09120718472708 | 0.36 | 0.481000481000481 | 0.6447823082239115 | 0.7977307746229028 | 1.100499227796773 | 1.438088357795012
Publishing & Newspapers | 352 | 0.3331290199964174 | 0.8663552256945024 | 1.391051364854243 | 0.2329372315585334 | 0.3175919600072151 | 0.4354394332166071 | 0.1895287958115183 | 0.2819592137365926 | 0.4138276553106212 | 0.5363987996689351 | 0.9641679548518846 | 1.368367443191433
R.E.I.T. | 753 | 0.2409689198017233 | 0.5134727279989786 | 0.7625069132984362 | 0.130433682208797 | 0.1546180069750595 | 0.194934205767775 | 0.108695652173913 | 0.148471615720524 | 0.2084024322830293 | 0.499836580291999 | 0.768987015141102 | 1.084538082553556
Real Estate (Development) | 842 | 0.4056811616774919 | 0.9161970125789988 | 1.558862743141659 | 0.213069119030741 | 0.2905973305290988 | 0.3996975159610112 | 0.1843317972350231 | 0.2574850299401198 | 0.3793103448275862 | 0.531526972389078 | 0.8871112385837654 | 1.259084853142278
Real Estate (General/Diversified) | 383 | 0.4651844208589471 | 0.9140261293883931 | 1.404092942948551 | 0.1967739820199815 | 0.2647912063922175 | 0.3580788739928676 | 0.1578947368421052 | 0.2363636363636364 | 0.3224299065420561 | 0.5126649218755962 | 0.9028681714178027 | 1.334034903840798
Real Estate (Operations & Services) | 691 | 0.1970445334851866 | 0.5821324100715244 | 1.052794041300519 | 0.1806140744860129 | 0.2487367164259443 | 0.39159573542111 | 0.1502984264785676 | 0.2275115150006224 | 0.3597650513950074 | 0.5404299009276506 | 0.9505791185939859 | 1.375226314011043
Recreation | 315 | 0.4169613021186996 | 0.8385089015054725 | 1.337285121949043 | 0.2443047277479501 | 0.321129296390099 | 0.4458811500837415 | 0.1803549319026 | 0.2684643050895135 | 0.4487179487179487 | 0.480539670119513 | 0.8368600924311501 | 1.233886582874307
Reinsurance | 34 | 0.3903795966640952 | 0.8359840227147387 | 1.443805934039548 | 0.1525637237219857 | 0.1912914993820924 | 0.2650918390235413 | 0.1382333108563722 | 0.2092163912202832 | 0.3404255319148936 | 0.3256901283223873 | 0.4519603770910177 | 0.7485589910243625
Restaurant/Dining | 376 | 0.3835894543097929 | 0.6944297025639029 | 1.148695874460765 | 0.1972615140315839 | 0.2745660291220057 | 0.4031860116621111 | 0.1533199195171026 | 0.2319815491062848 | 0.3907284768211921 | 0.3788964952279265 | 0.828871791958571 | 1.242461773140137
Retail (Automotive) | 184 | 0.3910081357383727 | 0.8220382222620043 | 1.2964343007052 | 0.2137531600827884 | 0.2936335378417366 | 0.4097300102734499 | 0.1678234447465217 | 0.2829232971788985 | 0.4291514413317092 | 0.3689356032476791 | 0.5584714110279207 | 1.199472132867529
Retail (Building Supply) | 93 | 0.590332692093977 | 0.8919691505513668 | 1.376635014345753 | 0.2220381832899685 | 0.3017218877724577 | 0.4361434626358626 | 0.16406764770481 | 0.2343294764005661 | 0.4561011904761906 | 0.2732795580271484 | 0.460839905698451 | 1.008142014902929
Retail (Distributors) | 982 | 0.3173045359488403 | 0.7854406950746944 | 1.366595819031254 | 0.2367513983388157 | 0.3058187154266435 | 0.4206509241639675 | 0.1724137931034483 | 0.2726052471018914 | 0.4401408450704225 | 0.4527044185813524 | 0.8359818642709014 | 1.310430968554538
Retail (General) | 210 | 0.5666848188914548 | 1.031106285930292 | 1.529165904155604 | 0.2002271437415744 | 0.2643072172392305 | 0.3377099347072869 | 0.1605839416058395 | 0.2219199148281777 | 0.3116531165311653 | 0.3441161987955618 | 0.5620315222363982 | 1.184182827338726
Retail (Grocery and Food) | 170 | 0.3431260033307132 | 0.6265073441284683 | 0.9084904743599834 | 0.1825415096347295 | 0.2314555901281795 | 0.3153568764916373 | 0.1362831858407079 | 0.1866295264623955 | 0.2682215743440233 | 0.3002528379511372 | 0.5017022840943612 | 0.9760795459629045
Retail (Online) | 297 | 0.7559310341191252 | 1.193721759508151 | 1.705491509350084 | 0.328127554935108 | 0.451203518378565 | 0.6440033242850077 | 0.2686595224666291 | 0.3972192513368983 | 0.5789473684210525 | 0.6125780931380543 | 0.957443561380702 | 1.269283085210383
Retail (Special Lines) | 479 | 0.449600218963777 | 0.8407039160432264 | 1.295116092116268 | 0.2390701988956382 | 0.3274922899855812 | 0.4534745858369573 | 0.1877373846988606 | 0.2781926945779394 | 0.4485207100591715 | 0.3532344825958644 | 0.7454737393013051 | 1.204469662867757
Rubber& Tires | 89 | 0.5036870532922225 | 0.8397313405836778 | 1.322299704973113 | 0.2007926765822702 | 0.2578364258050249 | 0.3139119138471371 | 0.1779026217228465 | 0.26 | 0.3350515463917526 | 0.4206042078663353 | 0.582596807888876 | 1.068594172848141
Semiconductor | 542 | 1.076820378818876 | 1.559790110718228 | 2.032810804376164 | 0.2744043268234654 | 0.3534521513905521 | 0.4438397166969706 | 0.2296718972895862 | 0.3047473200612557 | 0.4354066985645933 | 0.6078887904977142 | 0.9452605073312693 | 1.254724224942608
Semiconductor Equip | 291 | 1.306386920420614 | 1.842175050827906 | 2.330137495345843 | 0.3122018577779446 | 0.3885728284041412 | 0.4861074858556264 | 0.2720170454545455 | 0.3359840954274354 | 0.4223433242506812 | 0.6918474712235158 | 1.040978384906254 | 1.272636090502884
Shipbuilding & Marine | 345 | 0.4590891034735623 | 1.038040466218732 | 1.615129932279596 | 0.2191721203726054 | 0.2900195855455283 | 0.3857491412822587 | 0.1633466135458167 | 0.2357320099255583 | 0.3416149068322981 | 0.3836275701121989 | 0.9096186445978574 | 1.343665524042045
Shoe | 78 | 0.4331649644012788 | 0.8318065631111748 | 1.287628803530913 | 0.231 | 0.2973817679187664 | 0.4016882780555996 | 0.2141941000427533 | 0.3070866141732284 | 0.4137123745819398 | 0.3688110340723181 | 0.6528075628442677 | 1.104788442106679
Software (Entertainment) | 280 | 0.4584778839344597 | 1.013341555951096 | 1.633414229953048 | 0.3709504127179968 | 0.4848 | 0.6788702379689361 | 0.2899276572064552 | 0.4116646658663465 | 0.6521739130434783 | 0.6649344533023039 | 0.9813551251252688 | 1.467449644484008
Software (Internet) | 131 | 0.6809458212931975 | 1.113968483314075 | 1.738411651241027 | 0.3062686603420146 | 0.421671744680976 | 0.5831365129805235 | 0.2696245733788397 | 0.3892402884555974 | 0.5257837679460885 | 0.5764544548405802 | 0.9654654613418912 | 1.259262282160004
Software (System & Application) | 1375 | 0.5973421528426092 | 1.137586467531428 | 1.720814844468022 | 0.3205048465208548 | 0.4259090607160172 | 0.6035046035049052 | 0.2713178294573644 | 0.3914696644073401 | 0.6303812146687925 | 0.5359301879450913 | 0.945571768006586 | 1.313707525562436
Steel | 695 | 0.5561676275117236 | 1.056142261063353 | 1.572899716005188 | 0.2414953415699773 | 0.3332543337724461 | 0.4446250426723944 | 0.2071475843812045 | 0.2993197278911565 | 0.4314214463840399 | 0.687262124207425 | 1.044578061692321 | 1.318032516192658
Telecom (Wireless) | 103 | 0.4180952412820244 | 0.7902213846735309 | 1.242251021886501 | 0.1935313928023048 | 0.2447494363708783 | 0.4269007012124156 | 0.1543323139653415 | 0.234701647514883 | 0.4129353233830846 | 0.3512394056295192 | 0.7367343455347238 | 1.169867182665991
Telecom. Equipment | 474 | 0.786590580644535 | 1.254099631961823 | 1.755443592838561 | 0.3035786553761644 | 0.3786484234371359 | 0.4829906831399545 | 0.2505966587112172 | 0.3333333333333333 | 0.4673514306676449 | 0.6430988192952417 | 0.9999341891324403 | 1.301822489876739
Telecom. Services | 317 | 0.2652271268988756 | 0.682816531320953 | 1.2886406354476 | 0.2122394873721664 | 0.2980554672178679 | 0.4699617420858747 | 0.184572166122542 | 0.3003452243958573 | 0.5151515151515151 | 0.5446094735396447 | 0.9029892848468181 | 1.354251709850004
Tobacco | 54 | 0.2165614056648082 | 0.5875303646267338 | 0.9612691386071806 | 0.2030689985739285 | 0.2670079257857946 | 0.3865369322587429 | 0.170175673863484 | 0.3153516511217545 | 0.5176110260336906 | 0.2616417166968142 | 0.3763730951959039 | 0.8563830106199862
Transportation | 265 | 0.490092687681147 | 0.9723684746104656 | 1.578279206359586 | 0.2105086469622088 | 0.2765210181844118 | 0.3853903401562035 | 0.1737451737451737 | 0.2534658040665435 | 0.372299872935197 | 0.3291825308914766 | 0.5335451977697092 | 0.974321678281915
Transportation (Railroads) | 52 | 0.5458073170395811 | 0.7784048264987469 | 1.286028134604671 | 0.1609968943799849 | 0.1867978739089408 | 0.2080009049754068 | 0.1251994599238984 | 0.1577490760127697 | 0.210062893081761 | 0.2800774896508028 | 0.3758417629121975 | 0.5979991875221148
Trucking | 208 | 0.4942447652398786 | 0.8316300923710386 | 1.339350622460493 | 0.2058795764518666 | 0.2755516004825868 | 0.3743177794334648 | 0.142330623306233 | 0.2227612175249033 | 0.3271245634458673 | 0.3620631263215575 | 0.6154974874202092 | 1.011549547270592
Utility (General) | 52 | 0.2834071521113073 | 0.4508288375487224 | 0.9490453182560231 | 0.1309791982146917 | 0.1705198902307758 | 0.218999775840483 | 0.1208791208791209 | 0.146502853818988 | 0.1993817619783617 | 0.2915394205500231 | 0.4521151759498949 | 1.071727922950475
Utility (Water) | 99 | 0.2708334854299548 | 0.6714562785079767 | 1.569316704913897 | 0.1763265669938824 | 0.2213707297724792 | 0.3149473216025426 | 0.1485943775100402 | 0.2094603543796741 | 0.3293155402496771 | 0.2524536146688491 | 0.4413827714039269 | 0.8579424429620718
All firms | 44394 | 0.4406682111571592 | 0.9517109754544443 | 1.551466806757449 | 0.2320707538286733 | 0.3249615361854384 | 0.4671924066458981 | 0.1916376306620209 | 0.2950819672131148 | 0.4608361364728496 | 0.46487289048671 | 0.8201761845296814 | 1.235700589927485
