Source: http://www.stern.nyu.edu/~adamodar/pc/blog/CountryJune26.xlsx

Sheet: Pivot 1
Headquarters - Country/Region | count | sum(Market Capitalization [My Setting] [02/14/2020] ($USDmm, Historical rate)) | sum(Market Capitalization [My Setting] [02/21/2020] ($USDmm, Historical rate)) | sum(Market Capitalization [My Setting] [02/28/2020] ($USDmm, Historical rate)) | sum(Market Capitalization [My Setting] [03/06/2020] ($USDmm, Historical rate)) | sum(Market Capitalization [My Setting] [03/13/2020] ($USDmm, Historical rate)) | sum(Market Capitalization [My Setting] [03/20/2020] ($USDmm, Historical rate)) | sum(Market Capitalization [My Setting] [03/27/2020] ($USDmm, Historical rate)) | sum(Market Capitalization [My Setting] [04/03/2020] ($USDmm, Historical rate)) | sum(Market Capitalization [My Setting] [04/10/2020] ($USDmm, Historical rate)) | sum(Market Capitalization [My Setting] [04/17/2020] ($USDmm, Historical rate)) | sum(Market Capitalization [My Setting] [04/24/2020] ($USDmm, Historical rate)) | sum(Market Capitalization [My Setting] [05/01/2020] ($USDmm, Historical rate)) | sum(Market Capitalization [My Setting] [05/08/2020] ($USDmm, Historical rate)) | sum(Market Capitalization [My Setting] [05/15/2020] ($USDmm, Historical rate)) | sum(Market Capitalization [My Setting] [05/22/2020] ($USDmm, Historical rate)) | sum(Market Capitalization [My Setting] [05/29/2020] ($USDmm, Historical rate)) | sum(Market Capitalization [My Setting] [06/05/2020] ($USDmm, Historical rate)) | sum(Market Capitalization [My Setting] [06/12/2020] ($USDmm, Historical rate)) | sum(Market Capitalization [My Setting] [06/19/2020] ($USDmm, Historical rate)) | sum(Market Capitalization [My Setting] [06/26/2020] ($USDmm, Historical rate)) | q1(% Market Cap Change (2/14-3/20)) | median(% Market Cap Change (2/14-3/20)) | q3(% Market Cap Change (2/14-3/20)) | q1(% Change in Market Cap (3/20-6/26)) | median(% Change in Market Cap (3/20-6/26)) | q3(% Change in Market Cap (3/20-6/26)) | q1(% Market Cap Change (2/14-6/26)) | median(% Market Cap Change (2/14-6/26)) | q3(% Market Cap Change (2/14-6/26)) | [% Market Cap Change (2/14-6/26) < 0.00%] | [% Market Cap Change (2/14-6/26) > 0.00%]
FALSE | TRUE | FALSE | TRUE
Anguilla | 1 | 24 | 0 | 24 | 23.6 | 0 | 30.1 | 0 | 0 | 27.6 | 9.14 | 0 | 9.18 | 25.8 | 22.4 | 0 | 22.2 | 32.9 | 32.8 | 23.9 | 32.6 | 0.2541666666666667 | 0.2541666666666667 | 0.2541666666666667 | 0.0830564784053156 | 0.0830564784053156 | 0.0830564784053156 | 0.3583333333333334 | 0.3583333333333334 | 0.3583333333333334 | 1 | 0 | 0 | 1
Argentina | 69 | 73890.48000000008 | 73734.57999999999 | 64592.77999999998 | 64221.99 | 54416.81 | 45185.57000000001 | 46006.08 | 47284.83999999998 | 52625.98000000001 | 56670.90999999999 | 54447.93000000001 | 58962.6 | 69696.75 | 71293.52000000002 | 75375.27999999996 | 74167.33000000002 | 80417.23000000005 | 80388.92 | 81102.69 | 116422.38 | -0.4296805016422812 | -0.3537906137184115 | -0.2712082262210797 | 0.2173913043478262 | 0.3818181818181818 | 0.7303627680113809 | -0.2070796460176991 | -0.1058823529411765 | 0.06502242152466353 | 22 | 47 | 47 | 22
Australia | 1239 | 1501887.79 | 1482390.959999997 | 1308383.140000003 | 1289199.670000001 | 1061767.529999999 | 874306.2600000001 | 929558.4999999985 | 952832.4219999997 | 1070882.631 | 1097100.959999999 | 1058297.140999999 | 1076746.179999999 | 1136930.86 | 1119620.080000001 | 1163781.229999997 | 1237328.779999999 | 1354239.129999997 | 1294207.330000002 | 1317530.849999999 | 1309906.15 | -0.5572463768115943 | -0.459731543624161 | -0.3657407407407407 | 0.3118625872249061 | 0.6143242238334263 | 1.107549120992761 | -0.2922374429223744 | -0.1314847816173889 | 0.08278867102396514 | 424 | 810 | 811 | 423
Austria | 60 | 138276.67 | 135250.96 | 122239.49 | 120327.84 | 91916.45 | 85434.36 | 91751.62999999998 | 90211.09999999998 | 101604.32 | 97813.89 | 96682.67000000001 | 103509.6 | 105122.0600000001 | 98965.23999999999 | 98295.19000000003 | 106146.74 | 117051.75 | 110304.84 | 110131.32 | 105441.78 | -0.445750023689946 | -0.3539355666106458 | -0.2117375231053604 | 0.06405729418800021 | 0.2293532976636965 | 0.359895468640592 | -0.2944862155388471 | -0.1853650966625054 | -0.06538049303322613 | 4 | 54 | 54 | 4
Azerbaijan | 1 | 205.6 | 221 | 173.8 | 204.8 | 142.6 | 118.9 | 137 | 131.7 | 159.9 | 180.2 | 188.3 | 173.5 | 170 | 178.2 | 183.3 | 179.3 | 178.2 | 183.5 | 186.7 | 193.2 | -0.421692607003891 | -0.421692607003891 | -0.421692607003891 | 0.6248948696383514 | 0.6248948696383514 | 0.6248948696383514 | -0.06031128404669261 | -0.06031128404669261 | -0.06031128404669261 | 0 | 1 | 1 | 0
Bahamas | 4 | 1850.7 | 1835.4 | 1626.5 | 1549.6 | 1056.9 | 884.3000000000001 | 1023.9 | 902.3 | 1002.5 | 1040.1 | 1110.8 | 1211.8 | 1223.8 | 1198.4 | 1284.2 | 1313.1 | 1406.3 | 1357.3 | 1273.4 | 1261 | -0.4292155094679893 | -0.3320940935318089 | -0.1770172591827703 | 0.5142857142857142 | 0.5445486698446871 | 1.232227488151659 | -0.01961941289275693 | 0.06942526623121714 | 0.2741208295761948 | 2 | 2 | 2 | 2
Bahrain | 17 | 22868.7 | 22824.09999999999 | 22689.69999999999 | 22052.3 | 19091.3 | 18220.8 | 17767.9 | 16555.4 | 16286 | 16186.4 | 15723.6 | 16503.4 | 16101.7 | 15276.6 | 15497.4 | 16313.1 | 16193.5 | 16522.6 | 16405 | 16428 | -0.2458521870286576 | -0.1444856108807906 | -0.05185909980430525 | -0.1018014243820695 | -0.0593076736867586 | 0.0321199143468951 | -0.3298844628384203 | -0.1842439644218552 | -0.1082331174838111 | 0 | 15 | 15 | 0
Bangladesh | 298 | 33776.14999999997 | 35133.27999999996 | 33248.37 | 32514.68999999998 | 30743.73000000003 | 29510.86000000001 | 29694.12 | 0 | 0 | 0 | 0 | 0 | 0 | 0 | 0 | 0 | 29489.41999999998 | 29546.34000000001 | 29254.43999999998 | 29242.98999999998 | -0.1939252336448598 | -0.136623156876964 | -0.06896551724137934 | -0.02910360884749708 | -0.01054877894790002 | 0.00800139154635593 | -0.2005813953488371 | -0.1403882575757576 | -0.07091346153846156 | 30 | 256 | 259 | 27
Barbados | 3 | 2920.7 | 2903.8 | 2784.7 | 2765.4 | 2626.4 | 2539.7 | 2517.4 | 2510.9 | 2460.6 | 2445.4 | 2453.6 | 2405.1 | 2401.3 | 2397.7 | 2400.8 | 2388.1 | 2389.7 | 2310.9 | 2283.1 | 2280.3 | -0.3497630331753554 | -0.1355311355311355 | -0.00451479547432565 | -0.15466472303207 | -0.08535052729359038 | 0.1228813559322033 | -0.4503317535545024 | -0.0894799825935596 | -0.02930402930402931 | 0 | 3 | 3 | 0
Belgium | 115 | 394915.6300000002 | 388751.4799999999 | 328704.2000000001 | 332357.3900000003 | 266974.9500000002 | 261575.09 | 274073.85 | 271020.6899999999 | 294516.05 | 286859.2499999999 | 277130.2399999999 | 298232.59 | 288134.3300000001 | 273469.8699999999 | 275955.4899999998 | 301161.8999999999 | 337595.25 | 310976.6200000001 | 317051.4099999997 | 308796.3699999999 | -0.3492781099606243 | -0.2555274240449212 | -0.1667796610169491 | 0.05766150560597971 | 0.1598847366702567 | 0.2758026817566737 | -0.2418096723868954 | -0.1415021048819682 | -0.03540761157638084 | 23 | 89 | 89 | 23
Belize | 1 | 45.4 | 52.9 | 43.2 | 40.2 | 34.6 | 31 | 31.5 | 34.7 | 41.6 | 42.7 | 44.5 | 49.6 | 46.8 | 44.4 | 43.4 | 44 | 51 | 69.2 | 68.3 | 68.9 | -0.3171806167400881 | -0.3171806167400881 | -0.3171806167400881 | 1.22258064516129 | 1.22258064516129 | 1.22258064516129 | 0.5176211453744495 | 0.5176211453744495 | 0.5176211453744495 | 1 | 0 | 0 | 1
Benin | 1 | 128.6 | 128.8 | 127.7 | 133.4 | 131.8 | 125.4 | 119.8 | 113.4 | 125.2 | 124.5 | 123.5 | 125.8 | 133.3 | 103.9 | 105.9 | 108.3 | 118.8 | 119.7 | 126.4 | 124.8 | -0.02488335925349916 | -0.02488335925349916 | -0.02488335925349916 | -0.004784688995215336 | -0.004784688995215336 | -0.004784688995215336 | -0.02954898911353032 | -0.02954898911353032 | -0.02954898911353032 | 0 | 1 | 1 | 0
Bermuda | 74 | 257170.52 | 255373.01 | 227126.1900000001 | 227660.3599999999 | 195715.0999999999 | 161416.6 | 175144.21 | 168209.79 | 193417.62 | 191591.34 | 180792.9000000001 | 180936.31 | 187599.4300000001 | 176359.7299999999 | 184673.5300000001 | 190651.5300000001 | 215504.29 | 203450.03 | 203491.7200000001 | 194049.91 | -0.5327842576381525 | -0.4233811036061451 | -0.3317154009219692 | 0.02827120340255185 | 0.2322719729500649 | 0.5053836563527145 | -0.3982456140350877 | -0.3124392844228948 | -0.1727693324520819 | 10 | 64 | 65 | 9
Botswana | 16 | 2973 | 2946.389999999999 | 2499.93 | 2508.3 | 2451.860000000001 | 2365.82 | 2328.87 | 2244.77 | 2249.51 | 2220.72 | 2193.94 | 2251.34 | 2608.94 | 2590.84 | 2638.350000000001 | 2666.5 | 2719.3 | 2677.5 | 2630.2 | 2647.900000000001 | -0.07355864811133195 | -0.07322526551145891 | -0.05754614549402826 | -0.03456221198156684 | 0.008695652173912993 | 0.009708737864077666 | -0.09011943539630829 | -0.06934489685735923 | -0.05882352941176472 | 1 | 15 | 15 | 1
Brazil | 278 | 1147341.45 | 1127019.460000001 | 1002087.789999999 | 926108.6399999998 | 763470.3100000002 | 604845.9799999999 | 643108.39 | 579993.3399999995 | 670101.1799999996 | 662402.0200000004 | 586696.1300000001 | 645916.1100000009 | 614478.4400000005 | 581762.38 | 645265.3500000004 | 702887.8200000008 | 839806.1000000007 | 808568.7899999995 | 804132.8199999998 | 759768.0199999994 | -0.5931972789115646 | -0.5105240549828178 | -0.4064534530029231 | 0.05831997842057657 | 0.2337285990273799 | 0.4901540261259505 | -0.469309051955008 | -0.3649448505233094 | -0.2710369772516665 | 11 | 266 | 266 | 11
British Virgin Islands | 20 | 2283.45 | 2274.56 | 2201.65 | 2229.199999999999 | 1993.44 | 1826.35 | 1885.67 | 1834.07 | 1894.35 | 1929.21 | 1938.28 | 1953.06 | 1918.96 | 1914.03 | 1982.06 | 2105.36 | 2223.76 | 2195.1 | 2162.06 | 2145.49 | -0.4155251141552512 | -0.3254376930998971 | -0.2541353383458647 | 0.1001390820584143 | 0.2936936936936936 | 0.9401709401709402 | -0.297560975609756 | -0.1154272742350112 | 0.3058035714285716 | 8 | 12 | 12 | 8
Bulgaria | 55 | 3888.340000000001 | 3645.39 | 3762.279999999999 | 3622.829999999999 | 3327.670000000001 | 2996.659999999998 | 3170.639999999999 | 3053.66 | 3156.52 | 2862.75 | 2786.37 | 3245.1 | 3205.860000000001 | 3083.849999999999 | 3227.329999999999 | 3356.01 | 3371.609999999999 | 3486.529999999999 | 3492.679999999998 | 3666.820000000001 | -0.2717391304347826 | -0.1661524900837374 | -0.07075471698113212 | 0.07692307692307687 | 0.137494947836411 | 0.2249999999999999 | -0.1405529953917051 | -0.02910185684232969 | 0.05607476635514042 | 25 | 29 | 29 | 25
Burkina Faso | 3 | 856.9 | 865.3 | 884.8 | 978.4000000000001 | 950.8 | 914.4 | 916.7 | 884.5 | 907.7 | 917.2 | 903.4 | 913.4000000000001 | 902.3 | 896.8 | 907.1999999999999 | 926.9 | 948.0000000000001 | 906.9000000000001 | 922.2 | 903.4000000000001 | -0.02603550295857993 | 0.03398058252427183 | 0.206885456885457 | -0.07198080511863503 | 0.01486697965571193 | 0.03426488456865129 | 0.00733727810650886 | 0.04935275080906143 | 0.12001287001287 | 3 | 0 | 0 | 3
Cambodia | 1 | 6282.1 | 6142.7 | 5948.6 | 6201 | 5697.1 | 4488.8 | 4631.4 | 4507.4 | 5358.6 | 5348.8 | 5085.4 | 5140.4 | 5493.7 | 5051.6 | 5065.2 | 5179.8 | 5870.1 | 5735.6 | 5276.4 | 5108.2 | -0.2854618678467392 | -0.2854618678467392 | -0.2854618678467392 | 0.1379878809481374 | 0.1379878809481374 | 0.1379878809481374 | -0.1868642651342705 | -0.1868642651342705 | -0.1868642651342705 | 0 | 1 | 1 | 0
Canada | 1565 | 2223973.100000009 | 2227905.740000007 | 1993169.320000001 | 1975635.900000002 | 1606515.722000004 | 1350446.332000001 | 1482972.37 | 1500808.541999998 | 1660773.709999999 | 1680019.729999998 | 1684624.41 | 1707410.480000002 | 1767896.071999993 | 1714446.017000001 | 1763280.505999999 | 1828581.523000001 | 1962346.474000004 | 1864675.218000004 | 1893298.614000005 | 1850939.206 | -0.5276190476190477 | -0.4249999999999999 | -0.3188201821170962 | 0.2010906612133607 | 0.5055038103302287 | 0.9875130072840794 | -0.349531116794544 | -0.1436660213528588 | 0.1557093425605536 | 552 | 994 | 1000 | 546
Cayman Islands | 77 | 21976.28 | 21234.59999999999 | 20041.14000000001 | 20699.11000000001 | 17658.74000000001 | 16225.99 | 16759.58000000001 | 17069.33 | 18250.79000000001 | 18778.31 | 19450.58 | 19817.52000000001 | 19847.96999999999 | 18958.37 | 19070.97 | 20292.47 | 21237.88999999999 | 20421.54 | 20644.52 | 20763.03 | -0.3727034120734909 | -0.2920962199312714 | -0.1959459459459459 | 0.174757281553398 | 0.3482987936900712 | 0.5523255813953489 | -0.168384879725086 | -0.04133723114682747 | 0.08880308880308885 | 30 | 44 | 44 | 30
Channel Islands | 2 | 2229.4 | 2333.7 | 2049.3 | 2147.5 | 1700.9 | 1370.6 | 1716.3 | 1687.5 | 1930.6 | 1866 | 1906 | 1941.3 | 1983.5 | 2027.8 | 2093.2 | 2182.2 | 2076.8 | 2048.7 | 2024.4 | 1989.9 | -0.4479166666666666 | -0.3759957896000549 | -0.3040749125334431 | 0.3982428345095781 | 0.4525592407059202 | 0.5068756469022624 | -0.2280534351145038 | -0.08969043437141122 | 0.04867256637168138 | 1 | 1 | 1 | 1
Chile | 116 | 176802.9000000001 | 170129.1799999999 | 153550.1899999999 | 154716.3499999999 | 137910.47 | 112892.2299999999 | 119559.91 | 127142.49 | 136272.4100000001 | 134983.48 | 129429.17 | 140436.1400000001 | 139170.26 | 132599.9200000001 | 138606.9700000001 | 134980.4999999999 | 155272.27 | 148036.65 | 145739.16 | 144705.4099999999 | -0.3826033529360133 | -0.2810802999171482 | -0.08434797953061601 | 0.05240174672489095 | 0.1827081556250593 | 0.402958956411072 | -0.20625 | -0.1111691881801354 | -0.03911671924290216 | 11 | 105 | 105 | 11
China | 4659 | 12002320.08999998 | 12330490.82100001 | 11768466.82400002 | 12388450.37499996 | 11558307.87499995 | 10810187.79499998 | 10990574.15700005 | 10958352.53900003 | 11268028.33999996 | 11452526.56000003 | 11324853.81199998 | 11530673.13200006 | 11737212.52600002 | 11696633.06999995 | 11381160.81000005 | 11594285.10100001 | 12121601.019 | 12121478.24300004 | 12491953.55000004 | 12546505.68 | -0.1300546448087432 | -0.04939186199653073 | 0.02703349282296652 | -0.06928508384819054 | 0.02559999999999985 | 0.1925925925925924 | -0.1238455900317615 | -0.01775117658061415 | 0.1421482778750729 | 2154 | 2496 | 2501 | 2149
Colombia | 29 | 122114 | 122276.16 | 109598.1 | 104617.95 | 74213.93000000001 | 56566.39000000001 | 69855.21 | 72803.85000000005 | 78874.25999999998 | 72704.33 | 68986.27999999998 | 71983.07 | 72010.57 | 67721.77999999998 | 70825.81 | 73924.86 | 84451.68000000001 | 76285.71999999999 | 77861.62 | 74171.27000000002 | -0.565809576439229 | -0.4349071726599892 | -0.3074643933880861 | 0.02226383687057831 | 0.2209425190194421 | 0.4230452674897121 | -0.4300970873786408 | -0.3593370165745857 | -0.2330060422960726 | 0 | 29 | 29 | 0
Costa Rica | 1 | 568.5 | 547.2 | 463 | 436.7 | 319.3 | 272 | 321.9 | 273.6 | 334.5 | 369 | 388.6 | 369.5 | 429.7 | 383.5 | 414.1 | 459.1 | 481.5 | 421.3 | 409.4 | 397.3 | -0.5215479331574319 | -0.5215479331574319 | -0.5215479331574319 | 0.4606617647058824 | 0.4606617647058824 | 0.4606617647058824 | -0.3011433597185575 | -0.3011433597185575 | -0.3011433597185575 | 0 | 1 | 1 | 0
Croatia | 46 | 19766.34 | 19769.46000000001 | 19064.59999999999 | 19525.86000000001 | 17104.93 | 15517.23999999999 | 16195.86 | 15392.16 | 16663.93000000001 | 16798.47 | 16279.73 | 11886.4 | 16125.03 | 15909.55 | 16323.37 | 17196.69000000001 | 17624.7 | 17427.26 | 17269.02 | 16481.65999999999 | -0.4005956813104989 | -0.3082500338658409 | -0.2467532467532468 | 0.0859375 | 0.1980569414618243 | 0.3765822784810127 | -0.2779827798277982 | -0.1760683215679803 | -0.05872505396713523 | 9 | 33 | 33 | 9
Cyprus | 44 | 33853.22000000001 | 34250.8 | 29666.6 | 28961.67999999999 | 23790.29 | 20917.71 | 22556.63 | 23115.29 | 25168.64 | 24988.02000000001 | 25760.55999999999 | 26674.85000000001 | 26749.73999999999 | 26412.17 | 27602.59000000001 | 28114.40999999999 | 27658.50999999999 | 28065.75000000001 | 28411.23999999999 | 29664.51000000001 | -0.4314285714285715 | -0.3485618597320725 | -0.2331288343558282 | 0.09394572025052184 | 0.2075471698113209 | 0.3984977574995732 | -0.2579113924050633 | -0.2046605876393111 | -0.0934959349593496 | 2 | 41 | 41 | 2
Czech Republic | 11 | 31398.3 | 30932.8 | 27629.2 | 29221.10000000001 | 23768.41 | 20866.01 | 22671.8 | 22154.51 | 24695.62 | 25313.41000000001 | 24783.47 | 25480.09 | 25760.65000000001 | 24698.85000000001 | 25869.84999999999 | 26789.79 | 28462.74 | 27747.3 | 28054.69 | 28086.2 | -0.3751987819319912 | -0.2883397683397684 | -0.1835649905906435 | 0.1131329113924051 | 0.1727990058024135 | 0.3282937885802468 | -0.3175808069119802 | -0.1303336216551552 | -0.05470613470613472 | 1 | 9 | 9 | 1
Denmark | 151 | 497567.14 | 500432.7600000001 | 453057.0000000001 | 472323.1699999998 | 394133.0400000002 | 376320.6599999997 | 408081.28 | 419460.4600000002 | 430707.1699999999 | 449186.71 | 452428.9300000003 | 458514.02 | 458078.4100000002 | 459513.75 | 481477.8199999999 | 498303.6399999998 | 506696.0800000003 | 498297.0100000001 | 510813.3999999998 | 503944.5799999999 | -0.3842691468595706 | -0.2696365767878077 | -0.1799645390070922 | 0.1055690072639226 | 0.278174529250043 | 0.5104166666666667 | -0.1651982378854625 | -0.06090047023360468 | 0.03200568990042685 | 47 | 103 | 103 | 47
Ecuador | 1 | 79.6 | 79.6 | 79.9 | 79 | 79.6 | 79.6 | 79.3 | 0 | 77.7 | 76.1 | 0 | 75.1 | 0 | 75.8 | 75.8 | 0 | 0 | 76.7 | 77 | 78.3 | 0 | 0 | 0 | -0.01633165829145722 | -0.01633165829145722 | -0.01633165829145722 | -0.01633165829145722 | -0.01633165829145722 | -0.01633165829145722 | 0 | 1 | 1 | 0
Egypt | 169 | 45986.11000000004 | 45864.93000000002 | 43888.05000000001 | 42525.24999999998 | 39589.58000000003 | 33394.31999999999 | 31061.30999999999 | 30330.85999999998 | 36281.43999999998 | 36517.20000000001 | 36250.96000000003 | 37469.36999999997 | 36009.03000000001 | 35646.06000000003 | 35581.05 | 4709.1 | 36415.2 | 36881.00000000002 | 37166.82999999999 | 37623.04999999996 | -0.4217114246700046 | -0.2914285714285714 | -0.1648351648351648 | 0.05335968379446632 | 0.2357723577235771 | 0.7445482866043613 | -0.2176509621765095 | -0.1048103245991395 | 0.04071246819338437 | 51 | 118 | 119 | 50
Estonia | 18 | 3391.48 | 3363.95 | 3173.529999999999 | 3250.03 | 2726.03 | 2575.03 | 2527.43 | 2355.85 | 2604.14 | 2729.88 | 2611.610000000001 | 2780.31 | 2763.659999999999 | 2774.15 | 2816.22 | 2970.370000000001 | 3022.55 | 2957.17 | 3032.52 | 3087.01 | -0.3003870611003594 | -0.2557346509497649 | -0.1658075601374571 | 0.1513534874530726 | 0.1833042147252544 | 0.2316258351893095 | -0.1585365853658537 | -0.09296929493008455 | -0.0601769911504425 | 3 | 15 | 15 | 3
Falkland Islands | 1 | 10.5 | 11.2 | 10.3 | 8.05 | 6.02 | 4.93 | 5.07 | 5.13 | 5.65 | 5.93 | 5.85 | 6.09 | 5.49 | 5.35 | 5.38 | 5.58 | 7.3 | 7.85 | 6 | 6.8 | -0.5304761904761905 | -0.5304761904761905 | -0.5304761904761905 | 0.3793103448275863 | 0.3793103448275863 | 0.3793103448275863 | -0.3523809523809524 | -0.3523809523809524 | -0.3523809523809524 | 0 | 1 | 1 | 0
Finland | 155 | 306910.35 | 302166.9099999999 | 275675.3999999998 | 275149.6200000002 | 215802.9700000001 | 203323.36 | 221297.8299999999 | 218216.0000000001 | 236402.3800000002 | 234166.73 | 233235.6899999999 | 253442.8700000001 | 248889.53 | 237878.4599999999 | 255277.2100000001 | 274026.7299999999 | 291498.2799999999 | 273396.3999999997 | 277696.2300000001 | 274572.6500000001 | -0.3924581005586592 | -0.3157990867579908 | -0.2294429708222812 | 0.1373924131335671 | 0.2888965438052589 | 0.4524076147816349 | -0.2261013781433371 | -0.11698670605613 | 0.001738374619730587 | 39 | 116 | 116 | 39
France | 575 | 2587122.969999999 | 2574094.56 | 2327698.930000002 | 2325337.659999999 | 1844763.310000001 | 1756527.98 | 1947252.030000003 | 1817677.17 | 1995087.750000001 | 1983966.920000002 | 1931522.070000001 | 2043860.910000002 | 2012455.079999998 | 1908055.92 | 1982521.929999999 | 2145273.799999995 | 2371140.110000005 | 2207138.270000001 | 2251677 | 2234049.920000005 | -0.3988439306358381 | -0.3007761465286657 | -0.2117320939550001 | 0.09006648461622002 | 0.2490631747579577 | 0.4372909698996656 | -0.2536231884057971 | -0.1279543602281988 | 0.01762114537444948 | 157 | 412 | 415 | 154
Gabon | 1 | 648.9 | 647.7 | 596.3 | 601.3 | 498.4 | 459.4 | 490 | 483.5 | 476.8 | 474.9 | 485.9 | 514.9 | 510.4 | 491.9 | 500 | 550.3 | 606 | 531 | 544.1 | 524.6 | -0.2920326706734474 | -0.2920326706734474 | -0.2920326706734474 | 0.1419242490204615 | 0.1419242490204615 | 0.1419242490204615 | -0.1915549391277546 | -0.1915549391277546 | -0.1915549391277546 | 0 | 1 | 1 | 0
Georgia | 2 | 1343.4 | 1320.6 | 1223.9 | 1225.1 | 1010.7 | 633.6 | 702.3 | 623.6 | 803.1 | 782.3000000000001 | 710.6 | 759.9 | 734.9 | 688.5 | 673.7 | 771.5 | 892.5999999999999 | 834.6 | 826.6 | 806.7 | -0.5741651566140306 | -0.542019366521413 | -0.5098735764287954 | 0.2528875379939208 | 0.2666057813610618 | 0.2803240247282028 | -0.4664768314781258 | -0.4194780981129005 | -0.3724793647476753 | 0 | 2 | 2 | 0
Germany | 581 | 2162671.560000002 | 2142914.770000005 | 1925584.137999996 | 1945527.654000003 | 1551662.952000001 | 1442684.171 | 1606852.19 | 1555144.139999999 | 1724544.910000002 | 1730616.880000002 | 1698605.070000001 | 1803263.52 | 1800952.8 | 1743820.669999998 | 1834009.789999998 | 1929813.72 | 2114514.639999999 | 1976687.92 | 2040991.379999999 | 2010547.103 | -0.4083447332421341 | -0.3061420100918003 | -0.1633377019189748 | 0.1335745296671489 | 0.3095238095238095 | 0.5162326782440716 | -0.2150408936764413 | -0.0745677233429396 | 0.05460247186865885 | 202 | 377 | 378 | 201
Ghana | 11 | 3397.5 | 2734.700000000001 | 3267.7 | 3181.099999999999 | 3166 | 2920.100000000001 | 3008.1 | 2951.6 | 2815.699999999999 | 1343 | 2915.7 | 2797 | 2486.9 | 2702.599999999999 | 2836.8 | 2633.9 | 2666.400000000001 | 2680.599999999999 | 2281.2 | 2173 | -0.1014492753623188 | -0.07417293036425915 | -0.0505784061696658 | -0.2245540398740817 | -0.1725585505965533 | -0.1120783460282917 | -0.3557019349526555 | -0.2544317789291883 | -0.227516501650165 | 0 | 10 | 10 | 0
Gibraltar | 2 | 677.4 | 646.8 | 560.4 | 535.5 | 459.9 | 371.2 | 542.4000000000001 | 521.6 | 632.5 | 664.4 | 649.3 | 680.2 | 670.8000000000001 | 631.9 | 624.2 | 716.2 | 766 | 688.4 | 721.1999999999999 | 790.6 | -0.4651056014692379 | -0.2804694674012856 | -0.09583333333333333 | -0.02764976958525334 | 0.5870334843060857 | 1.201716738197425 | -0.1208333333333332 | 0.02842630853994493 | 0.1776859504132231 | 1 | 1 | 1 | 1
Greece | 139 | 53438.60000000004 | 52051.53999999996 | 43866.50999999997 | 42645.24000000003 | 35204.33000000002 | 33519.51999999998 | 35063.66000000003 | 33376.34 | 37314.82999999999 | 37074.94999999999 | 36829.31999999999 | 38620.70999999997 | 36811.01999999996 | 36145.83000000003 | 37195.31000000003 | 40281.49999999998 | 42691.83999999998 | 40642.30000000002 | 41573.26999999996 | 40202.28000000001 | -0.4474843496406213 | -0.3360310780187763 | -0.2194690265486726 | 0.04651162790697683 | 0.151643690349947 | 0.3184885290148449 | -0.3491124260355029 | -0.2267441860465117 | -0.09947643979057597 | 19 | 120 | 120 | 19
Greenland | 1 | 141 | 141.3 | 137.8 | 146 | 128.6 | 116 | 117.5 | 120.7 | 124.6 | 123.9 | 125.6 | 128.6 | 126.2 | 127.4 | 127.8 | 133.3 | 134.9 | 135.2 | 139.2 | 138.1 | -0.1773049645390071 | -0.1773049645390071 | -0.1773049645390071 | 0.1905172413793104 | 0.1905172413793104 | 0.1905172413793104 | -0.02056737588652491 | -0.02056737588652491 | -0.02056737588652491 | 0 | 1 | 1 | 0
Guernsey | 29 | 10372.8 | 10406.6 | 9650 | 9262.22 | 7570.749999999999 | 6314.51 | 6935.48 | 6727.759999999997 | 7318.360000000001 | 7068.200000000002 | 6665.599999999998 | 7093.860000000001 | 6811.530000000003 | 6492.93 | 6852.230000000001 | 7000.69 | 7725.659999999998 | 7343.87 | 7255.579999999998 | 7161.589999999998 | -0.5127118644067796 | -0.3786361468764903 | -0.2760416666666666 | -0.09932885906040267 | 0.0848623853211008 | 0.217191097467383 | -0.4478632478632479 | -0.34678472927856 | -0.2215260949228679 | 1 | 28 | 28 | 1
Hong Kong | 1473 | 1955587.48 | 1937380.359999999 | 1849401.53 | 1867400.85 | 1686710.509999996 | 1566237.57 | 1625858.109999999 | 1648155.02 | 1731604.299999997 | 1738337.050000001 | 1717115.842000001 | 1767619.909999999 | 1749284.729999995 | 1718446.369999999 | 1641140.289999998 | 1641355.399999996 | 1758703.250000003 | 1736426.520000003 | 1769716.639999997 | 1734896.069999999 | -0.2613737734165923 | -0.169590643274854 | -0.08192457737321213 | -0.1204250295159386 | 0.003831473869641777 | 0.1724137931034482 | -0.2974358974358975 | -0.1656184486373167 | -0.02494331065759636 | 330 | 1137 | 1142 | 325
Hungary | 32 | 26929.91999999999 | 27296.63 | 24285.62 | 25735.99 | 20359.09999999999 | 16903.62 | 17978.07 | 17033.88 | 18634.95 | 18139.21 | 17692.15 | 19599.91999999999 | 19210.47 | 18411.25 | 19547.29 | 20743.22 | 22618.66 | 21947.37 | 21865.01 | 20802.8 | -0.5096774193548388 | -0.4125533367907042 | -0.2625698324022346 | 0.1457174638487209 | 0.4147097195042401 | 0.564516129032258 | -0.2825249017288097 | -0.1592327005744285 | -0.07990779869381492 | 1 | 31 | 31 | 1
Iceland | 22 | 12616.7 | 12815.9 | 11588.1 | 11049 | 9959.200000000003 | 9615.899999999998 | 9668.199999999999 | 9414.999999999996 | 9902.7 | 10357 | 9789.699999999997 | 9932.799999999996 | 10072.6 | 10496.2 | 10623.7 | 11473 | 11855 | 11268.6 | 11539.6 | 11304.8 | -0.3452562151192288 | -0.2670871525833358 | -0.1916113286792668 | 0.0383572258814413 | 0.172526599990843 | 0.3280276816608998 | -0.2472757753562448 | -0.1605924105924106 | -0.04432270916334669 | 3 | 17 | 17 | 3
India | 1956 | 2195727.030000002 | 2182663.800000003 | 2004553.44 | 1924446.459999997 | 1727572.82 | 1513144.949999999 | 1469763.649999996 | 1404735.290000001 | 1568369.960000002 | 1595703.690000005 | 1582984.570000006 | 1688020.089999999 | 1607219.759999998 | 1598598.69 | 1582371.14 | 1663463.499999997 | 1772643.8 | 1752373.499999992 | 1793801.14 | 1849293.58 | -0.4435374149659864 | -0.3629424413594374 | -0.2672955974842767 | 0.1162616822429907 | 0.2945454545454547 | 0.5357142857142858 | -0.2932692307692308 | -0.1739218877135883 | -0.0313811158500642 | 428 | 1519 | 1522 | 425
Indonesia | 565 | 477770.3900000002 | 464337.0800000002 | 422806.1899999995 | 427176.7599999998 | 364255.3199999997 | 279222.5699999998 | 296091.8399999999 | 308768.53 | 315005.47 | 323420.9400000002 | 310550.8100000001 | 337958.2199999996 | 334134.8800000002 | 325802.7500000001 | 330234.0700000006 | 351860.4300000003 | 386328.2699999998 | 377282.1300000002 | 378710.7299999997 | 378296.0200000007 | -0.4736062045722175 | -0.3166158893836418 | -0.1881188118811882 | 0.07315175097276261 | 0.2118346542458763 | 0.4635686204243388 | -0.28515625 | -0.1520223152022316 | -0.03722084367245659 | 103 | 456 | 459 | 100
Ireland | 77 | 711811.4600000003 | 708061.4399999997 | 623726.0400000003 | 619815.1000000006 | 539023.1099999998 | 455122 | 510628.0799999998 | 482348.2599999999 | 558534.3100000002 | 559699.0900000003 | 546850.6199999999 | 556834.0400000002 | 581601.3299999996 | 554001.2099999998 | 584834.8500000002 | 615186.6900000003 | 655566.3099999999 | 609545.88 | 620827.1800000003 | 610086.3099999999 | -0.5174129353233831 | -0.3896701610841218 | -0.2957445085769146 | 0.1667318472167905 | 0.3870967741935485 | 0.6731335211551039 | -0.3396971691902568 | -0.1444602171907161 | -0.01403197714766713 | 18 | 59 | 59 | 18
Isle of Man | 11 | 14218.53 | 14523.17 | 12585.58 | 12757.47 | 8952.27 | 6229.93 | 7412.129999999999 | 7295.400000000001 | 9551.690000000002 | 9659.939999999999 | 9252.150000000001 | 9819.279999999999 | 10334.32 | 9560.94 | 10412.55 | 10715.72 | 12149.5 | 10800.2 | 11035.1 | 10823.33 | -0.6049790041991602 | -0.4705882352941175 | -0.4200626959247649 | 0.2488543371522094 | 0.5455610899501904 | 1.096692111959288 | -0.3866650590788522 | -0.1729904019196159 | 0.01654846335697413 | 4 | 7 | 8 | 3
Israel | 438 | 257194.0999999999 | 260848.8900000002 | 238100.9000000001 | 226375.5500000003 | 176451.6000000002 | 168709.0899999999 | 182197.6700000002 | 182247.86 | 199246.4100000001 | 198215.3000000001 | 207122.1299999999 | 214130.1 | 219339.3199999997 | 209250.9300000002 | 220868.5499999999 | 225416.97 | 227699.9699999998 | 224640.6899999998 | 229746.0699999997 | 221074.58 | -0.4773831144148328 | -0.3791666666666667 | -0.2692307692307692 | 0.1365807422826026 | 0.3315217391304348 | 0.632198952879581 | -0.3218487394957983 | -0.1592029335544901 | 0.02970297029702973 | 121 | 311 | 311 | 121
Italy | 343 | 666831.539999999 | 668331.4699999999 | 602472.9600000004 | 585339.0500000002 | 448020.9400000001 | 436382.6399999998 | 479110.7500000002 | 465716.7099999998 | 499501.7899999998 | 486337.9800000004 | 476932.0600000002 | 503274.3200000002 | 492851.788 | 480858.7279999997 | 494158.3789999996 | 529987.24 | 584264.3800000007 | 548909.6830000005 | 564965.9329999997 | 553189.8150000001 | -0.4100650132434385 | -0.3280839895013123 | -0.2333333333333333 | 0.1129296235679214 | 0.2685691946833464 | 0.4256 | -0.2648648648648648 | -0.1546495278069254 | -0.0326868044515104 | 68 | 274 | 274 | 68
Ivory Coast | 28 | 3385.73 | 3369.86 | 3416.920000000001 | 3513.05 | 3407.01 | 3114.1 | 2923.38 | 2878.650000000001 | 2893.73 | 2685.29 | 2870.23 | 2960.129999999999 | 2900 | 2828.690000000001 | 2675.219999999999 | 2895.079999999999 | 3027.720000000001 | 3109.280000000001 | 3073.61 | 3061.99 | -0.1263537906137184 | -0.05168260197480007 | -0.001945525291828787 | -0.06095589933040879 | 0.001360544217687165 | 0.1265822784810127 | -0.1502320185614849 | -0.0438356164383561 | 0.03461538461538449 | 11 | 16 | 16 | 11
Jamaica | 61 | 13020.56 | 13337.93 | 13343.49 | 12270.51 | 11690.96 | 10163.32 | 10372.47 | 11012.47 | 11069.17000000001 | 10649.02 | 10479.22999999999 | 9811.41 | 10003.98999999999 | 9933.110000000004 | 9958.710000000003 | 10265.85 | 10224.37 | 10340.02000000001 | 10317.87 | 10387.84 | -0.3094867807153966 | -0.2450592885375493 | -0.1698113207547171 | 0.009009009009008917 | 0.1068754173204303 | 0.2692307692307692 | -0.2468827930174564 | -0.1441357789991204 | -0.02192982456140347 | 14 | 46 | 46 | 14
Japan | 3802 | 6026833.390000008 | 5824933.630000008 | 5416133.319999984 | 5452801.639999971 | 4579214.579999985 | 4454821.080000004 | 5216184.809999999 | 4728556.870000012 | 5116870.159999988 | 5219098.830000008 | 5149278.900000007 | 5224132.180000012 | 5339423.219999984 | 5282052.160000018 | 5366024.730000016 | 5656100.240000004 | 5711904.819999995 | 5702542.679999997 | 5769038.799999996 | 5748313.109999998 | -0.4078093901688168 | -0.3069199457259159 | -0.209380384875602 | 0.1652983032293378 | 0.3148464163822524 | 0.5365853658536586 | -0.18065969709567 | -0.08525649664490687 | 0.0266222961730449 | 1148 | 2648 | 2660 | 1136
Jersey | 30 | 27604.1 | 27327.52000000001 | 23379.49999999999 | 23603.81 | 19728.81 | 17669.62999999999 | 19595.45 | 18946.18 | 21342.76 | 21117.58 | 21485.71 | 20891.7 | 20989.61 | 20770.36 | 21664.55 | 22327.93 | 23344.55000000001 | 21953.03 | 22164.29 | 21399.45 | -0.46389527518416 | -0.3179858391790479 | -0.258893280632411 | 0.103233830845771 | 0.342446345632774 | 0.7406007285724103 | -0.22429972317365 | -0.1533938265448819 | -0.03043246129204491 | 6 | 24 | 24 | 6
Jordan | 93 | 17776.46999999999 | 17280.49 | 17140.09000000001 | 16653.44 | 15739.36999999999 | 14374.61 | 0 | 0 | 0 | 0 | 0 | 0 | 0 | 10677.99 | 12936.04 | 13768.92999999999 | 14225.25 | 14384.07 | 14364.61000000001 | 12237.61 | -0.1254471738611973 | -0.08923611111111107 | -0.03448275862068972 | -0.06486486486486487 | -0.009661835748792202 | 0.04729729729729715 | -0.1570762052877138 | -0.0928217821782178 | -0.03846153846153844 | 10 | 77 | 78 | 9
Kazakhstan | 10 | 13781.8 | 14236.6 | 13095.9 | 12255.3 | 11374.1 | 10233.5 | 10704.9 | 10923.7 | 11317.2 | 11297 | 11391 | 11606.1 | 11826.1 | 11522.8 | 11939.8 | 12110.6 | 12928.9 | 12545.3 | 12877.2 | 12890.6 | -0.2300430084968006 | -0.153921568627451 | -0.1370806890299184 | 0.06257242178447275 | 0.1245912361020274 | 0.196884550921818 | -0.1563435776201734 | -0.05688501677888064 | 0.002085222121486874 | 3 | 7 | 7 | 3
Kenya | 44 | 24235.51000000001 | 23442.5 | 22008.67 | 22774.88999999998 | 19429.69999999999 | 18753.56 | 18222.33 | 19521.2 | 18501.14999999999 | 19105.15 | 19026.37999999999 | 19573.05999999999 | 19919.25 | 19030.33000000001 | 19849.22 | 19339.13 | 19801.31000000002 | 20182.14 | 20480.16 | 19526.80999999999 | -0.2621448212648946 | -0.2091130682207525 | -0.1497005988023952 | -0.1051113834618989 | -0.005056304007620527 | 0.1177700348432056 | -0.2876147648491663 | -0.1770958083832335 | -0.07898448519040913 | 3 | 41 | 41 | 3
Kuwait | 141 | 101005.24 | 100147.7 | 98374.05000000003 | 94039.65000000001 | 71143.98999999998 | 72877.12000000001 | 77071.1200000001 | 74983.25000000009 | 73223.45999999998 | 76007.90999999996 | 75109.81999999999 | 80311.70999999995 | 78691.55000000005 | 76307.56999999999 | 79972.08000000003 | 81814.10999999999 | 82156.12000000008 | 83513.41000000009 | 82548.90000000001 | 85125.90999999997 | -0.3069431714023831 | -0.2140727489564698 | -0.1149293623520427 | -0.04342723004694837 | 0.09285060510525778 | 0.1925342109821584 | -0.2417582417582418 | -0.1594013743485679 | -0.04886363636363633 | 20 | 121 | 121 | 20
Kyrgyzstan | 1 | 230.3 | 221.9 | 201.1 | 230.8 | 181.4 | 140.8 | 149.4 | 144.5 | 154.1 | 164.5 | 145.2 | 164.6 | 170.7 | 176.2 | 196.1 | 208 | 183.6 | 193.8 | 192.8 | 238.7 | -0.388623534520191 | -0.388623534520191 | -0.388623534520191 | 0.6953124999999998 | 0.6953124999999998 | 0.6953124999999998 | 0.0364741641337385 | 0.0364741641337385 | 0.0364741641337385 | 1 | 0 | 0 | 1
Latvia | 7 | 835.7 | 845.3000000000001 | 830.9 | 845.5999999999999 | 787.2399999999999 | 707.5600000000001 | 756.02 | 744.94 | 808.1199999999999 | 801.7 | 799.4999999999999 | 817.2 | 814.5999999999999 | 812.6999999999998 | 820.8 | 840.6000000000001 | 860.5 | 849.0000000000001 | 857.4000000000001 | 857.4000000000001 | -0.2888888888888888 | -0.1902017291066282 | -0.1192508297771456 | 0.1810344827586208 | 0.2279946164199191 | 0.3422584400465656 | -0.04195804195804209 | -0.02210663198959695 | 0.07255813953488377 | 2 | 5 | 5 | 2
Lebanon | 4 | 2936.1 | 2640.1 | 2922.3 | 2928.3 | 1991.9 | 2880.4 | 1956.7 | 2823.8 | 2869.7 | 2434.5 | 2500.9 | 2784.7 | 2676 | 1712.3 | 2817.3 | 2312.9 | 2668.2 | 2597.7 | 2758.7 | 2836.5 | -0.174295487864473 | 0.05257929468530476 | 0.2270471464019852 | -0.4066958768677676 | -0.3332018149536398 | 0.3282998516920588 | -0.4494217299234403 | -0.2719878687620623 | 0.3981409210246223 | 1 | 2 | 2 | 1
Liechtenstein | 2 | 3084.3 | 3128.8 | 2890 | 2926.9 | 2409.4 | 2378.4 | 2548.5 | 2394.4 | 2416.3 | 2503.3 | 2473.3 | 2547.5 | 2476.7 | 2470.9 | 2570.3 | 2697.3 | 2749.3 | 2621.7 | 2675.7 | 2654.1 | -0.3259281200631911 | -0.253671277024113 | -0.181414433985035 | 0.1073892787639323 | 0.1222459796485547 | 0.137102680533177 | -0.2335110584518167 | -0.1635090894479697 | -0.09350712044412268 | 0 | 2 | 2 | 0
Lithuania | 26 | 2978.09 | 2996.969999999999 | 2779.96 | 2909.68 | 2576.27 | 2436.66 | 2481.77 | 2413.619999999999 | 2630.209999999999 | 2703.44 | 2687.97 | 2797.630000000001 | 2770 | 2667.159999999999 | 2734.74 | 2820.900000000001 | 2916.55 | 2850.259999999999 | 2875.26 | 2877.099999999999 | -0.2987721691678036 | -0.1719935475067254 | -0.09677419354838701 | 0.116504854368932 | 0.198715107648324 | 0.31442663378545 | -0.1582537517053206 | -0.02533608476335286 | 0.05684454756380508 | 10 | 16 | 17 | 9
Luxembourg | 56 | 165974.3999999999 | 167200.8 | 151105 | 149247.92 | 120798.4 | 108990.43 | 114516.19 | 111264.63 | 124173.98 | 124651.1 | 121270.94 | 129100.47 | 132037.49 | 127502.99 | 136680.6099999999 | 141766.2199999999 | 155020.33 | 146851.9600000001 | 155771.3899999999 | 158395.18 | -0.5009019009296518 | -0.3936201346210126 | -0.2217510380775688 | 0.1144137500709057 | 0.2443181818181817 | 0.4536473135742318 | -0.3733598748755865 | -0.2358609307231777 | -0.05193119117169753 | 9 | 47 | 47 | 9
Macau | 16 | 60968.66000000001 | 58443.23 | 54630.72000000001 | 52420.05 | 46664.04000000001 | 43088.92000000001 | 44108.06 | 41158.3 | 46099.09 | 48466.80999999999 | 47087.10000000001 | 48551.10999999999 | 48008.8 | 46146.05999999999 | 44833.39999999999 | 46172.32 | 50590.25999999999 | 50293.46000000001 | 49335.09000000001 | 47703.71000000001 | -0.2894406988889945 | -0.199943009118541 | -0.08118556701030932 | -0.00822622107969151 | 0.07108953311509436 | 0.1824742268041237 | -0.2319176716361219 | -0.1525709386679818 | -0.006926406926406892 | 3 | 13 | 13 | 3
Macedonia | 2 | 323.11 | 301.4 | 256.69 | 270.34 | 214.37 | 259.8 | 246.74 | 278.8 | 256.15 | 259.17 | 276.91 | 267.79 | 260.36 | 277.79 | 285.5 | 274.32 | 256.37 | 278.36 | 272.95 | 241.7 | -0.1832756994655769 | -0.1832756994655769 | -0.1832756994655769 | -0.06966897613548895 | -0.06966897613548895 | -0.06966897613548895 | -0.2401760452687834 | -0.2401760452687834 | -0.2401760452687834 | 0 | 1 | 1 | 0
Malawi | 8 | 1340.9 | 1157.6 | 1157.2 | 1161.5 | 927.3999999999999 | 1095.8 | 1091.3 | 1356.2 | 1145.3 | 1154.2 | 1334 | 2113.4 | 1195.5 | 955.4 | 1117.8 | 1069.9 | 1294.5 | 1253.6 | 1094 | 937.4000000000001 | 0.0006662225183211579 | 0.00316789862724387 | 0.02485380116959046 | 0.08421052631578951 | 0.09018987341772156 | 0.1069900142653353 | 0.08135006490696672 | 0.09414208649476574 | 0.1269153897401734 | 5 | 1 | 1 | 5
Malaysia | 865 | 399498.6399999999 | 390512.0500000009 | 371604.3499999996 | 373365.1309999992 | 323607.6800000003 | 296214.7299999997 | 312153.5899999996 | 309162.9600000006 | 321836.9400000002 | 330744.5500000006 | 323754.65 | 334755.2400000001 | 333253.7200000003 | 335505.3800000001 | 344765.7100000002 | 357555.5770000003 | 377954.9900000001 | 376054.3100000002 | 367545.9469999995 | 362064.1300000003 | -0.503454231433506 | -0.3793237465993005 | -0.2543921293042868 | 0.165680473372781 | 0.3876275510204081 | 0.6898734177215189 | -0.268041237113402 | -0.1600265604249668 | -0.03529411764705881 | 175 | 678 | 679 | 174
Mali | 1 | 30.1 | 28.5 | 29.3 | 28.3 | 28.7 | 25 | 22.2 | 22.9 | 23.7 | 24.3 | 27.7 | 25.7 | 25.6 | 24.7 | 24.9 | 26.1 | 26.4 | 26.5 | 26.4 | 29 | -0.1694352159468439 | -0.1694352159468439 | -0.1694352159468439 | 0.1599999999999999 | 0.1599999999999999 | 0.1599999999999999 | -0.03654485049833889 | -0.03654485049833889 | -0.03654485049833889 | 0 | 1 | 1 | 0
Malta | 30 | 8378.929999999998 | 8442.400000000001 | 7791.929999999999 | 7995.700000000001 | 6937.64 | 5827.100000000001 | 5992.599999999999 | 6249.6 | 5720.299999999999 | 6093.099999999999 | 6291.999999999999 | 6508.650000000001 | 6826.180000000001 | 6237.829999999999 | 6723.300000000001 | 7153.500000000002 | 7528.700000000001 | 7621.400000000002 | 7452.2 | 7491.499999999999 | -0.4290898391526089 | -0.2313418217433889 | -0.1025712688652879 | 0.006300630063006407 | 0.1919740354282941 | 0.7258320126782885 | -0.1829215431296055 | -0.03610875106202205 | 0.05738278516445061 | 11 | 16 | 16 | 11
Mauritius | 62 | 9274.280000000004 | 8998.879999999997 | 8794.13 | 8490.97 | 7591.380000000002 | 6378.81 | 727.35 | 700.5099999999999 | 7110.419999999999 | 6832.129999999998 | 6444.069999999998 | 6230.33 | 6309.440000000001 | 6324.000000000003 | 6342.160000000001 | 6322.91 | 6593.550000000002 | 6694.730000000001 | 6524.46 | 6480.100000000001 | -0.3189750386569472 | -0.2334884624826119 | -0.10337972166998 | -0.1294277929155314 | -0.0314104123092887 | 0.06297872340425537 | -0.3610005685048323 | -0.2656202618483824 | -0.137628111273792 | 6 | 56 | 57 | 5
Mexico | 117 | 442168.7000000001 | 432377.9000000001 | 384168.3999999997 | 377970.0000000001 | 323020.6800000002 | 270979.24 | 274581.01 | 256349.55 | 279226.6200000002 | 275782.3099999999 | 265667.82 | 275875.2500000001 | 293964.3599999999 | 275146.51 | 295162.58 | 306280.02 | 332352.1899999997 | 306659.34 | 317345.8100000002 | 306894.36 | -0.4665559772296015 | -0.3897581792318635 | -0.2993565906644486 | -0.08825264998360838 | 0.0979953484415883 | 0.2879886506935687 | -0.4645934204174773 | -0.3275257636193893 | -0.2357745711952083 | 6 | 104 | 104 | 6
Monaco | 11 | 5363.200000000002 | 5111.099999999999 | 4783 | 4459.300000000001 | 4144.8 | 3520.1 | 4088.7 | 3764.700000000001 | 3979.6 | 4293.099999999999 | 4072.2 | 3834 | 4261.5 | 3439 | 3536.100000000001 | 4261.1 | 4440.8 | 4240.4 | 4203.9 | 4079.1 | -0.5504201680672269 | -0.4214372716199756 | -0.2718670666974383 | 0.1406051820982062 | 0.1605839416058394 | 0.4542986425339366 | -0.4334853211743059 | -0.2582216808769793 | -0.1653872993719471 | 1 | 10 | 10 | 1
Mongolia | 3 | 99.5 | 108.6 | 104.5 | 97.2 | 88.8 | 75.1 | 88.8 | 88.2 | 96.29999999999998 | 100 | 98.1 | 107.3 | 122.1 | 122.8 | 123.1 | 124 | 123.7 | 121.2 | 131.3 | 150.5 | -0.3942857142857144 | -0.2903225806451613 | -0.1666666666666666 | 0.3905882352941177 | 1.235849056603774 | 2.077272727272728 | 0.1588235294117648 | 0.3542857142857143 | 1.183870967741936 | 3 | 0 | 0 | 3
Morocco | 53 | 62510.90000000002 | 63521.36000000001 | 62659.82000000002 | 59618.82999999997 | 54177.17 | 48265.53999999999 | 48509.37 | 44943.77999999997 | 44762.01 | 43247.83 | 43996.56999999999 | 46986.04 | 47622.32 | 46567.71000000001 | 48130.47000000002 | 49491.44999999999 | 51583.39000000004 | 49323.63999999999 | 52674.47999999999 | 51173.43000000001 | -0.272201644231638 | -0.230291576673866 | -0.155688622754491 | 0.007075471698113178 | 0.0791225189369753 | 0.1851351351351351 | -0.2167275854654913 | -0.1379721875036581 | -0.05319594857216892 | 6 | 46 | 46 | 6
Namibia | 10 | 2714.63 | 2545.09 | 2432.49 | 2372.9 | 2235.43 | 2043.77 | 1978.25 | 1930.9 | 2078.599999999999 | 1973.63 | 1922.37 | 1931.68 | 1969.28 | 1946.34 | 2066.63 | 2040.87 | 2135.52 | 2062.66 | 2026.5 | 2061.14 | -0.1998730964467005 | -0.1558565555047967 | -0.1496170212765957 | -0.07556449809970944 | -0.03780486428188107 | 0.1632352941176469 | -0.2381422924901186 | -0.1901308536643819 | -0.1263636363636365 | 1 | 9 | 9 | 1
Netherlands | 126 | 1299958.87 | 1282081.850000001 | 1132501.950000001 | 1140205.7 | 913332.1900000002 | 859528.77 | 956393.8499999997 | 927390.9099999997 | 1012828.269999999 | 1000153.2 | 992055.5600000005 | 1024493 | 1029800.23 | 991867.0599999999 | 1042285.99 | 1080569.99 | 1196520.680000001 | 1127848.82 | 1172632.800000001 | 1150493.259999999 | -0.4538884625223842 | -0.3577385020994043 | -0.2165672267086578 | 0.1325757575757576 | 0.2612451737451738 | 0.4710920770877944 | -0.3116383881230117 | -0.1677254866555491 | 0.01349907379231907 | 32 | 92 | 92 | 32
Netherlands Antilles | 2 | 12887 | 13055.8 | 11950.44 | 12436.74 | 11202.98 | 9305.08 | 10234.91 | 9886.730000000001 | 10889.88 | 10476.78 | 10450.34 | 10758.13 | 10704.95 | 10384.85 | 10942.69 | 11408.88 | 12445.05 | 12037.7 | 12141.67 | 11877.75 | -0.5345794392523364 | -0.4061572514481978 | -0.2777350636440592 | 0.05421686746987953 | 0.1654080219114109 | 0.2765991763529423 | -0.5093457943925233 | -0.2936514857659594 | -0.07795717713939554 | 0 | 2 | 2 | 0
New Zealand | 118 | 114247.48 | 114329.49 | 103077.21 | 106561.31 | 88683.14999999994 | 77204.12000000002 | 83961.96000000002 | 84400.21999999997 | 90176.84000000001 | 96105.74999999999 | 92860.45000000003 | 94647.26999999999 | 98658.76000000002 | 95226.96999999994 | 98202.32999999999 | 101830.77 | 110435.52 | 105630.0299999999 | 110072.78 | 108446.03 | -0.4544350715746421 | -0.3571634070695146 | -0.2489451476793249 | 0.2327044025157232 | 0.3668784046229661 | 0.6907601666906165 | -0.2349670811997074 | -0.1181921506984301 | 0.01612903225806428 | 32 | 86 | 87 | 31
Niger | 1 | 73.2 | 75.3 | 76.3 | 78.5 | 79 | 79.6 | 81.7 | 74.8 | 78.1 | 79.8 | 82.4 | 83.4 | 82.8 | 81.5 | 73.4 | 77.1 | 79.6 | 77.9 | 75.7 | 76.9 | 0.08743169398907091 | 0.08743169398907091 | 0.08743169398907091 | -0.03391959798994959 | -0.03391959798994959 | -0.03391959798994959 | 0.05054644808743181 | 0.05054644808743181 | 0.05054644808743181 | 1 | 0 | 0 | 1
Nigeria | 93 | 31861.50999999999 | 31631.6 | 29734.56 | 29986.88 | 24558.59 | 23655.71999999999 | 23272.94 | 21159.14999999998 | 22179.41999999999 | 24024.39000000001 | 23069.16 | 23684.29 | 25095.50999999998 | 24934.73999999998 | 25944.13999999999 | 25989.50999999999 | 25846.22 | 25953.96999999999 | 25366.00999999998 | 25195.89999999999 | -0.2506233632798306 | -0.1470588235294118 | -0.01794453507340954 | -0.04617253948967193 | 0.03884597910040899 | 0.1845841784989859 | -0.2013311148086523 | -0.08506224066390045 | -0.05103844793924583 | 19 | 74 | 74 | 19
Norway | 196 | 281396.5100000001 | 281168.8500000001 | 246108.1000000001 | 244731.35 | 184676.3799999999 | 159077.37 | 178939.8000000002 | 191955.9 | 203787.2100000001 | 202578.2099999999 | 194652.14 | 211449.2600000003 | 212846.1700000002 | 206158.22 | 218348.7500000001 | 229927.5099999999 | 256850.31 | 237804.0400000001 | 238672.08 | 230577.9999999998 | -0.5527852442302346 | -0.438226431338786 | -0.3504570172393845 | 0.2762073027090692 | 0.5399673735725941 | 0.8858078182168305 | -0.2775330396475771 | -0.1529920980937592 | -0.01492537313432829 | 48 | 148 | 148 | 48
Oman | 71 | 15555.06 | 15809.77 | 15536.16 | 15481.65 | 14191.11 | 13644.51 | 13342.29999999999 | 12722.02 | 13058.39 | 13246.7 | 13086.65 | 13270.39 | 13147.41 | 12888.75 | 12800.15000000001 | 13277.46 | 13237.9 | 13235.89 | 13279.66 | 13361.33 | -0.1822272215973003 | -0.09253065774804903 | -0.01358695652173914 | -0.0814606741573034 | 0 | 0.04659498207885315 | -0.2262996941896025 | -0.1340304182509506 | -0.01213592233009708 | 16 | 55 | 58 | 13
Pakistan | 269 | 48415.24999999996 | 48220.03000000003 | 45344.15000000005 | 45674.47999999999 | 42178.34000000002 | 36704.94999999996 | 32616.99000000001 | 35528.20000000002 | 35186.77000000004 | 36060.19 | 37394.53000000003 | 38259.60000000002 | 38079.37000000001 | 38728.88999999998 | 39411.21000000001 | 38074.72999999998 | 39076.42000000001 | 37996.44 | 37394.7 | 37466.77 | -0.3096565132858068 | -0.2356495468277945 | -0.1209677419354839 | -0.04932735426008972 | 0.08220829315332678 | 0.2277777777777779 | -0.2614770459081837 | -0.1625857002938296 | -0.03095238095238084 | 48 | 215 | 215 | 48
Palestinian Authority | 17 | 2964.6 | 2892.5 | 2937.8 | 2855.5 | 2852.300000000001 | 2672.100000000001 | 0 | 0 | 0 | 0 | 0 | 0 | 2550.400000000001 | 2457.3 | 2539.3 | 2392.7 | 2521.8 | 2560.5 | 2621.9 | 2644.2 | -0.09688073394495411 | -0.04270276292335123 | -0.03124999999999989 | -0.05437835077865716 | -0.02105802126069911 | -0.01428571428571435 | -0.1181651376146788 | -0.0847457627118644 | -0.01552106430155231 | 3 | 14 | 14 | 3
Panama | 2 | 5488.2 | 5332.2 | 4240.5 | 4023.6 | 3122.4 | 1771.3 | 2295.8 | 1817.4 | 2328.4 | 2541.8 | 2547.5 | 2253.7 | 2283.6 | 2060 | 2200.9 | 2333.6 | 2983.5 | 2761.3 | 2561.5 | 2477.6 | -0.7181215233204963 | -0.5803823042787695 | -0.4426430852370425 | 0.02666372851476417 | 0.2767853746938147 | 0.5269070208728652 | -0.5695977749251177 | -0.4986898233505471 | -0.4277818717759765 | 0 | 2 | 2 | 0
Papua New Guinea | 3 | 6860.099999999999 | 6646.7 | 5638.6 | 5332.299999999999 | 3424.3 | 2197.9 | 2323.9 | 2654.1 | 2779.9 | 2814.7 | 3547.9 | 3870.5 | 4055.9 | 3941.4 | 4534.5 | 4988.8 | 5406.6 | 4869.900000000001 | 5145.6 | 4633.7 | -0.6874660551565989 | -0.5192061459667093 | -0.3218543046357616 | 0.3144531249999998 | 0.6498002663115847 | 1.144477698397374 | -0.3297779252911713 | -0.2067861715749039 | -0.1086092715231789 | 0 | 3 | 3 | 0
Peru | 44 | 87420.3 | 86882.10000000006 | 83371.8 | 82155.10000000005 | 75778.59999999999 | 71945.40000000001 | 71991.40000000002 | 69611.40000000001 | 71366.80000000003 | 72185.00000000001 | 71841.59999999995 | 71895.40000000001 | 72875.49999999999 | 72325.50000000001 | 72500.40000000005 | 71832.6 | 74515.39999999998 | 74095.8 | 74168.20000000004 | 74170.29999999999 | -0.2418454935622317 | -0.1106206088392547 | -0.04536489151873779 | -0.06827309236947787 | -0.01378371688213598 | 0.09773286151262517 | -0.1904491725768321 | -0.1172210685131113 | -0.05650000000000011 | 3 | 41 | 42 | 2
Philippines | 240 | 250814.43 | 250682.3700000001 | 233189.58 | 234383.8099999999 | 200365.4 | 168641.6099999998 | 184948.0000000001 | 187886.1099999999 | 193448.5300000001 | 201142.7 | 193453.3300000002 | 199791.5900000001 | 197705.69 | 193787.0599999999 | 193651.4 | 200707.2200000001 | 222147.6300000001 | 221685.92 | 216114.5599999999 | 213015.9700000002 | -0.3908421913327882 | -0.272316846539033 | -0.1367637102234258 | 0.01518833535844477 | 0.1377049180327869 | 0.328125 | -0.2850424409268181 | -0.1578086672117743 | -0.05333333333333334 | 41 | 198 | 199 | 40
Poland | 417 | 140196.17 | 137951.9800000002 | 119280.18 | 124202.1500000001 | 94364.84999999993 | 94329.20000000014 | 96390.0399999999 | 94091.04999999996 | 101772.2 | 103994.33 | 101674.7 | 105778.2300000001 | 102698.51 | 99846.82999999999 | 105496.9400000001 | 114914.1300000001 | 126172.28 | 122458.2999999999 | 123001.73 | 120881.8000000001 | -0.3864077669902912 | -0.2896567031666173 | -0.2083333333333334 | 0.1799363057324841 | 0.3740831295843521 | 0.6666666666666667 | -0.1854166666666666 | -0.04060798548094369 | 0.2103825136612021 | 182 | 234 | 234 | 182
Portugal | 32 | 61347.13 | 62538.98999999999 | 55851.97000000002 | 56455.28000000002 | 45248.2 | 41838.01999999999 | 47394.69000000001 | 46701.47 | 48861.39 | 48423.74999999999 | 47599.81999999999 | 50106.55000000001 | 49953.79999999999 | 46447.93000000001 | 50362.76000000002 | 51965.60000000001 | 55362.70999999998 | 52187.48999999999 | 53534.50999999999 | 52331.3 | -0.4175198637007786 | -0.354759534738695 | -0.243595573745642 | 0.1144396268558665 | 0.227001615302609 | 0.3213372879734291 | -0.2880345826163595 | -0.2253789167943721 | -0.03235463041927 | 7 | 25 | 25 | 7
Qatar | 47 | 150369 | 150907.0000000001 | 144462.4 | 142907.7000000001 | 126688.4 | 134337.0999999999 | 131551.8 | 131337.9 | 139685.1000000001 | 132447.5000000001 | 131147 | 135620.3000000001 | 137212.2 | 136029.0999999999 | 138537.2 | 0 | 144077.5 | 143705 | 145340.9999999999 | 144177 | -0.2353583121134958 | -0.1381792011514933 | -0.05922944220816573 | 0.04140845070422539 | 0.162503241421039 | 0.3726678662752154 | -0.07903343023255816 | -0.01450000000000007 | 0.1056747908330302 | 22 | 25 | 25 | 22
Reunion | 1 | 59.2 | 55.1 | 48.5 | 48.3 | 50 | 46.4 | 40.7 | 44.9 | 44.4 | 42.6 | 41.2 | 43.1 | 41.8 | 41.6 | 41.5 | 42.8 | 40.8 | 38.1 | 39.2 | 38 | -0.2162162162162162 | -0.2162162162162162 | -0.2162162162162162 | -0.1810344827586207 | -0.1810344827586207 | -0.1810344827586207 | -0.3581081081081081 | -0.3581081081081081 | -0.3581081081081081 | 0 | 1 | 1 | 0
Romania | 57 | 24508.85 | 24363.74 | 22007.93 | 23435.92999999999 | 18776.21999999999 | 17331.98 | 18327.35999999999 | 18009.89 | 20088.93 | 19083.99999999999 | 18781.45999999999 | 19315.57999999999 | 19648.39 | 19378.85999999999 | 20482.97 | 21311.53999999999 | 21915.74 | 21583.90000000001 | 21152.74999999999 | 20949.67 | -0.3005035718468205 | -0.2513655119185442 | -0.1534828807556081 | 0.1038961038961039 | 0.1935924282428758 | 0.2759687563400284 | -0.1998778750254426 | -0.1116751269035533 | -0.003453772582359127 | 11 | 44 | 45 | 10
Russia | 185 | 732528.9200000004 | 733414.1500000001 | 622804.0899999994 | 599383.6000000003 | 465822.8499999998 | 430582.1 | 451212.34 | 498037.1700000003 | 544830.69 | 508953.0400000002 | 509139.6399999998 | 519277.5799999997 | 533231.2099999993 | 522803.4500000001 | 560538.5900000003 | 576192.2700000005 | 613997.2599999992 | 587387.9000000006 | 589808.8400000001 | 581453.6699999995 | -0.4394746183883563 | -0.3902385920348362 | -0.3267701628171148 | 0.2210526315789474 | 0.3348124243646631 | 0.4572301425661913 | -0.2509090909090909 | -0.1799219041590894 | -0.095641646489104 | 27 | 155 | 155 | 27
Saint Lucia | 4 | 159.21 | 169.33 | 184.93 | 160.92 | 139.74 | 123.17 | 115.59 | 139.5 | 145.33 | 138.74 | 117.74 | 131.86 | 128.04 | 128.55 | 144.81 | 147.48 | 132.56 | 108.91 | 154.93 | 144.22 | -0.1476190476190476 | -0.1446340481224202 | -0.1314791403286979 | -0.0640394088669951 | 0.02984346878338739 | 0.4221453287197232 | -0.1966173361522199 | -0.1103187818561353 | -0.009638554216867434 | 0 | 4 | 4 | 0
Saudi Arabia | 193 | 2248263.2 | 2285155.499999998 | 2243101.499999999 | 2214226.200000003 | 1932641.2 | 1946114.099999999 | 1979145.600000001 | 2098565.700000001 | 2139424.200000002 | 2009989.699999997 | 2002584.000000001 | 2122086.700000003 | 2056738.8 | 2087498.600000002 | 2195122.6 | 0 | 2167625.8 | 2181493.999999999 | 2225836.799999998 | 2194795.500000001 | -0.3043478260869565 | -0.2417417417417417 | -0.1753021342247363 | 0.1003252032520325 | 0.1835733195583391 | 0.2851637764932564 | -0.1888643399571349 | -0.1091011871113624 | -0.01072705601907042 | 44 | 149 | 149 | 44
Senegal | 3 | 2552.4 | 2557.1 | 2658.2 | 2686.4 | 2594 | 2341.2 | 2331.9 | 2264.8 | 2297.1 | 2283.2 | 2500.5 | 2467.2 | 2434.7 | 2486 | 2279.3 | 2424.8 | 2557 | 2458.2 | 2358.099999999999 | 2358.7 | -0.0870970415181902 | -0.02627257799671601 | 0.00768245838668391 | -0.006353240152477735 | 0.007625272331154731 | 0.02023608768971341 | -0.08013590784784952 | -0.006568144499178974 | 0.001280409731114096 | 1 | 2 | 2 | 1
Serbia | 15 | 2868.14 | 2342.58 | 2725.02 | 2814.939999999999 | 2430.78 | 2105.15 | 2246.89 | 2153.4 | 2242.43 | 2157.18 | 1647.13 | 1971.48 | 1965.4 | 1791.6 | 2189.94 | 2397.4 | 2239.6 | 1868.7 | 2035.81 | 2232.82 | -0.2298850574712644 | -0.1906300484652667 | -0.1786666666666666 | -0.03316812809759828 | 0.09907578558225505 | 0.1985559566787005 | -0.214476972509818 | -0.1671238069752921 | -0.04415584415584428 | 1 | 11 | 11 | 1
Singapore | 487 | 485594.3599999995 | 480867.8800000005 | 453866.8390000001 | 457613.7100000003 | 390550.1889999999 | 337848.8799999998 | 365761.5199999998 | 342578.0590000004 | 376831.3100000002 | 386958.8099999997 | 378150.229 | 396720.7989999996 | 394972.4220000002 | 390840.5060000001 | 395691.3809999997 | 404385.773 | 443730.7600000003 | 440089.5279999998 | 441417.6699999996 | 438065.6910000002 | -0.3890277928760373 | -0.2896333421260882 | -0.1924959216965741 | 0.07383177570093458 | 0.2178919397697077 | 0.4341637010676156 | -0.2342342342342342 | -0.1336772983114447 | -0.001428571428571446 | 114 | 355 | 367 | 102
Slovakia | 3 | 2418.5 | 2353.2 | 2496.9 | 2481.2 | 2258.7 | 2102.2 | 2293.5 | 2245.2 | 2082.6 | 2245.2 | 2076 | 2187.2 | 1971.9 | 2173.2 | 2137.2 | 2194.5 | 2240.7 | 2268.6 | 2258.9 | 2287 | -0.2621072088724584 | -0.1832776571545159 | -0.1044481054365733 | 0.04740880899821298 | 0.2018106169239562 | 0.3562124248496994 | -0.06199105671922811 | 0 | 0.0007393715341958984 | 2 | 1 | 2 | 1
Slovenia | 15 | 7698.400000000001 | 7603 | 7257.000000000001 | 7118.700000000001 | 5890.400000000001 | 5382.999999999999 | 5642.700000000001 | 5422.5 | 6225.600000000002 | 6361.099999999999 | 5971.500000000001 | 6143.6 | 6181.199999999999 | 6266.599999999999 | 6332.4 | 6528.2 | 7081.499999999999 | 6767.8 | 6814.700000000001 | 6868.4 | -0.3251670378619154 | -0.2851526364477335 | -0.1818181818181819 | 0.03712270151497621 | 0.1661389768371937 | 0.2225816887738594 | -0.1883479648842777 | -0.1571428571428571 | -0.077243018419489 | 3 | 10 | 10 | 3
South Africa | 240 | 416870.1799999995 | 410399.840000001 | 346273.7799999998 | 354321.3700000001 | 291433.6300000001 | 236152.45 | 247497.8299999998 | 235839.7299999998 | 269988.7700000005 | 258535.8300000001 | 262561.1 | 269209.0299999996 | 277392.5499999998 | 267118.3100000001 | 285100.76 | 284719.4399999999 | 324081.7300000003 | 313598.3400000001 | 312698.1099999999 | 303802.5199999998 | -0.4742719509524852 | -0.3518361176704258 | -0.2373158756137479 | -0.09623222984392077 | 0.05603035426532355 | 0.3300000000000001 | -0.4334893821534737 | -0.3187588030142743 | -0.1996434937611409 | 21 | 219 | 219 | 21
South Korea | 2167 | 1427772.440000002 | 1347872.449999996 | 1238577.899999999 | 1296715.26 | 1096554.580000001 | 937142.1800000009 | 1059924 | 1060249.3 | 1166982.770000001 | 1198791.139999997 | 1168128.169999997 | 1210606.85 | 1224995.920000002 | 1204034.23 | 1221600.399999995 | 1260092.489999999 | 1388484.589999999 | 1358721.750000001 | 1360041.870000002 | 1364454.819999997 | -0.5053435114503817 | -0.4230839249954488 | -0.3100381194409149 | 0.3317535545023695 | 0.5739644970414204 | 0.896321070234114 | -0.2045028142589118 | -0.08038585209003213 | 0.08840720896249388 | 739 | 1426 | 1429 | 736
Spain | 171 | 757561.7499999992 | 756165.6599999996 | 680002.7399999995 | 673849.8800000001 | 523091.4799999994 | 492970.2399999998 | 535368.75 | 507056.3100000003 | 553758.8000000003 | 538546.3599999998 | 514764.2099999998 | 546652.6100000001 | 530748.3100000002 | 507638.29 | 527105.3499999999 | 569389.1299999998 | 636718.7099999997 | 586551.8400000001 | 594340.1700000004 | 577349.92 | -0.4153846153846154 | -0.3093525179856116 | -0.1383812010443864 | 0.0439814814814814 | 0.1466345127833026 | 0.3388429752066116 | -0.3064516129032259 | -0.1667646527819571 | -0.00325520833333337 | 42 | 129 | 129 | 42
Sri Lanka | 187 | 13387.08 | 13070.90000000001 | 12782.20999999999 | 12040.49999999999 | 10728.24 | 8878.040000000003 | 0 | 0 | 0 | 0 | 0 | 0 | 0 | 9256.470000000005 | 10306.57000000001 | 10621.32999999999 | 10369.95 | 10846.03000000001 | 10579.64 | 11371.08 | -0.3515981735159818 | -0.2839141414141414 | -0.2033898305084746 | 0.09523809523809512 | 0.2181053540361295 | 0.3836317135549872 | -0.1904761904761905 | -0.1261101243339254 | -0.04838709677419362 | 27 | 156 | 156 | 27
Sudan | 2 | 161.3 | 167.2 | 156 | 160 | 153.3 | 150.6 | 141.8 | 92.6 | 94.6 | 96 | 96.7 | 156.2 | 152.9 | 149.6 | 147.6 | 96 | 150.5 | 145.2 | 143.4 | 139.2 | -0.1672268907563026 | 0.02513359953910643 | 0.2174940898345155 | -0.1669902912621359 | -0.09762228992975613 | -0.02825428859737633 | -0.1907563025210084 | -0.0882859526789439 | 0.01418439716312059 | 1 | 1 | 1 | 1
Sweden | 665 | 845890.4600000003 | 847380.0700000009 | 751139.1499999993 | 765071.4200000002 | 609091.42 | 551330.9499999995 | 601870.8899999983 | 593176.7899999995 | 659680.0799999996 | 663888.3499999996 | 657077.4000000004 | 696861.7899999992 | 703141.9000000001 | 667842.6200000003 | 713841.6199999996 | 766186.5850000001 | 835699.8239999992 | 761612.0080000014 | 786629.8250000001 | 787459.9659999999 | -0.4526819923371648 | -0.3810597519729425 | -0.2712418300653595 | 0.2512001864367279 | 0.4605203161414531 | 0.7448766206608113 | -0.2390761548064918 | -0.09128630705394203 | 0.1156196528966023 | 249 | 414 | 415 | 248
Switzerland | 245 | 2070831.64 | 2070032.320000001 | 1857672.24 | 1899930.880000001 | 1600247.239999999 | 1557963.510000001 | 1670827.71 | 1671776.280000002 | 1755935.539999997 | 1783328.95 | 1772202.970000002 | 1793292.93 | 1792185.609999999 | 1746514.8 | 1793522.36 | 1842576.32 | 1908503.950000001 | 1847424.760000001 | 1927719.440000002 | 1894942.05 | -0.3624887285843102 | -0.2614509290193556 | -0.1550025479870902 | 0.08490370677158832 | 0.21006544798014 | 0.3941438464411942 | -0.2051892027597777 | -0.1158964870904982 | -0.007277538868673439 | 58 | 186 | 186 | 58
Taiwan | 1860 | 1294441.04 | 1266383.249999997 | 1230415.560000004 | 1245847.609999998 | 1103909.140000003 | 999153.7200000026 | 1053488.089999998 | 1047314.740000001 | 1110637.760000005 | 1155925.849999999 | 1131365.010000002 | 1207795.18 | 1202841.509999999 | 1190072.540000001 | 1188520.389999997 | 1209096.130000002 | 1282207.72 | 1277171.920000004 | 1298043.9 | 1312386.679999997 | -0.3353783231083844 | -0.2518853695324285 | -0.1649831649831649 | 0.2209302325581395 | 0.3600486244734517 | 0.56579209896249 | -0.07217573221757312 | 0.01285537700865258 | 0.1413043478260871 | 1026 | 831 | 842 | 1015
Tanzania | 8 | 3267.4 | 3265.3 | 3286.23 | 3256.219999999999 | 3206.719999999999 | 3191 | 3177.4 | 3178.98 | 3160.74 | 3165.6 | 3190.18 | 3191.86 | 3190.96 | 3189.86 | 3186.659999999999 | 3188.76 | 3205.36 | 3193.26 | 3191.559999999999 | 3185.559999999999 | -0.09999999999999998 | -0.04455445544554459 | 0 | -0.004726270185112291 | -0.004631088620074109 | -0.004347826086956386 | -0.1920000000000001 | -0.04889778855790267 | -0.004598813990076223 | 1 | 7 | 7 | 1
Thailand | 732 | 521969.4099999998 | 507432.8499999999 | 456233.4699999994 | 464639.7200000001 | 378013.33 | 368256.8100000003 | 361745.3899999994 | 367733.5799999997 | 401151.3999999997 | 407396.829999999 | 414336.6899999993 | 428144.0100000006 | 419821.1699999998 | 426565.9199999996 | 436205.2200000003 | 450125.9800000003 | 488409.2399999996 | 477936.19 | 474540.6300000002 | 461226.4200000004 | -0.3841269841269842 | -0.2996432818073722 | -0.2070707070707072 | 0.142518294
