Source: http://www.stern.nyu.edu/~adamodar/pc/blog/IndustryJune26.xlsx

Sheet: Pivot 1
Industry | count | sum(Market Capitalization [My Setting] [02/14/2020] ($USDmm, Historical rate)) | sum(Market Capitalization [My Setting] [02/21/2020] ($USDmm, Historical rate)) | sum(Market Capitalization [My Setting] [02/28/2020] ($USDmm, Historical rate)) | sum(Market Capitalization [My Setting] [03/06/2020] ($USDmm, Historical rate)) | sum(Market Capitalization [My Setting] [03/13/2020] ($USDmm, Historical rate)) | sum(Market Capitalization [My Setting] [03/20/2020] ($USDmm, Historical rate)) | sum(Market Capitalization [My Setting] [03/27/2020] ($USDmm, Historical rate)) | sum(Market Capitalization [My Setting] [04/03/2020] ($USDmm, Historical rate)) | sum(Market Capitalization [My Setting] [04/10/2020] ($USDmm, Historical rate)) | sum(Market Capitalization [My Setting] [04/17/2020] ($USDmm, Historical rate)) | sum(Market Capitalization [My Setting] [04/24/2020] ($USDmm, Historical rate)) | sum(Market Capitalization [My Setting] [05/01/2020] ($USDmm, Historical rate)) | sum(Market Capitalization [My Setting] [05/08/2020] ($USDmm, Historical rate)) | sum(Market Capitalization [My Setting] [05/15/2020] ($USDmm, Historical rate)) | sum(Market Capitalization [My Setting] [05/22/2020] ($USDmm, Historical rate)) | sum(Market Capitalization [My Setting] [05/29/2020] ($USDmm, Historical rate)) | sum(Market Capitalization [My Setting] [06/05/2020] ($USDmm, Historical rate)) | sum(Market Capitalization [My Setting] [06/12/2020] ($USDmm, Historical rate)) | sum(Market Capitalization [My Setting] [06/19/2020] ($USDmm, Historical rate)) | sum(Market Capitalization [My Setting] [06/26/2020] ($USDmm, Historical rate)) | q1(% Market Cap Change (2/14-3/20)) | median(% Market Cap Change (2/14-3/20)) | q3(% Market Cap Change (2/14-3/20)) | q1(% Change in Market Cap (3/20-6/26)) | median(% Change in Market Cap (3/20-6/26)) | q3(% Change in Market Cap (3/20-6/26)) | q1(% Market Cap Change (2/14-6/26)) | median(% Market Cap Change (2/14-6/26)) | q3(% Market Cap Change (2/14-6/26)) | [% Market Cap Change (2/14-6/26) < 0.00%] | [% Market Cap Change (2/14-6/26) > 0.00%]
FALSE | TRUE | FALSE | TRUE
Advertising | 257 | 174747.0900000003 | 174584.57 | 154184.8899999998 | 152468.31 | 128877.2499999999 | 109435.02 | 118132.6199999999 | 112533.1400000001 | 127232.9700000001 | 127874.26 | 126807.3900000001 | 133788.672 | 137221.9070000002 | 134650.88 | 136722.8199999998 | 145469.8900000001 | 158856.4899999999 | 150773.2899999999 | 152763.8399999998 | 149006.12 | -0.4925735071233707 | -0.3653861670558305 | -0.1911764705882353 | 0.0760330578512396 | 0.3210899523293436 | 0.6320830007980847 | -0.3151996264300724 | -0.1686746987951807 | 0.01388888888888884 | 67 | 186 | 187 | 66
Aerospace/Defense | 210 | 1217792.03 | 1205560.12 | 1053779.609999999 | 1036080.98 | 838410.3099999997 | 674121.1800000009 | 792231.9000000001 | 683535.7100000003 | 820920.4 | 832693.8599999993 | 782668.7699999996 | 798989.05 | 793462.7699999999 | 742624.7900000003 | 783897.4500000007 | 835678.5200000014 | 958991.6000000008 | 880005.3999999998 | 878905.1000000009 | 827765.7500000003 | -0.4831168831168832 | -0.3675213675213674 | -0.1925183909845046 | 0.06239692138537656 | 0.2558660893737439 | 0.4470778346350659 | -0.3217502718108728 | -0.1862745098039216 | -0.02821881961879846 | 47 | 162 | 163 | 46
Air Transport | 151 | 556327.5500000005 | 546864.0299999997 | 463251.2599999997 | 454688.3899999998 | 380650.2099999999 | 313615.2 | 338365.0299999997 | 304624.0100000002 | 347627.8099999998 | 348628.2000000001 | 332802.5700000001 | 351729.9500000002 | 334248.3700000002 | 319059.1500000002 | 334790.28 | 361043.85 | 424196.7800000001 | 402831.8700000003 | 395722.7700000002 | 374645.52 | -0.6119221411192215 | -0.4347400931173101 | -0.2458471760797343 | 0.05340287056592397 | 0.2641955875393708 | 0.5112523621370899 | -0.4336960647855245 | -0.2612636473323326 | -0.09879134177913262 | 18 | 133 | 133 | 18
Apparel | 852 | 1065182.660000003 | 1050762.060000002 | 959635.6600000005 | 961728.0200000021 | 798238.6299999987 | 754566.7 | 829965.3200000004 | 765432.780000001 | 849293.1100000006 | 867452.6199999999 | 824512.1999999993 | 858280.040000001 | 850659.719999998 | 812943.3099999999 | 853186.9200000005 | 914487.4400000008 | 1015644.759999999 | 942346.2899999996 | 950163.7599999983 | 936446.1199999992 | -0.4044117647058824 | -0.2653545826932924 | -0.1266025641025641 | -0.01061504839213245 | 0.1582733812949639 | 0.41626213592233 | -0.2818955042527339 | -0.1554408781768286 | -0.0175658720200752 | 186 | 652 | 656 | 182
Auto & Truck | 128 | 1203326.660000001 | 1222430.229999999 | 1096567.189999999 | 1100147.33 | 925887.0399999993 | 809715.7300000003 | 910678.1600000003 | 822506.9400000002 | 941425.0900000002 | 976378.8999999992 | 943330.6299999995 | 975519.1 | 1007658.56 | 970327.3200000001 | 999071.6499999999 | 1049015.96 | 1144983.94 | 1115832.619999999 | 1155476.4 | 1138077.620000001 | -0.4313378799360108 | -0.2808922563932474 | -0.1271227235416058 | 0.08220829315332678 | 0.3427124589578305 | 0.5726741027776772 | -0.2112676056338028 | -0.1136889157961362 | 0.08896251607160521 | 44 | 84 | 84 | 44
Auto Parts | 642 | 535197.9099999995 | 537150.7999999996 | 493199.9400000002 | 483354.5399999999 | 413919.47 | 357573.7400000002 | 388090.9200000003 | 358159.9900000004 | 405468.4600000003 | 409040.7099999997 | 402859.0099999993 | 418299.2799999993 | 427558.2100000007 | 414351.53 | 426876.5100000007 | 450409.7700000006 | 490813.6600000006 | 469261.2300000002 | 467762.6899999993 | 468084.65 | -0.4591754244139046 | -0.347920704022958 | -0.1895861148197597 | 0.09441670449387196 | 0.2577198093220339 | 0.4887218045112782 | -0.256926952141058 | -0.155935030092089 | -0.03015075376884413 | 134 | 507 | 509 | 132
Bank (Money Center) | 606 | 6819218.060000004 | 6728652.959999998 | 6163339.730000006 | 5954918.950000007 | 5212522.619999996 | 4629627.160000001 | 4846554.439999999 | 4583462.950000007 | 4999462.439999996 | 4845789.489999997 | 4690566.590000001 | 4930121.440000007 | 4849702.989999986 | 4656445.240000003 | 4718731.890000007 | 4743574.239999996 | 5517856.900000003 | 5228347.300000001 | 5222872.58000001 | 5096433.899999999 | -0.4076636859779389 | -0.2881458831378217 | -0.1505980688860067 | -0.008690254500310357 | 0.09076712823740596 | 0.238988816822687 | -0.3242026893008347 | -0.2021735404760609 | -0.09879725085910651 | 56 | 542 | 542 | 56
Banks (Regional) | 773 | 1008283.83 | 997719.2200000003 | 889201.6300000004 | 847994.1999999989 | 746410.3799999987 | 652947.0600000002 | 703916.3599999998 | 640396.3499999996 | 741362.9299999991 | 700572.2799999998 | 697545.239999999 | 734234.4099999991 | 735481.5599999995 | 679928.6300000008 | 711241.5100000013 | 758277.4600000017 | 839958.4399999991 | 776958.9800000001 | 781391.7600000009 | 740606.6200000015 | -0.4038518960883846 | -0.2966242011347578 | -0.1971640783254557 | -0.01199466903598401 | 0.09378531073446328 | 0.2246376811594204 | -0.3379640718562874 | -0.2444196428571428 | -0.1143552311435524 | 57 | 688 | 688 | 57
Beverage (Alcoholic) | 191 | 1145417.720000001 | 1150303.73 | 1032096.790000001 | 1073590.959999998 | 939350.4199999996 | 873598.9899999996 | 916856.7899999996 | 906174.7899999993 | 979036.0399999993 | 989075.6400000005 | 970831.8100000002 | 1005830.92 | 1018850.550000001 | 1002991.560000001 | 1013209.909999999 | 1065228.320000001 | 1153669.670000001 | 1113443.34 | 1131789.14 | 1146816.990000001 | -0.3363085353703089 | -0.2213714152733522 | -0.1088807785888078 | 0.06042884990253405 | 0.1988795518207283 | 0.4042119535694264 | -0.1858585858585859 | -0.06442118853333428 | 0.07283854973659754 | 67 | 123 | 125 | 65
Beverage (Soft) | 73 | 702818.8199999997 | 700649.28 | 630949.4999999998 | 649420.0900000001 | 577077.0899999999 | 480815 | 529419.4900000001 | 536796.0100000005 | 590098.3100000003 | 588355.6000000002 | 569792.8599999998 | 566379.3200000006 | 580815.5499999997 | 566746.0700000002 | 572976.06 | 589893.4699999996 | 609321.96 | 580731.9999999998 | 590723.26 | 570156.0899999999 | -0.3696862048549439 | -0.2999194832077791 | -0.1765217391304347 | 0.1188308489481655 | 0.2460401267159451 | 0.3888888888888888 | -0.2140158955607264 | -0.1077576714138893 | 0.01086218601493538 | 18 | 54 | 54 | 18
Broadcasting | 122 | 164660.33 | 156378.17 | 139774.2699999999 | 133092.58 | 113272.302 | 93940.17000000007 | 100437.3200000001 | 93184.4219999999 | 108423.11 | 107729.63 | 103681.91 | 108597.14 | 110075.7219999999 | 106327.1619999999 | 111355.5720000001 | 118125.3400000001 | 130643.52 | 119747.5400000001 | 121051.042 | 115657.3 | -0.4507242260721386 | -0.3258754863813229 | -0.1907605279698302 | 0.006348246674727775 | 0.165680473372781 | 0.4019607843137256 | -0.3532536520584328 | -0.2059105779716466 | -0.0708333333333333 | 23 | 97 | 97 | 23
Brokerage & Investment Banking | 391 | 826030.9299999994 | 853986.2999999984 | 771569.9400000004 | 780969.8100000005 | 722748.7899999993 | 635213.4799999996 | 669911.8699999992 | 651673.0800000005 | 704189.7000000007 | 704014.4399999991 | 679038.1000000003 | 704081.8400000015 | 719166.0900000015 | 690470.1800000009 | 687859.0999999997 | 713667.7900000009 | 777207.8200000005 | 743525.0800000008 | 769891.3999999998 | 760241.9900000013 | -0.3788235294117647 | -0.2275132275132274 | -0.1033434650455927 | 0.005383580080753569 | 0.2004792566049501 | 0.4950953678474115 | -0.2071005917159765 | -0.0709411307389971 | 0.05140409328891016 | 133 | 256 | 257 | 132
Building Materials | 363 | 439789.1200000002 | 440422.1499999998 | 400193.5499999999 | 404031.8199999999 | 342369.4400000004 | 297052.3 | 324463.6400000002 | 305075.4599999994 | 343263.99 | 337879.7700000002 | 331670.67 | 343505.0100000002 | 354730.6299999996 | 343826.1000000003 | 363088.1600000004 | 384068.8000000004 | 413806.7900000001 | 388412.27 | 398160.1399999997 | 393355.4800000001 | -0.4058759521218717 | -0.2999999999999999 | -0.1764976958525346 | 0.08393956351426968 | 0.253125 | 0.4802757836377851 | -0.2121982210927573 | -0.1125 | -0.02548262548262548 | 76 | 285 | 287 | 74
Business & Consumer Services | 719 | 911626.6900000015 | 899433.3300000012 | 812079.8200000017 | 820885.9200000005 | 687111.1400000007 | 593407.478000001 | 662378.6199999999 | 626099.6899999998 | 700599.7 | 714573.2099999993 | 695671.6100000005 | 725129.4699999976 | 743273.9100000017 | 721790.890000001 | 751928.6500000008 | 786508.48 | 829332.7100000003 | 793007.7400000008 | 806260.2799999997 | 793849.1509999981 | -0.4667173830353747 | -0.3501892505677517 | -0.2135493372606776 | 0.08849557522123885 | 0.3008919409582445 | 0.5578600823045268 | -0.2978803936411809 | -0.1480736123546981 | 0 | 180 | 534 | 537 | 177
Cable TV | 56 | 552184.2000000001 | 552848.7000000001 | 493831.6799999999 | 492371.1699999999 | 450746.8199999999 | 391847.1999999998 | 427374.3800000001 | 417378.2999999999 | 459605.27 | 471407.3099999999 | 468904.7000000001 | 457428.4999999998 | 457668.2000000002 | 446418.0000000001 | 465909.4999999999 | 488780.1999999999 | 509222.9000000003 | 483799.7999999999 | 488114.9000000001 | 469028.6000000002 | -0.4279015240328253 | -0.276583958470947 | -0.1682926829268292 | 0.1116576261836904 | 0.2259692923801564 | 0.5720524017467248 | -0.2550427964326331 | -0.1071364169582918 | 0.03143917203671154 | 17 | 39 | 39 | 17
Chemical (Basic) | 708 | 714409.6299999999 | 720288.2299999999 | 663556.0999999997 | 677177.1600000001 | 569688.7400000002 | 528339.7700000004 | 550870.679999999 | 553446.2700000011 | 596904.6599999983 | 599041.009999999 | 592257.1600000003 | 613442.0299999997 | 608455.056 | 602872.0099999993 | 617213.0500000004 | 536391.4800000006 | 678461.2000000007 | 663371.7500000006 | 674464.2199999994 | 664962.0599999995 | -0.3732057416267942 | -0.246470038459532 | -0.07949526813880126 | 0.03682992672580032 | 0.2434289252849401 | 0.4538470103551944 | -0.1746198217094913 | -0.07732646048109965 | 0.0462633451957295 | 238 | 466 | 468 | 236
Chemical (Diversified) | 71 | 211982.7399999999 | 206390.46 | 188147.88 | 188148.09 | 149519.6 | 139675.7399999999 | 147365.4599999999 | 141124.0800000001 | 161041.35 | 158590.59 | 156378.76 | 164815.3300000001 | 163759.29 | 158684.61 | 163135.8400000001 | 171981.8700000001 | 194092.09 | 180120.7000000002 | 182012.34 | 176990.22 | -0.3875857785139613 | -0.3149673388241977 | -0.2394067796610169 | 0.1212590299277605 | 0.2839248434237998 | 0.4821546909022059 | -0.2076055715233253 | -0.1365496879822854 | -0.01477832512315269 | 16 | 55 | 55 | 16
Chemical (Specialty) | 712 | 1314754.169999999 | 1307910.910000001 | 1174734.549999999 | 1200871.150000002 | 1054486.76 | 957818.7600000008 | 1019982.429999999 | 994406.6499999999 | 1109519.609999999 | 1114668.68 | 1107327.62 | 1128284.89 | 1158900.380000001 | 1131111.400000001 | 1169699.259999998 | 1208357.370000001 | 1285602.290000003 | 1227891.599999999 | 1255264.930000002 | 1237647.06 | -0.4001399906672888 | -0.265760197775031 | -0.1179647948484398 | 0.08598726114649691 | 0.2796747967479676 | 0.5428571428571429 | -0.1732682926829269 | -0.05759906807289578 | 0.08382352941176485 | 265 | 441 | 445 | 261
Coal & Related Energy | 181 | 171599.1600000001 | 168568.7299999999 | 163703.3099999998 | 167002.37 | 150173.48 | 139101.91 | 142688.74 | 146587.7199999999 | 146453.18 | 153213.95 | 142096.63 | 146913.73 | 147065.4399999999 | 142612.0699999999 | 149990.5 | 153327.5800000001 | 157842.0800000002 | 156182.9 | 154511.603 | 150233.5080000001 | -0.4467289719626167 | -0.316953316953317 | -0.103825136612022 | 0 | 0.200755429691267 | 0.617710583153348 | -0.2608490751286181 | -0.1198880134031202 | 0.006446719757299935 | 45 | 135 | 135 | 45
Computer Services | 797 | 1106485.999999999 | 1102476.860000002 | 988032.1800000003 | 993891.51 | 859768.0800000001 | 776119.639999999 | 845203.9799999997 | 799622.5199999987 | 895377.6899999998 | 902123.5300000014 | 902923.9199999995 | 938717.7699999998 | 951632.6199999982 | 924111.5399999989 | 952616.4299999998 | 983970.2499999994 | 1023301.06 | 990450.8600000002 | 1004083.240000001 | 1016055.19 | -0.4210526315789475 | -0.3270142180094787 | -0.1768716577540106 | 0.1567321747604353 | 0.3650155238517457 | 0.6374045801526718 | -0.1835443037974683 | -0.06501547987616096 | 0.07443365695792892 | 291 | 500 | 502 | 289
Computers/Peripherals | 299 | 2218246.179999997 | 2140932.980000002 | 1901447.830000001 | 1990369.020000001 | 1842241.69 | 1566776.910000001 | 1698672.65 | 1648001.700000001 | 1804198.810000001 | 1880953.210000002 | 1858322.199999999 | 1885009.550000002 | 1991791.929999998 | 1965214.080000003 | 2018028.81 | 2035494.95 | 2149931.790000001 | 2150864.479999997 | 2210304.799999998 | 2230541.98 | -0.4005774088776616 | -0.3014360367755345 | -0.180952380952381 | 0.1570239111870197 | 0.3304562268803948 | 0.6490486257928116 | -0.2085561497326203 | -0.06588447653429597 | 0.1331421102316463 | 125 | 172 | 172 | 125
Construction Supplies | 661 | 1037820.1 | 1031323.689999999 | 962720.4399999997 | 970100.7299999997 | 838020.3199999989 | 750288.8199999995 | 800720.8200000002 | 795827.4700000002 | 868300.4599999998 | 863817.7299999992 | 848799.71 | 880970.6299999991 | 885502.7300000004 | 859568.4100000007 | 871803.9300000007 | 896190.0200000004 | 979429.3799999985 | 934218.8599999995 | 951076.2000000002 | 933031.2100000002 | -0.4356261022927689 | -0.2996738846395605 | -0.1243653341114677 | 0.06527281998980117 | 0.2250922509225093 | 0.4792148166656254 | -0.2387931034482759 | -0.1284378952413091 | 0 | 165 | 493 | 494 | 164
Diversified | 288 | 1723449.55 | 1707190.589999999 | 1549378.72 | 1538581.88 | 1361286.57 | 1189657.109999999 | 1279197.439999999 | 1253893.41 | 1367586.480000001 | 1352477.409999999 | 1311492.100000001 | 1337263.15 | 1325647.54 | 1267019.839999999 | 1322611.789999999 | 1370253.19 | 1521502.770000002 | 1411825.760000002 | 1423786.12 | 1386962.949999998 | -0.4072843280606141 | -0.2967573827446438 | -0.1819444444444445 | 0.03433934094059921 | 0.1804043545878693 | 0.4074074074074074 | -0.2545090180360722 | -0.1489527947312161 | -0.04069767441860461 | 50 | 236 | 238 | 48
Drugs (Biotechnology) | 906 | 1406748.249999999 | 1413653.73 | 1315035.638000003 | 1371465.174000001 | 1219894.182 | 1133019.201 | 1210546.969999998 | 1239889.79 | 1326761.599999998 | 1420485.549999997 | 1438929.880000001 | 1399512.335 | 1486790.209999997 | 1530232.029999998 | 1542930.899999998 | 1559180.459999998 | 1561529.609999998 | 1547859.009999997 | 1654231.27 | 1646730.633000003 | -0.4292155094679893 | -0.3141714559386973 | -0.1793049961221885 | 0.293470680826476 | 0.6211110066735595 | 1.114851485148515 | -0.1207865168539326 | 0.1089947879119332 | 0.4885514581826949 | 552 | 350 | 352 | 550
Drugs (Pharmaceutical) | 1071 | 3565037.000000002 | 3548352.040000001 | 3244659.199999996 | 3390428.756999997 | 3008031.346999997 | 2838347.78699999 | 3034021.261999997 | 3133383.584 | 3297466.866000003 | 3435864.887999997 | 3477495.619999997 | 3433143.042000005 | 3458134.285999997 | 3481424.779999998 | 3461070.684000003 | 3541249.904000007 | 3572696.680000002 | 3493132.876 | 3624515.917 | 3574890.412000003 | -0.4063647490820074 | -0.2750203417412531 | -0.1221032303370787 | 0.09644670050761439 | 0.3834126668805998 | 0.7690677966101696 | -0.1557600103667228 | -0.0114358322744601 | 0.2081693286924087 | 514 | 555 | 558 | 511
Education | 187 | 192875.2000000002 | 196140.5599999999 | 185682.76 | 186822.6599999999 | 169105.87 | 150743.2400000001 | 161964.8700000002 | 152098.47 | 161821.39 | 164555.4000000002 | 160420.74 | 172752.1700000001 | 181901.5499999999 | 179029.7599999999 | 176185.2200000003 | 182403.2599999999 | 198349.88 | 193953.3899999998 | 203762.4599999999 | 200731.98 | -0.387218045112782 | -0.2559874189931753 | -0.1457650009646921 | 0.0702479338842974 | 0.2376681614349774 | 0.4840499306518724 | -0.2296173044925125 | -0.09171410499683741 | 0.1234177215189873 | 63 | 122 | 123 | 62
Electrical Equipment | 770 | 895918.6699999997 | 923346.9099999999 | 836094.8800000008 | 863310.9699999987 | 751799.16 | 679120.8599999988 | 720822.2200000001 | 690477.8900000004 | 742123.5899999986 | 751293.0400000003 | 739278.4500000002 | 769050.5699999998 | 776915.5700000009 | 760124.5799999997 | 773328.8899999988 | 808335.7000000007 | 869482.8299999996 | 840663.8700000002 | 859289.1799999998 | 859995.4999999991 | -0.3965517241379309 | -0.2520535992961508 | -0.06725627313862603 | 0.003969128996692328 | 0.2240674338805348 | 0.4981549815498154 | -0.1852970795568982 | -0.063862607980255 | 0.06911142454160779 | 283 | 483 | 484 | 282
Electronics (Consumer & Office) | 122 | 216481.25 | 217998.5199999999 | 199805.8599999999 | 205183.6899999999 | 173668.2999999999 | 161099.1799999998 | 177155.9 | 167776.8499999999 | 179699.3099999998 | 184264.6800000002 | 177554.67 | 184755.2600000002 | 188816.48 | 186671.8699999999 | 187629.7799999999 | 194833.6100000001 | 203600.0099999998 | 205683.19 | 211706.2099999999 | 208812.6500000001 | -0.4098360655737705 | -0.3051020408163266 | -0.1935483870967742 | 0.06427818756585868 | 0.2716763005780347 | 0.5505270810614322 | -0.239978896904497 | -0.1091178721775737 | 0.0812733758304729 | 38 | 84 | 84 | 38
Electronics (General) | 1211 | 1445382.89 | 1480484.969999999 | 1357913.200000001 | 1385583.780000002 | 1224733.499999997 | 1086510.380000001 | 1153346.770000001 | 1131973.439999998 | 1205297.160000003 | 1228171.320000002 | 1206958.009999998 | 1269356.169999999 | 1306517.279999999 | 1283767.230000002 | 1266214.380000001 | 1298682.559999999 | 1392350.309999998 | 1361359.17 | 1405708.689999997 | 1418755.950000002 | -0.4173228346456692 | -0.2967032967032967 | -0.1446417547299995 | 0.1106802960874165 | 0.3190612297723656 | 0.5913978494623657 | -0.1778846153846154 | -0.0643277328706251 | 0.07028329317936355 | 449 | 758 | 765 | 442
Engineering/Construction | 1027 | 748091.3199999982 | 741920.7200000015 | 690598.5099999993 | 702405.7700000006 | 601081.1699999993 | 548682.54 | 587527.3799999992 | 562988.1600000003 | 611698.0699999987 | 611793.3500000014 | 600302.820000001 | 620312.6099999995 | 621480.728 | 594275.8879999998 | 605821.7990000008 | 630076.3499999995 | 666906.2000000002 | 632219.0030000005 | 647974.3830000008 | 634773.105 | -0.4071385359951604 | -0.2782823757286123 | -0.128526645768025 | 0.03861517976031958 | 0.2307692307692308 | 0.4533333333333334 | -0.2388527896034058 | -0.1108857336037864 | 0.0271270036991369 | 294 | 725 | 731 | 288
Entertainment | 517 | 1115169.99 | 1109505.289999998 | 1009826.569999999 | 1019375.949999999 | 906300.5900000005 | 842965.1200000003 | 909956.0000000006 | 905811.9419999996 | 957396.0100000002 | 1016960.380000001 | 997969.3199999997 | 1001096.66 | 1047679.35 | 1062074.560000001 | 1083836.983999999 | 1090737.213 | 1131953.221000002 | 1123309.534000001 | 1184849.255000002 | 1179997.197 | -0.434326710816777 | -0.3022328548644339 | -0.149803536345776 | 0.08237278605566489 | 0.3555155830691924 | 0.7303272408886943 | -0.246236559139785 | -0.04633204633204635 | 0.1823725055432373 | 220 | 295 | 296 | 219
Environmental & Waste Services | 249 | 273331.6399999994 | 274867.6299999999 | 252885.87 | 265915.8000000001 | 235783.12 | 213759.6399999998 | 216352.25 | 211413.5100000001 | 232020.8500000001 | 234416.3599999999 | 231178.4400000001 | 234774.8599999999 | 243532.6999999998 | 236764.5800000001 | 238381.1300000001 | 246601.8499999998 | 259344.49 | 244514.1899999998 | 246994.3599999999 | 245315.6199999996 | -0.3912448700410396 | -0.2557757803953486 | -0.0794004611837048 | 0.01512605042016801 | 0.2094840588755396 | 0.4899598393574298 | -0.2318697582634435 | -0.07409551374819112 | 0.0660086366440471 | 86 | 161 | 161 | 86
Farming/Agriculture | 321 | 312925.3199999997 | 311551.2099999998 | 289373.07 | 299728.67 | 261693.0399999998 | 235788.3100000001 | 253541.19 | 255257.12 | 271762.0100000003 | 267993.4199999996 | 268302.3000000004 | 271801.2499999999 | 272344.0800000001 | 264540.4100000003 | 271232.6400000004 | 284229.0700000002 | 301755.1200000001 | 290794.1599999999 | 294440.1599999997 | 292351.67 | -0.396794859080902 | -0.2560975609756098 | -0.1407563025210085 | 0.08975185304543976 | 0.2560818185051325 | 0.502304147465438 | -0.2009132420091324 | -0.08222811671087538 | 0.06697292069632499 | 105 | 212 | 213 | 104
Financial Svcs. (Non-bank & Insurance) | 812 | 1645632.170000001 | 1630057.170000001 | 1457712.029999997 | 1452843.799999999 | 1258233.04 | 1035313.594 | 1141203.840000001 | 1054966.98 | 1211326.240000001 | 1196201.140000001 | 1164986.480000001 | 1223960.81 | 1233286.209999999 | 1204712.809999999 | 1239958.52 | 1300321.100000001 | 1414795.580000001 | 1361004.550000001 | 1401235.810000002 | 1364508.579999999 | -0.4364705882352942 | -0.2933333333333333 | -0.1835205992509363 | -0.006241519674355489 | 0.1620936748786574 | 0.4115048007477271 | -0.3279860842674913 | -0.1957332041122624 | -0.05234657039711188 | 142 | 660 | 662 | 140
Food Processing | 1051 | 1788628.689999995 | 1791809.779999994 | 1665077.160000004 | 1732311.76 | 1554941.609999999 | 1498783.175 | 1577480.74 | 1611987.29 | 1672060.130000003 | 1711234.139999999 | 1707175.180000004 | 1703302.959999998 | 1727901.010000003 | 1714137.099999998 | 1705869.379999997 | 1734268.600000001 | 1783841.807999997 | 1759436.777999999 | 1819177.176 | 1787504.130000002 | -0.3431283905967449 | -0.2162162162162162 | -0.09147437877743714 | 0.07443795362010985 | 0.2230113636363638 | 0.4373695198329852 | -0.1621621621621622 | -0.04154947212770693 | 0.08724521115997041 | 413 | 627 | 634 | 406
Food Wholesalers | 119 | 92984.00999999995 | 90902.44000000002 | 79834.26999999993 | 79772.67 | 60140.02999999998 | 49882.06000000002 | 61266.71999999999 | 52805.35999999999 | 61741.50999999999 | 61475.61000000001 | 63532.17999999999 | 64428.55 | 64380.94000000002 | 60025.27999999998 | 63737.05999999998 | 67405.39999999994 | 74122.76999999993 | 67901.45000000007 | 68147.85000000003 | 67068.98000000003 | -0.3614285714285714 | -0.2345561594202899 | -0.1481132075471698 | 0.03696498054474695 | 0.2081339712918662 | 0.4476547842401501 | -0.2567049808429119 | -0.08977090436871965 | 0.08005822416302766 | 43 | 75 | 75 | 43
Furn/Home Furnishings | 293 | 332365.0700000002 | 331614.4399999996 | 311431.4400000001 | 321315.8100000004 | 286005.0600000001 | 253424.2500000001 | 265438.1699999998 | 256408.32 | 274387.4000000003 | 275713.1800000003 | 277279.3499999997 | 286467.3000000004 | 292706.1899999999 | 291417.26 | 292870.88 | 307534.7500000002 | 322424.7799999995 | 316390.4699999995 | 323180.6800000003 | 322719.1700000004 | -0.4090909090909091 | -0.2753623188405797 | -0.1259030704394942 | 0.05922023182297154 | 0.2399115025236249 | 0.5516528925619837 | -0.2222222222222223 | -0.0977670291304506 | 0.058858858858859 | 100 | 192 | 193 | 99
Green & Renewable Energy | 181 | 229658.5300000001 | 231836.7200000001 | 214837.4700000001 | 223241.5 | 196398.33 | 181458.04 | 189368.58 | 188842.43 | 198398.4399999999 | 199940.04 | 196545.99 | 201824.48 | 202379.54 | 201062.1299999999 | 203302.7900000001 | 209517.98 | 218438.1699999998 | 215491.3300000002 | 222960.1299999999 | 223043.27 | -0.3606267932023837 | -0.2450994474090013 | -0.1021759697256386 | 0.03645779920008207 | 0.2000602907504505 | 0.5260614428719366 | -0.187655550024888 | -0.06415710627658933 | 0.04608294930875578 | 60 | 121 | 121 | 60
Healthcare Products | 632 | 1831422.659999999 | 1815656.099999997 | 1650831.679999999 | 1686503.409999998 | 1506952.83 | 1350140.489999999 | 1513037.079999998 | 1501007.1 | 1650327.159999998 | 1723747.009999998 | 1730911.027999999 | 1698928.856000002 | 1768870.861999999 | 1745771.250000001 | 1794462.936999996 | 1859690.217 | 1875561.925 | 1798679.067 | 1857785.390000001 | 1821424.269999998 | -0.4171029668411868 | -0.3002746878309097 | -0.1326417191552426 | 0.1965317919075145 | 0.4305027114493132 | 0.7906976744186047 | -0.2067310657932072 | -0.005626611961241201 | 0.3560311284046693 | 314 | 318 | 319 | 313
Healthcare Support Services | 321 | 1083042.19 | 1080716.349999999 | 943588.3500000002 | 1003390.679999999 | 925996.1799999997 | 763797.5100000004 | 857060.0599999998 | 825058.1199999993 | 929881.77 | 983394.2399999999 | 978600.6399999995 | 970766.9800000003 | 981046.1999999991 | 987300.4600000002 | 1002664.11 | 1043268.540000001 | 1069705.07 | 1005937.14 | 1028141.850000001 | 1003443.729999999 | -0.3861635220125786 | -0.2518079363856543 | -0.143438453713123 | 0.06929133858267722 | 0.2596013612056394 | 0.532258064516129 | -0.2232304900181489 | -0.07729468599033812 | 0.05263157894736836 | 113 | 205 | 206 | 112
Heathcare Information and Technology | 314 | 771488.1699999998 | 767335.6399999992 | 700852.5100000002 | 731462.2400000006 | 650239.7000000009 | 606612.8200000009 | 644839.3700000005 | 655359.0100000002 | 724816.0900000002 | 758551.3600000002 | 768259.9499999996 | 771805.3199999996 | 797674.03 | 816341.9999999992 | 826270.9699999999 | 850121.9500000003 | 859061.7399999998 | 848152.5700000002 | 884570.2700000001 | 886472.8000000003 | -0.4168465385627796 | -0.2902174453898592 | -0.1550025479870902 | 0.2690058479532162 | 0.581516890811466 | 0.9844155844155846 | -0.1345917740945366 | 0.09422181870217461 | 0.3717948717948716 | 181 | 131 | 133 | 179
Homebuilding | 147 | 246994.9900000002 | 246413.6599999999 | 215271.1200000001 | 215554.77 | 162343.7999999999 | 127530.25 | 149904.3900000002 | 126941.14 | 159994.9100000001 | 154129.9799999999 | 156467.98 | 166812.8700000001 | 173306.3099999999 | 161026.46 | 177733.67 | 185841.6800000002 | 201468.5099999999 | 189034.2900000001 | 192415.79 | 185800.5399999999 | -0.5292689329308309 | -0.4115874016284537 | -0.3039045703585547 | 0.1904761904761905 | 0.3362202738673186 | 0.5800663635246406 | -0.3266266769768996 | -0.2043795620437956 | -0.1059466848940533 | 14 | 133 | 133 | 14
Hospitals/Healthcare Facilities | 183 | 248864.7099999998 | 248485.2 | 224956.4399999999 | 228694.0399999999 | 191675.2399999999 | 162511.35 | 172526.4699999999 | 168370.3199999999 | 191783.7500000001 | 195874.9200000001 | 191011.9800000001 | 192260.9 | 193904.05 | 190091.4999999999 | 198460.01 | 198227.2799999999 | 215500.2700000002 | 204834.3199999999 | 211080.4600000001 | 204821.8200000001 | -0.4219977553310886 | -0.2956521739130434 | -0.1776296725586787 | 0.05675146771037176 | 0.1802631578947369 | 0.4361702127659575 | -0.28 | -0.1359300476947536 | -0.04392696480550407 | 29 | 152 | 152 | 29
Hotel/Gaming | 533 | 708025.71 | 694538.9799999999 | 603700.2800000004 | 568113.119999999 | 463289.5900000003 | 381834.3499999991 | 411428.9200000004 | 371294.7199999999 | 449979.2700000006 | 462392.5499999996 | 448525.6199999998 | 473065.3100000002 | 491705.3300000003 | 465697.5199999998 | 491710.6300000005 | 513663.6299999998 | 583590.8799999994 | 547017.5100000004 | 541689.2299999997 | 507294.4900000002 | -0.4979423868312758 | -0.340080971659919 | -0.1948051948051948 | 0.01081789177882508 | 0.2222593955615033 | 0.5446584938704029 | -0.3335090493762081 | -0.1947196669921373 | -0.05454545454545456 | 100 | 422 | 422 | 100
Household Products | 421 | 1454499.540000001 | 1439757.610000001 | 1308532.959999999 | 1382958.570000001 | 1241746.829999999 | 1187438.230000003 | 1260488.28 | 1260121.72 | 1313097.97 | 1358903.529999999 | 1336774.089999998 | 1353983.379999999 | 1343970.069999998 | 1329367.96 | 1330402.640000001 | 1387649.629999999 | 1427933.635 | 1397366.460000002 | 1439825.799999999 | 1422886.19 | -0.3833333333333333 | -0.252462914563269 | -0.1330935251798561 | 0.05658337337818353 | 0.2751322751322753 | 0.5566343042071198 | -0.2222015791918254 | -0.06295631647950761 | 0.112363274776268 | 166 | 250 | 250 | 166
Information Services | 180 | 1684964.709999999 | 1669844.970000001 | 1471871.279999999 | 1463064.020000002 | 1356206.039999998 | 1089141.13 | 1233602.94 | 1165758.119999999 | 1336932.619999999 | 1329888.990000001 | 1328241.870000001 | 1368162.429999999 | 1453654.45 | 1426871.790000001 | 1495624.16 | 1544657.89 | 1612324.36 | 1542671.62 | 1557285.270000001 | 1532028.650000002 | -0.4749086075108009 | -0.3658483091390111 | -0.2271209084836339 | 0.1800433839479392 | 0.3965855869466688 | 0.745920745920746 | -0.2427983539094651 | -0.1128021201234071 | 0.08307692307692327 | 67 | 109 | 109 | 67
Insurance (General) | 193 | 833423.4799999992 | 823111.1100000001 | 730275.73 | 726000.6799999995 | 592483.7500000003 | 507822.3699999998 | 569923.8779999997 | 531544.4749999999 | 601322.09 | 588314.5949999999 | 558230.4859999996 | 593592.8429999998 | 591216.1539999995 | 566038.5569999997 | 582692.7300000001 | 605539.7399999999 | 688138.29 | 637372.88 | 642068.540000001 | 636189.3500000002 | -0.3744610962841305 | -0.2627903662533847 | -0.1534828807556081 | 0.034965034965035 | 0.1967239455478687 | 0.3186902582875737 | -0.2460567823343848 | -0.1243243243243243 | -0.03205128205128205 | 35 | 158 | 158 | 35
Insurance (Life) | 128 | 1208156.97 | 1186995.260000001 | 1074107.310000001 | 1059158.94 | 906590.3599999996 | 789660.6999999996 | 879675.4400000005 | 840484.0000000005 | 917307.8999999997 | 911150.59 | 884970.4199999999 | 932397.4999999999 | 923281.2 | 880777.2699999999 | 876833.2 | 901734.0499999997 | 1004978.86 | 967105.3199999995 | 968638.8799999998 | 954034.5599999997 | -0.4598535149565337 | -0.3384103993520291 | -0.1891418563922942 | 0.04929666708908886 | 0.2133891213389123 | 0.3692332595909997 | -0.3131536534004682 | -0.1917703349282296 | -0.0888689407540395 | 15 | 110 | 110 | 15
Insurance (Prop/Cas.) | 198 | 656023.2999999998 | 648700.0700000002 | 582154.7399999998 | 591513.3400000001 | 510838.3599999999 | 433613.5199999996 | 483948.6799999998 | 467049.8000000002 | 519336.9999999996 | 513175.5199999997 | 488726.6499999999 | 480951.0099999999 | 481317.24 | 462432.9799999999 | 484581.9899999999 | 501735.1500000003 | 551499.4900000009 | 515726.53 | 526230.4100000006 | 512148.8800000002 | -0.3550420168067226 | -0.2662325476655157 | -0.1788856304985338 | 0 | 0.113747856688634 | 0.2776831345826236 | -0.2737194552654454 | -0.1760391198044009 | -0.06395939086294411 | 31 | 164 | 165 | 30
Investments & Asset Management | 753 | 873177.8800000014 | 870377.5099999984 | 758323.170000001 | 740865.3800000014 | 637570.2000000004 | 535396.0299999996 | 602176.73 | 575657.01 | 659115.3899999997 | 647571.2400000009 | 632547.750000001 | 658667.4499999995 | 676410.2799999986 | 647798.0700000005 | 672508.5100000015 | 708067.7900000009 | 776909.9819999998 | 729652.0940000005 | 749043.7000000018 | 723376.5800000001 | -0.4333431865208395 | -0.3095485045710722 | -0.1184834123222748 | 0.05321100917431187 | 0.2230634828188702 | 0.4982674982674982 | -0.2534246575342465 | -0.1269035532994924 | -0.001888574126534426 | 185 | 558 | 562 | 181
Machinery | 1173 | 1178460.599999996 | 1169276.549999995 | 1067032.670000002 | 1064985.700000001 | 920368.0000000003 | 819834.5500000013 | 904580.63 | 869830.9999999991 | 956770.5099999981 | 959081.5100000007 | 948563.1199999993 | 991296.2999999975 | 1014164.629999999 | 984553.7000000016 | 1019243.61 | 1067563.840000004 | 1146849.72 | 1082339.880000001 | 1104389.640000002 | 1095667.059999998 | -0.3967280163599182 | -0.2871541000253871 | -0.1195335276967929 | 0.05841924398625431 | 0.2450765864332602 | 0.4562626672071342 | -0.2195121951219512 | -0.1043771043771043 | 0.0244565217391306 | 332 | 833 | 834 | 331
Metals & Mining | 897 | 832736.2599999986 | 825801.5999999999 | 722883.2200000007 | 724569.1299999984 | 597980.0800000014 | 539067.0799999997 | 585983.5299999998 | 586790.3899999993 | 642524.1300000006 | 642845.7800000003 | 631102.1699999985 | 642814.6500000006 | 661486.2700000006 | 651523.3099999978 | 685854.9899999996 | 695253.8799999991 | 765935.8270000006 | 743688.2300000004 | 739158.1499999996 | 744163.1499999997 | -0.4967320261437909 | -0.3944223107569722 | -0.2622076323348378 | 0.1665227403569374 | 0.4767118839404536 | 0.9538834951456312 | -0.2436548223350254 | -0.08544010824668852 | 0.125 | 334 | 556 | 561 | 329
Office Equipment & Services | 116 | 46161.65000000002 | 45083.01999999999 | 41238.92000000006 | 41302.45999999996 | 35166.40999999997 | 31584.48999999999 | 35314.03000000001 | 32913.03 | 36214.2 | 36010.71000000001 | 35452.39000000003 | 36224.84000000001 | 37198.44 | 35841.38 | 36386.14999999999 | 38250.65000000002 | 40244.47000000003 | 38051.93999999999 | 38270.46999999999 | 38058.70000000003 | -0.4320462146549102 | -0.3336207361103626 | -0.1844106463878328 | 0.07832699619771866 | 0.2364872560118007 | 0.4333333333333333 | -0.2668977469670711 | -0.1758237008496344 | -0.05368589743589747 | 24 | 92 | 92 | 24
Oil/Gas (Integrated) | 50 | 3679319.500000001 | 3687210.4 | 3425669.070000003 | 3352672.04 | 2746134.360000001 | 2617362.54 | 2772142.34 | 2970854.589999999 | 3066678.49 | 2895431.490000001 | 2886377.34 | 3006378.170000002 | 3008522.950000003 | 2958966.330000001 | 3098895.65 | 1364301.16 | 3264231.68 | 3144501.339999999 | 3181331.82 | 3106893.23 | -0.5288111903383963 | -0.4439808450170889 | -0.24860853432282 | 0.06249999999999978 | 0.2989102759480694 | 0.4791429255794035 | -0.3690422838192126 | -0.2781757279233779 | -0.1857451403887688 | 3 | 47 | 47 | 3
Oil/Gas (Production and Exploration) | 482 | 692435.4199999993 | 690897.3099999987 | 585933.2899999991 | 537850.7000000004 | 374346.5800000003 | 317735.9999999999 | 341752.2800000003 | 386225.9530000003 | 423957.2019999998 | 404667.8290000004 | 420062.2519999994 | 443986.6189999997 | 464285.6039999998 | 441471.225 | 472520.2120000001 | 467211.7309999996 | 541109.8499999996 | 497043.3579999999 | 494540.1320000002 | 467735.6480000005 | -0.6633532140490391 | -0.5347222222222222 | -0.3916083916083916 | 0.1378476420798067 | 0.4755244755244756 | 0.8485804416403786 | -0.5020576131687243 | -0.3321173678084883 | -0.1388888888888888 | 65 | 413 | 414 | 64
Oil/Gas Distribution | 184 | 645175.5299999992 | 640425.2600000001 | 572053.0399999993 | 547424.2500000002 | 419316.2700000002 | 355810.2499999998 | 369609.0600000001 | 380499.41 | 418469.85 | 429183.3400000003 | 443222.5100000001 | 450899.83 | 462010.5199999998 | 450508.2900000002 | 470216.8300000002 | 474150.47 | 523402.57 | 474760.76 | 485073.3399999997 | 453181.4100000001 | -0.5116298280602791 | -0.3645070568485628 | -0.1961620469083155 | 0.005089058524172962 | 0.263479580036123 | 0.6012547844509735 | -0.3954613095238095 | -0.2021583624250297 | -0.03900060938452166 | 36 | 148 | 148 | 36
Oilfield Svcs/Equip. | 424 | 743232.6199999991 | 732671.2299999994 | 638671.0800000001 | 599210.6710000003 | 474609.2800000003 | 418794.1599999997 | 446584.0500000003 | 445541.9620000003 | 494933.6380000005 | 488371.6730000001 | 503269.7830000002 | 531691.7260000005 | 552292.9569999995 | 520772.9589999999 | 544769.3140000005 | 553499.5240000008 | 624527.8850000002 | 596085.8550000003 | 611062.3030000001 | 590628.3249999983 | -0.5548260756370057 | -0.4061703991736386 | -0.2406367041198503 | 0.009298998569384764 | 0.2241379310344827 | 0.4885496183206108 | -0.4240569395017794 | -0.2553846153846153 | -0.09737827715355796 | 56 | 365 | 366 | 55
Packaging & Container | 333 | 279980.4399999999 | 279090.5600000001 | 250735.4499999999 | 254949.3800000001 | 220593.61 | 200812.1600000001 | 215147.2 | 211811.3099999999 | 235113.39 | 232688.8000000001 | 227462.2399999999 | 236307.2399999998 | 237190.8800000001 | 226408.2500000001 | 233500.4899999999 | 245366.64 | 263229.1400000001 | 246691.4099999998 | 251861.0299999999 | 246456.87 | -0.3676470588235294 | -0.2618435675173265 | -0.1413043478260869 | 0.07563025210084051 | 0.2349536592246149 | 0.4350121569989578 | -0.1844165301292553 | -0.0757575757575758 | 0.05460247186865885 | 111 | 220 | 222 | 109
Paper/Forest Products | 241 | 170098.39 | 172271.9700000001 | 156545.7100000001 | 159671.1 | 134500.7600000001 | 121472.33 | 130963.1700000001 | 129247.7 | 139552.6799999999 | 138839.8599999999 | 136326.9399999999 | 143411.4 | 144937.9700000001 | 137288.4599999998 | 141400.61 | 145884.84 | 157005.5400000001 | 148152.6800000002 | 153463.49 | 148339.6899999999 | -0.4044244728655375 | -0.2842105263157895 | -0.1449643947100712 | 0.03847980997624711 | 0.2252100840336134 | 0.3993576017130618 | -0.2431192660550459 | -0.1291610539360957 | -0.01179554390563564 | 58 | 180 | 181 | 57
Power | 515 | 2207886.749999998 | 2219605.740000004 | 2011994.670000003 | 2097528.799999999 | 1764302.980000002 | 1594924.890000002 | 1740226.570000001 | 1682497.129999999 | 1849819.630000001 | 1840076.939999997 | 1794771.229999999 | 1809996.33 | 1803861.559999999 | 1761322.190000001 | 1798989.130000003 | 1871078.340000002 | 1973718.050000001 | 1906484.529999997 | 1908050.149999999 | 1870254.830000001 | -0.3598787371942296 | -0.2593450420784018 | -0.1170390130043347 | 0.03530919272934363 | 0.1801589488698622 | 0.3375796178343951 | -0.2155963302752293 | -0.1120225005389938 | 0.00593030178138032 | 138 | 375 | 378 | 135
Precious Metals | 519 | 418751.1799999999 | 449829.7900000004 | 385598.6900000005 | 419615.5699999999 | 314352.9600000001 | 297837.5060000008 | 347345.2199999999 | 350588.6200000005 | 399604.5900000004 | 417168.3699999999 | 455186.4600000005 | 448751.1899999998 | 468707.1700000006 | 485518.1100000003 | 484073.1799999995 | 473142.0800000001 | 456930.7399999995 | 460490.3399999998 | 468267.7699999997 | 489011.1499999996 | -0.4590846047156727 | -0.3678756476683938 | -0.2435064935064934 | 0.4531207572054772 | 0.8163265306122449 | 1.476635514018692 | -0.09022556390977454 | 0.179545720641611 | 0.538336052202284 | 341 | 177 | 181 | 337
Publishing & Newspapers | 282 | 140173.7499999999 | 140223.1 | 128371.7 | 129085.1999999999 | 111818.8900000001 | 101192.56 | 108815.0300000001 | 102990.82 | 111816.1 | 111265.67 | 107925.5 | 111225.3400000001 | 114526.3699999999 | 111454.0299999999 | 114739.31 | 117462.0100000001 | 125458.6899999999 | 122576.86 | 125193.22 | 123583.95 | -0.3923776165457425 | -0.2638038088094344 | -0.1492718446601943 | 0.01260504201680668 | 0.1419888934594816 | 0.3743961352657006 | -0.275187969924812 | -0.1495327491242683 | -0.02419354838709686 | 58 | 222 | 223 | 57
R.E.I.T. | 764 | 2202616.130000001 | 2197414.449999996 | 1957364.839999998 | 2029207.58 | 1730343.170000002 | 1322098.890000002 | 1518910.93 | 1399113.199999997 | 1672169.150000002 | 1629263.270000001 | 1559952.010000001 | 1594598.349999999 | 1622750.170000002 | 1505968.390000001 | 1589328.029999998 | 1671418.37 | 1825929.76 | 1750078.099999999 | 1739314.580000002 | 1684501.559999999 | -0.5018915510718789 | -0.3955388471177944 | -0.2774785015320748 | 0.07692307692307687 | 0.2301863066282801 | 0.4573015021946765 | -0.3622489959839357 | -0.2333790267306375 | -0.1000000000000001 | 88 | 671 | 671 | 88
Real Estate (Development) | 730 | 817542.1899999995 | 798414.9299999999 | 774691.61 | 800296.9999999991 | 725769.3800000004 | 648930.8399999996 | 677423.0599999995 | 678497.9300000003 | 705000.7000000001 | 704651.0600000006 | 685718.8500000004 | 713789.0200000019 | 704269.1999999998 | 691893.4600000007 | 672197.7800000005 | 679734.8299999998 | 711558.8700000009 | 720900.9799999993 | 733694.24 | 725841.7300000001 | -0.369334619093539 | -0.2334941312235541 | -0.1084905660377359 | 0.01174743024963298 | 0.1505791505791505 | 0.33587786259542 | -0.2574257425742574 | -0.1252108666331959 | -0.001086887027683558 | 181 | 545 | 545 | 181
Real Estate (General/Diversified) | 330 | 493681.3700000002 | 488701.0000000006 | 461838.6899999997 | 467000.1899999995 | 406268.0700000005 | 362921.7400000002 | 391149.9300000002 | 379854.5899999997 | 405155.5699999999 | 404658.5599999993 | 394209.0299999999 | 413046.0299999997 | 412260.6499999998 | 394674.1800000003 | 389207.4299999996 | 380829.3499999997 | 431890.5100000002 | 426349.1800000006 | 431501.8000000004 | 403599.1199999993 | -0.3819068255687974 | -0.2496557782974885 | -0.1303116147308782 | 0.01072961373390569 | 0.1648069770424523 | 0.3697478991596639 | -0.2441471571906354 | -0.1343195266272189 | -0.01260504201680679 | 75 | 252 | 252 | 75
Real Estate (Operations & Services) | 573 | 613994.0300000001 | 612959.5900000012 | 559549.0699999997 | 571145.6900000003 | 471201.36 | 403159.2899999999 | 433569.5399999998 | 420167.3400000003 | 457553.6599999999 | 452753.79 | 444178.8399999999 | 462640.8699999994 | 465035.45 | 443856.3200000001 | 455200.1899999998 | 472385.1949999998 | 516491.4240000001 | 497316.9079999995 | 505067.1349999995 | 490138.7360000007 | -0.4082156611039794 | -0.2695252679938743 | -0.1428571428571429 | 0.02941176470588225 | 0.1569037656903765 | 0.3404522613065328 | -0.2830568124685773 | -0.1373436826218197 | -0.0080971659919028 | 134 | 431 | 432 | 133
Recreation | 262 | 260473.6299999998 | 251855.3799999999 | 229443.8300000002 | 229557.7900000001 | 197041.4400000001 | 182797.2 | 202463.8700000001 | 190490.5700000001 | 206842.88 | 212695.8000000002 | 209975.4899999998 | 214404.73 | 223254.6600000001 | 223277.5600000002 | 235487.2000000001 | 243228.84 | 256151.3200000001 | 253461.6 | 253355.9999999999 | 251150.7600000001 | -0.4354819586610283 | -0.3059511698880977 | -0.1786339754816111 | 0.07803921568627437 | 0.3369108469466416 | 0.6479923518164437 | -0.2744539411206077 | -0.09365656740099526 | 0.06248486316299351 | 77 | 182 | 182 | 77
Reinsurance | 33 | 180567.04 | 174152.7 | 151600.57 | 149572.67 | 114566.61 | 98174.24 | 114841.79 | 109100.53 | 126513.13 | 123654.54 | 117524.66 | 122054.81 | 116485.35 | 108112.44 | 115345.76 | 119887.13 | 141846.56 | 132821.88 | 132391.45 | 128839.76 | -0.4503461918892185 | -0.3683852140077821 | -0.2175438596491228 | 0.04517453798767956 | 0.216483714234299 | 0.3745023391734474 | -0.3281837395028709 | -0.2817919075144508 | -0.130827067669173 | 4 | 29 | 29 | 4
Restaurant/Dining | 323 | 675532.6 | 673579.8599999993 | 594506.6799999992 | 585725.1499999999 | 503749.2600000002 | 423902.8100000005 | 474049.6999999998 | 440411.1099999993 | 517617.66 | 527160.690000001 | 526042.4599999995 | 532755.9600000004 | 544470.1299999999 | 526357.2200000004 | 551036.1799999996 | 560207.5899999994 | 603117.3900000002 | 566730.0799999997 | 563316.3999999997 | 543307.2700000003 | -0.4892787524366472 | -0.3305218173639226 | -0.1968132854578097 | 0.05694942254082025 | 0.2097970110397505 | 0.4606737714488489 | -0.3623789764868602 | -0.1984897518878102 | -0.0691823899371069 | 51 | 272 | 273 | 50
Retail (Automotive) | 169 | 194736.1299999999 | 196640.4500000001 | 182675.3700000001 | 179902.4900000001 | 159261.3300000002 | 122953.75 | 140866.2700000001 | 132611.2000000001 | 154709.54 | 158470.1599999999 | 160899.9200000001 | 163627.9799999998 | 171801.4400000001 | 170067.2599999999 | 178022.4699999999 | 183143.3099999999 | 194596.89 | 189968.41 | 195069.23 | 191201.2200000001 | -0.4722617354196301 | -0.3090341024084193 | -0.1841339155749637 | 0.04062499999999991 | 0.2417468325590458 | 0.517943259074549 | -0.2602192787882629 | -0.1314285714285715 | -0.009488544318444814 | 38 | 131 | 132 | 37
Retail (Building Supply) | 82 | 452800.3499999998 | 450289.1899999999 | 396253.1949999999 | 406180.2449999999 | 361022.716 | 269622.8820000001 | 329092.586 | 309331.4629999999 | 351598.9730000001 | 363932.8800000001 | 368850.3 | 383871.9 | 410457.4799999999 | 415496.8100000001 | 428540.7549999999 | 449074.936 | 462573.8889999999 | 443462.9699999999 | 457828.6199999998 | 449038.109 | -0.5020221083850094 | -0.3932193258836759 | -0.2797202797202797 | 0.2155297532656024 | 0.5682984142928895 | 0.9514563106796117 | -0.2410423452768728 | -0.0627116946292891 | 0.1221623904550733 | 34 | 48 | 48 | 34
Retail (Distributors) | 740 | 607374.5299999992 | 605140.120000001 | 554876.7100000001 | 554626.7900000005 | 469637.35 | 417168.5899999993 | 462673.7299999996 | 428193.3300000005 | 473735.4099999995 | 469882.9800000002 | 467215.2799999997 | 481057.9299999999 | 497323.5299999994 | 482298.6200000005 | 496711.3699999999 | 520123.0600000001 | 550234.8599999992 | 524813.9399999997 | 536047.4600000005 | 525843.1600000014 | -0.3974629073468107 | -0.2610982130294077 | -0.1358695652173912 | 0.02120542380980828 | 0.1995080416686736 | 0.4390800622514268 | -0.2433707526809763 | -0.1184210526315789 | -0.000741289844329085 | 183 | 550 | 553 | 180
Retail (General) | 202 | 1057419.070000001 | 1058843.15 | 953860.4700000003 | 998437.7500000008 | 927598.7800000003 | 887304.12 | 886566.7599999994 | 903693.1499999996 | 954789.8900000001 | 1004463.23 | 980598.8200000003 | 966999.4399999994 | 977940.9400000001 | 976427.3699999999 | 984094.4299999996 | 1009744.050000001 | 1031297.96 | 1001910.66 | 1025104.990000001 | 1011610.39 | -0.4088050314465409 | -0.204515272244356 | -0.03492043939958367 | 0.001724137931034653 | 0.1655629139072849 | 0.4091085809497361 | -0.2615894039735099 | -0.06374138813184699 | 0.09996836444163226 | 79 | 123 | 123 | 79
Retail (Grocery and Food) | 154 | 480074.8399999997 | 477207.9799999999 | 441305.6199999995 | 462194.0599999999 | 405887.14 | 397917.4199999998 | 415153.69 | 417403.1300000001 | 433649.55 | 445670.5500000002 | 446617.95 | 444055.1000000001 | 449215.6700000002 | 442660.0400000001 | 446424.3599999999 | 460493.54 | 476463.2799999999 | 467544.3199999999 | 468526.04 | 466994.9200000003 | -0.2618545096383847 | -0.1554248545619284 | -0.06351051102375671 | 0.05763452608576891 | 0.2210076045627376 | 0.4255073578916995 | -0.09608691454292151 | 0.0133689839572193 | 0.1770233404061838 | 81 | 72 | 72 | 81
Retail (Online) | 251 | 2457208.869999998 | 2408503.070000002 | 2215342.48 | 2226181.970000002 | 2042748.360000001 | 1991186.28 | 2098030.730000001 | 2081350.240000002 | 2243407.25 | 2483409.980000003 | 2498434.559999998 | 2418172.749999999 | 2553542.346999999 | 2600740.805999998 | 2635280.251000001 | 2688392.460999997 | 2797184.930000001 | 2821199.477999998 | 2945052.81 | 2938482.851000006 | -0.4846625766871165 | -0.3565891472868218 | -0.2119383825417201 | 0.3048230101308447 | 0.5763768266385836 | 1.081206496519722 | -0.2302284710017576 | -0.00643974241030365 | 0.3516896120150186 | 122 | 127 | 128 | 121
Retail (Special Lines) | 416 | 815625.7900000007 | 808103.3399999995 | 733370.11 | 735656.4700000002 | 624997.73 | 548281.6900000004 | 600304.7999999996 | 555240.660000001 | 636432.6599999993 | 648975.7999999989 | 624309.2600000005 | 644050.2499999994 | 651652.8399999993 | 628010.3699999996 | 661197.4100000004 | 700112.2200000003 | 753935.5400000005 | 719268.9899999986 | 732282.5900000002 | 709933.5200000004 | -0.4992412746585736 | -0.3447047208357333 | -0.1886982845610495 | 0.08301886792452828 | 0.2702054243272162 | 0.5969899665551839 | -0.3288227334235454 | -0.1676646706586826 | 0.008450704225352101 | 110 | 303 | 305 | 108
Rubber& Tires | 79 | 105833.24 | 106888.73 | 98478.06999999998 | 98016.57999999999 | 84507.52999999996 | 77910.70999999995 | 82544.06999999999 | 78757.70999999993 | 86170.31999999995 | 86340.69999999997 | 83154.41 | 87628.86999999998 | 87930.83999999998 | 84082.37999999999 | 86797.77 | 92451.48999999998 | 99305.17000000004 | 94810.56 | 94680.99 | 95028.41999999998 | -0.4054545454545454 | -0.2819583894006831 | -0.1060606060606061 | 0.1172595520421609 | 0.2440476190476188 | 0.5124481327800829 | -0.2008620689655172 | -0.09594810311449242 | 0.07140825035561882 | 27 | 52 | 52 | 27
Semiconductor | 505 | 2058728.450000001 | 2024818.67 | 1832436.980000001 | 1837520.76 | 1668837.070000001 | 1456829.319999998 | 1591946.600000001 | 1582043.34 | 1696894.140000002 | 1800919.119999999 | 1773486.060000001 | 1787757.099999999 | 1871880.869999999 | 1841413.989999997 | 1894424.92 | 1920720.549999998 | 2054741.400000002 | 1983714.260000002 | 2025957.500000001 | 2026100.039999999 | -0.4190031152647976 | -0.3141296529401186 | -0.199812382739212 | 0.2424937752187317 | 0.4356371211394041 | 0.7516688918558074 | -0.1630295250320924 | -0.02405085893865661 | 0.146976229086738 | 222 | 282 | 283 | 221
Semiconductor Equip | 280 | 525558.8399999997 | 507955.0299999997 | 456021.4299999998 | 464808.8999999998 | 397787.4299999995 | 340360.0500000002 | 393268.5399999998 | 372647.6300000003 | 425530.8899999998 | 451482.8300000001 | 437369.3899999998 | 439813.7100000005 | 472289.2999999995 | 459659.86 | 481018.8400000003 | 489725.5599999997 | 532986.3000000002 | 509578.7199999999 | 539041.2299999997 | 537635.2499999997 | -0.4834401709401709 | -0.4122438208110166 | -0.3223684210526315 | 0.3715846994535519 | 0.5918181818181818 | 0.8903508771929824 | -0.1943127962085308 | -0.05974842767295596 | 0.08275862068965534 | 101 | 178 | 179 | 100
Shipbuilding & Marine | 311 | 262234.5200000001 | 260453.5400000001 | 239558.1300000001 | 241953.6199999998 | 217610.68 | 198366.5300000002 | 208537.3400000001 | 202515.2200000003 | 216934.7299999999 | 218411.8600000001 | 222943.14 | 228340.6700000001 | 234970.9899999999 | 237419.8799999999 | 233023.1299999999 | 223235.3499999999 | 239669.0099999998 | 231436.0600000004 | 235387.6599999998 | 229886.4300000001 | -0.414364640883978 | -0.2860454846544491 | -0.1735537190082644 | 0.07438016528925617 | 0.2327044025157232 | 0.4013157894736843 | -0.2351097178683386 | -0.1109238653247109 | -0.003058103975535187 | 75 | 233 | 236 | 72
Shoe | 67 | 258885.12 | 254317.6300000001 | 226907.62 | 225608.66 | 191926.16 | 168441.5299999999 | 200927.2700000001 | 186910.43 | 208204.94 | 214679.08 | 209411.65 | 208930.53 | 217498.22 | 209649.16 | 222992.46 | 234805.7599999999 | 251611.8500000001 | 235392.7000000001 | 234602.76 | 230242.8900000001 | -0.442512077294686 | -0.2974433123429097 | -0.1683048540753062 | -0.005905511811023612 | 0.1513644123501132 | 0.3866474113901879 | -0.3033816425120773 | -0.1425343461371609 | -0.06108897742363872 | 9 | 57 | 57 | 9
Software (Entertainment) | 235 | 2578796.790000001 | 2519064.620999997 | 2308978.314000004 | 2254822.454999999 | 2084511.485000001 | 1873239.745000001 | 1983063.257 | 1946959.598999999 | 2135282.809999998 | 2230430.920000001 | 2262987.122 | 2334459.592000001 | 2433552.289999998 | 2419474.030000003 | 2520353.989999997 | 2515585.111 | 2589999.228999997 | 2568802.753 | 2655645.649999999 | 2574016.740000003 | -0.4803418803418804 | -0.3767851252641426 | -0.2452554744525547 | 0.1811320754716981 | 0.4863125749809138 | 0.8999999999999999 | -0.25 | -0.06956626699927582 | 0.08507670850767068 | 87 | 145 | 145 | 87
Software (Internet) | 109 | 226955.2600000001 | 222685.04 | 202717.5700000001 | 205076.3499999999 | 177633.8100000002 | 166733.08 | 184614.24 | 173969.6500000002 | 192342.78 | 224332.9099999999 | 232799.05 | 224731.0200000001 | 261724.3700000001 | 276148.9999999998 | 286580.09 | 281075.8800000001 | 274353.7400000002 | 275553.5700000001 | 304774.9200000002 | 318051.9899999998 | -0.4429824561403509 | -0.2887604274884539 | -0.1871657754010695 | 0.2114285714285713 | 0.5535813436979458 | 1.009338521400778 | -0.1609561752988048 | 0.02392947103274556 | 0.3705882352941177 | 55 | 54 | 54 | 55
Software (System & Application) | 1067 | 3763078.810000001 | 3689620.639999997 | 3356903.159999998 | 3319104.830000003 | 3079642.322 | 2790568.272000002 | 3033399.700999998 | 2967458.540000001 | 3237458.469999999 | 3450581.130999997 | 3392745.859000008 | 3415292.956000003 | 3653898.795999998 | 3622247.239000002 | 3692960.644000005 | 3769329.108999997 | 3840933.226 | 3806906.216000003 | 3990156.341999999 | 4006391.351 | -0.4626168224299065 | -0.3510140405616226 | -0.2192982456140351 | 0.183890577507599 | 0.4723200102348688 | 0.8181818181818181 | -0.2061855670103093 | -0.04604167533707393 | 0.1494565217391304 | 446 | 616 | 621 | 441
Steel | 592 | 540297.7899999996 | 531607.1499999998 | 479820.0619999991 | 477117.2799999996 | 417553.0940000007 | 376572.3920000002 | 391889.3859999999 | 384702.8339999992 | 419655.5400000002 | 416932.1989999998 | 404794.2199999995 | 420047.6829999996 | 427012.8370000001 | 411951.8569999997 | 427747.6279999997 | 451718.7300000006 | 492121.1999999998 | 473385.0200000003 | 478716.1799999995 | 468974.9199999999 | -0.4432029795158288 | -0.3340425531914893 | -0.1666666666666666 | 0.08036445536445536 | 0.2878522907934671 | 0.5545722713864307 | -0.241956241956242 | -0.1243358129649308 | -0.006204620462046284 | 142 | 447 | 448 | 141
Telecom (Wireless) | 95 | 1050331.86 | 1049481.089999999 | 972108.4500000003 | 986011.55 | 862134.3399999999 | 825976.6699999997 | 891530.75 | 897553.2600000002 | 945822.8899999999 | 957599.9199999999 | 950738.38 | 963861.8500000007 | 976483.4200000003 | 954558.1900000002 | 953890.9399999997 | 956884.1400000001 | 997935.9900000002 | 985084.3200000005 | 999565 | 990162.2900000005 | -0.3461742357306944 | -0.2273017009587925 | -0.1359851988899167 | 0.0321199143468951 | 0.1511741671173591 | 0.4186486486486485 | -0.1779655190095282 | -0.08466516098076993 | 0.03610428610428595 | 26 | 68 | 68 | 26
Telecom. Equipment | 407 | 555980.169999999 | 565419.1100000002 | 515062.8999999994 | 523731.0800000007 | 487396.4899999999 | 453589.0600000001 | 473289.2800000002 | 471305.76 | 502601.3899999998 | 513867.5100000001 | 508814.9200000001 | 507966.5499999995 | 526797.9799999995 | 521305.2399999999 | 523332.4099999995 | 538278.2999999999 | 557953.3999999998 | 533588.7400000003 | 544756.4999999993 | 545998.4300000007 | -0.4003623188405797 | -0.2880625663644532 | -0.0893854748603351 | 0.01129943502824848 | 0.2788259958071277 | 0.5846867749419953 | -0.2077922077922079 | -0.06364970645792561 | 0.07583774250440922 | 142 | 264 | 265 | 141
Telecom. Services | 247 | 1606279.020000002 | 1610480.23 | 1491592.58 | 1536856.429999998 | 1361542.620000002 | 1278760.270000002 | 1327232.09 | 1322752.25 | 1402024.12 | 1410093.15 | 1382042.050000002 | 1402573.270000001 | 1395358.968 | 1364767.139999999 | 1378868.969999998 | 1369230.480000001 | 1493899.469999999 | 1436375.93 | 1450298.3 | 1409174.399999999 | -0.3681917211328976 | -0.2596879123992816 | -0.1390542907180385 | 0.05563256474406653 | 0.2526690391459074 | 0.5179856115107915 | -0.1968443706892081 | -0.06112852664576796 | 0.1249054651116506 | 93 | 152 | 152 | 93
Tobacco | 42 | 486019.56 | 485817.4000000002 | 441665.0300000001 | 455622.9700000002 | 405944.45 | 349990.5699999999 | 375012.1300000001 | 394368.1800000001 | 414420.24 | 416005.9600000001 | 403920.0399999999 | 405097.9699999999 | 397833.77 | 394290.3000000001 | 405951.7300000001 | 420094.4399999999 | 438864.7600000001 | 413506.92 | 423187.3299999998 | 410271.9200000001 | -0.3097171931078258 | -0.2333706860499095 | -0.1749463742465887 | -0.02656042496679945 | 0.1115640067737285 | 0.2441461130190445 | -0.236674420956812 | -0.1595805112519117 | -0.0927152317880795 | 8 | 33 | 33 | 8
Transportation | 239 | 547500.2800000007 | 546419.6299999992 | 497316.2299999999 | 497520.6000000002 | 443919.4599999998 | 414851.4390000002 | 443166.2300000001 | 434191.8599999998 | 465365.7710000003 | 475820.6729999998 | 471230.0040000003 | 475909.2709999998 | 481854.4379999999 | 471490.2679999998 | 484088.2399999999 | 505432.0999999996 | 541360.0900000004 | 526507.3600000002 | 542067.3399999997 | 533447.05 | -0.3512123438648053 | -0.2294600938967136 | -0.08801108801108815 | -0.01163885323063751 | 0.1683724001320568 | 0.3614906832298137 | -0.2333333333333334 | -0.1256629946960424 | 0.01476923076923087 | 62 | 175 | 175 | 62
Transportation (Railroads) | 49 | 682670.4800000001 | 671486.8600000005 | 607738.7899999998 | 600461.91 | 536184.1899999997 | 504575.1599999999 | 551367.87 | 532496.1899999997 | 568379.7999999999 | 568968.3999999999 | 567507.13 | 572629.6 | 579513.9999999999 | 562053.56 | 585122.9499999998 | 607000.8000000002 | 636548.6600000001 | 606755.3999999998 | 600555.3700000001 | 590210.48 | -0.3644042232277526 | -0.1558843404346124 | -0.03684434062433628 | -0.005441481251540758 | 0.1197444352844188 | 0.2566199821791681 | -0.2216241544616789 | -0.1262764875520695 | -0.050396557242949 | 8 | 41 | 41 | 8
Trucking | 184 | 238724.1000000001 | 240578.51 | 208787.7400000001 | 200571.0399999999 | 163581.5900000001 | 148881.81 | 172135.93 | 153124.1500000001 | 176557.78 | 178637.64 | 180086.1900000003 | 182821.4400000001 | 192368.9399999998 | 186579.3099999999 | 199655.7900000001 | 209819.64 | 220757.36 | 204170.28 | 206766.6999999999 | 198516.1299999997 | -0.4453781512605043 | -0.2739726027397261 | -0.1407407407407407 | 0.04861717612809313 | 0.2 | 0.4301250437020672 | -0.2458771275314466 | -0.1081081218325665 | -0.005237020316027019 | 44 | 140 | 140 | 44
Utility (General) | 51 | 598393.9000000001 | 603487.8000000004 | 543777.2 | 576294.2 | 474781.5000000001 | 416496.9 | 466355.6 | 437282.5999999999 | 500682.4000000001 | 496014.5999999999 | 480059.9999999998 | 477336.2 | 478197.0000000002 | 463680.0999999999 | 475717.7000000002 | 497442.0999999997 | 523542.5000000001 | 500486.6 | 499566.4999999999 | 488750.6999999998 | -0.3692432589156277 | -0.2943702290076335 | -0.217499656191266 | 0.08221145953045461 | 0.1526196282903036 | 0.2571883228031973 | -0.2739851016000353 | -0.1872395540038293 | -0.02476303905513366 | 9 | 42 | 42 | 9
Utility (Water) | 90 | 143504.88 | 144148.28 | 130551.2190000001 | 139636.0399999999 | 125074.129 | 112221.96 | 121483.7699999999 | 117375.549 | 127654.25 | 127911.14 | 124603.359 | 124804.979 | 124119.925 | 121416.82 | 123137.99 | 128088.892 | 133214.0999999999 | 128873.1699999999 | 129215.66 | 125616.87 | -0.2764822895531989 | -0.1788287915182639 | -0.05954825462012314 | -0.02779043280182225 | 0.09508088478045562 | 0.2308704231528174 | -0.217741935483871 | -0.09519586794859836 | 0.009564293304994642 | 25 | 64 | 64 | 25
Missing | 4 | 455.8 | 450.8 | 437.8 | 452.6999999999999 | 378.9 | 336.11 | 364.85 | 359.05 | 375.61 | 385.8 | 381.99 | 399.6 | 405.5000000000001 | 412.2 | 482.4999999999999 | 473.7 | 213.1 | 476.4 | 477.9 | 467.1 | -0.3397683397683398 | -0.3054841698841699 | -0.01341156747694883 | 0.3830954994511526 | 0.4514892701934125 | 1.065274151436031 | 0.003474903474903313 | 0.00573745173745166 | 0.2169230769230768 | 3 | 1 | 1 | 3

Sheet: SummaryChanges
Market Cap ($ millions) | Change in Market Cap ($ millions) | % Change in Market Cap  | Company-level data (2/14-6/26)
0 | Number of firms | 2020-02-14 00:00:00 | 2020-03-20 00:00:00 | 2020-06-26 00:00:00 | 2/14-3/20 | 3/20-6/26 | 2/14-6/26 | 2/14-3/20 | 3/20-6/26 | 2/14-6/26 | 1st Quartile | Median | 3rd Quartile | % w/ Negative Returns
Advertising | 257 | 174747.0900000003 | 109435.02 | 149006.12
