Source: http://www.stern.nyu.edu/~adamodar/pc/blog/S&P500ValueJune1.xlsx

Sheet: S&P 500 Valuation
S&P 500 Intrinsic Value Estimator
Inputs
Enter current level of index | 3044.31 | Cash flow worksheet for 2020
Earnings in 2019 | 163 | 2019 | Expected drop in 2020
Dividends + Buybacks in 2019 | 146.3 | Dividends | 58.5 | 0.2
Growth and Discount Rate Inputs | Buybacks | 87.81 | 0.5
Expected growth rate in earnings for the next 5 years (pre-COVID estimates) = | 0.0379
Enter current long term risk free rate  = | 0.0066 | Equity Risk Premium Choices
Do you want to change the risk free rate after year 5  | No | Historical Equity risk premium (US) = | 0.04824904600278135 | HUS
If yes, riskfree rate after year 5 | 0.03 | Historical Equity risk premium (Global) = | 0.032 | HG
If you want to compute an intrinsic value for index, what ERP would you like to use? | ERP10 | Average implied ERP (last decade) = | 0.05578000000000001 | ERP10
ERP used to compute fair value of index (you can override this number) = | 0.05578000000000001 | Average implied ERP (1960-Current) = | 0.042040677966101704 | ERPLong
Expected growth rate in the long term (after year 5) = | 0.0066 | Historical High ERP (1960-Current) = | 0.0645 | ERPHigh
Return on Equity = | 0.162 | Direct input | 0.05 | ERPDirect
Corona Virus Effects
Do you want to adjust earnings in 2020 for expected COVID effects? | Yes
Earnings in 2020 | 120 | Growth (yrs 2-5) | 0.07222804640427483 | Computed based upon how much of the earnings drop in 2020 will be recouped by 2024
Earnings in 2021 | 150
How much of the COVID earnings loss will be recouped by 2024? | 0.8 | If you set this to 100%, the earnings in 2024 in the post-Corona valuation = earnings in 2024 in the pre-Corona valuation
How much will cash flows be as a percent of earnings in 2020? | 0.7558750000000001
Intrinsic Value Estimate (based on your choice of ERP) based upon pre-Corona numbers
Last 12 months | 1 | 2 | 3 | 4 | 5 | Terminal Year
Expected Earnings | 163 | 169.17770000000002 | 175.58953483000002 | 182.244378200057 | 189.15144013383917 | 196.3202797149117 | 197.6159935610301
Expected cash payout (dividends + buybacks) as % of earnings | 0.8975460122699387 | 0.9098886616678028 | 0.9222313110656669 | 0.934573960463531 | 0.9469166098613951 | 0.9592592592592593 | 0.9592592592592593
Expected Dividends + Buybacks = | 146.3 | 153.93287103703705 | 161.93416691568152 | 170.3208503066409 | 179.11064044193563 | 188.32204609689677 | 189.56497160113628
Expected Terminal Value = | 3398.439792060528
Present Value = | 144.89436080972632 | 143.47582111802006 | 142.04572178746554 | 140.60534873639025 | 2650.3492644192206
Intrinsic Value of Index = | 3221.370516870823
Intrinsic Trailing PE = | 20.458644396510106
Intrinsic CAPE (based on inflation-adjusted ten year average earnings) = | 27.741933413608766
Intrinsic Value Estimate (based on your choice of ERP) based upon post-Corona numbers
Last 12 months | 1 | 2 | 3 | 4 | 5 | Terminal Year
Expected Earnings | 163 | 120 | 150 | 160.8342069606412 | 172.45094752438914 | 184.9067425646419 | 186.12712706556852
Expected cash payout (dividends + buybacks) as % of earnings | 0.8975460122699387 | 0.7558750000000001 | 0.8067210648148149 | 0.8575671296296297 | 0.9084131944444445 | 0.9592592592592593 | 0.9592592592592593
Expected Dividends + Buybacks = | 146.3 | 90.70500000000001 | 121.00815972222223 | 137.9261292094949 | 156.6567161256016 | 177.37350490460094 | 178.54417003697128
Expected Terminal Value = | 3200.863571835268
Present Value = | 85.37905457557562 | 107.21483556442136 | 115.02887956255137 | 122.97857987883516 | 2496.2650310707013
Intrinsic Value of Index = | 2926.866380652085
Intrinsic Trailing PE = | 24.390553172100706
Intrinsic CAPE (based on inflation-adjusted ten year average earnings) = | 25.689590112102703
Earnings and Cash Return: Pre- versus Post-Corona Estimates
Pre-Corona | Post-Corona | Corona Effect
Year | Earnings | Cash Return | Earnings | Cash Return | Earnings | Cash Return
2020 | 169.17770000000002 | 153.93287103703705 | 120 | 90.70500000000001 | -0.29068665669293303 | -0.41074963788484187
2021 | 175.58953483000002 | 161.93416691568152 | 150 | 121.00815972222223 | -0.14573496566737287 | -0.252732378675646
2022 | 182.244378200057 | 170.3208503066409 | 160.8342069606412 | 137.9261292094949 | -0.11748055797865542 | -0.1901982114275701
2023 | 189.15144013383917 | 179.11064044193563 | 172.45094752438914 | 156.6567161256016 | -0.08829164926068311 | -0.12536343045243692
2024 | 196.3202797149117 | 188.32204609689677 | 184.9067425646419 | 177.37350490460094 | -0.05813733133858645 | -0.05813733133858645
2025 | 197.6159935610301 | 189.56497160113628 | 186.12712706556852 | 178.54417003697128 | -0.05813733133858656 | -0.05813733133858645

Sheet: Earnings and Growth
Top Down Estimates (Yardeni on 6/1/20) | Top down Estimates (Analyst Consensus on 6/1/20) | Bottom up Estimates (Thomson Reuters on 6/1/2020) | Bottom up Estimates for Net Income (S&P)
Year | Earnings on Index | Source | Year | Earnings on Index | Source | Year | Earnings Growth | Earnings | Source | Earnings Growth | Earnings | Source
2019 | 163 | Yardeni | 2019 | 162.97 | Analyst Consensus | 2019 | 162.93 | Thomson-Reuters | 1418.75
2020 | -0.2638036809815951 | 120 | Yardeni | 2020 | -0.22814014849358777 | 125.79 | Analyst Consensus | 2020 | -0.23144908856564173 | 125.22 | Thomson-Reuters | 0.06387312775330378 | 1509.37 | S&P Cap IQ
2021 | 0.25 | 150 | Yardeni | 2021 | 0.30407822561411857 | 164.04 | Analyst Consensus | 2021 | 0.30705957514773985 | 163.67 | Thomson-Reuters | 0.08453195704167982 | 1636.96 | S&P Cap IQ
2022 | 0.16886666666666666 | 2022 | 0.20491881707607906 | 2022 | 0.20690638343182655 | 0.05855463802778654 | S&P Cap IQ
2023 | 0.08773333333333333 | 2023 | 0.10575940853803954 | 2023 | 0.10675319171591326 | 0.03257731901389327
2024 | 0.0066 | 2024 | 0.0066 | 2024 | 0.0066 | 0.0066
Compounded average | 0.03325995548196681 | Compounded average | 0.0618507796076202 | Compounded average | 0.06196416878726052 | 0.048878047432703964
Sources for top down estimates
Thomson Reuters
Factset
Yardeni
S&P Capital IQ | Used estimated Net Income aggregated across
individual companies for next two years
On 6/1/20
Market Strategists Estimates
Firm | Strategist | 2020 S&P Target | 2020 EPS Estimate | Implied P/E
Bank of America Merrill Lynch | Savita Subramanian | 2600 | 115 | 22.61
Barclays | Maneesh Deshpande | 2500 | 119 | 21.01
BMO | Brian Belski | Suspended | Suspended | Suspended
BTIG | Julian Emanuel | 3000 | 127 | 23.62
Canaccord Genuity | Tony Dwyer | 3000 | 128 | 23.44
CFRA | Sam Stovall  | 3435 | 162.37 | 21.16
Citigroup | Tobias Levkovich | 2700 | 125 | 21.6
Credit Suisse | Jonathan Golub | 2700 | 125 | 21.6
Deutsche Bank | Binky Chadha | 3250 | 133 | 24.44
Goldman Sachs | David Kostin | 3000 | 110 | 27.27
JPMorgan Chase | Dubravko Lakos-Bujas | 3400 | 150 | 22.67
Morgan Stanley | Mike Wilson | 3000 | 130 | 23.08
Oppenheimer | John Stoltzfus | Suspended | Suspended | Suspended
RBC | Lori Calvasina | 2750 | 135 | 19.78
UBS | Francois Trahan | 2850 | 140 | 20.36
Wells Fargo Investment Institute | Darrell Cronk | 2760 | 115 | 24
Average | 129.59785714285712
Median | 127.5
High | 162.37
Low | 110

Sheet: Buyback & Dividend computation
Year | Dividend Yield | Buybacks/Index | Gross Cash Yield | Payout | Return on Equity | Net Profit Margin | Column1 | Column2
2001 | 0.013709726589378883 | 0.012490273410621118 | 0.0262 | 0.7742588931788931 | 0.11924493554327809 | 0.0527222885680165
2002 | 0.01814007410606715 | 0.01575992589393285 | 0.0339 | 0.6478257602085143 | 0.1360640718739841 | 0.06824886227189848
2003 | 0.016080438164959392 | 0.01231956183504061 | 0.0284 | 0.5774043518010606 | 0.1679049490359818 | 0.07694039194721515
2004 | 0.01568585385173939 | 0.01781414614826061 | 0.0335 | 0.5998717494089835 | 0.18432878503145683 | 0.08586979966250936
2005 | 0.0179 | 0.0311 | 0.049 | 0.8000812295618049 | 0.1843279083785413 | 0.08743938146216489
2006 | 0.01765653232775552 | 0.033924895906984054 | 0.0516 | 0.833993840234053 | 0.19361673950470137 | 0.09209352132786007
2007 | 0.01916304009947156 | 0.04578178427105999 | 0.06494482437053155 | 1.1553474959136625 | 0.1636432125934297 | 0.08052054473797168
2008 | 0.03149388690779419 | 0.04325522159959246 | 0.07474910850738666 | 1.3637069735264997 | 0.09348741479257539 | 0.04749342900447019
2009 | 0.019702860596293312 | 0.013864826752618856 | 0.03356768734891217 | 0.658247826135017 | 0.1259720406761637 | 0.06259357111404668
2010 | 0.01800787401574803 | 0.026143482064741905 | 0.04415135608048994 | 0.6628448306203578 | 0.16310993418746833 | 0.08701478119059737
2011 | 0.021097935880544576 | 0.03558014931927976 | 0.05667808519982434 | 0.7390953955547396 | 0.1665227751493594 | 0.09160073326178016
2012 | 0.021911526514700005 | 0.03130670224454559 | 0.053218228759245596 | 0.7839217689955431 | 0.1579084711485142 | 0.08863297234453528
2013 | 0.01888160315090134 | 0.02879850245623147 | 0.04768010560713281 | 0.8399733130003811 | 0.1573084246667766 | 0.09394615019564653
2014 | 0.019206906001644285 | 0.030324472458207727 | 0.04953137845985201 | 0.8779283325670568 | 0.16227089852481 | 0.09985214730254788
2015 | 0.021238392516414375 | 0.03177196982298893 | 0.0530103623394033 | 1.0783240445859872 | 0.13821943435677342 | 0.08914677100245756
2016 | 0.02041253874809051 | 0.027836092227155374 | 0.048248630975245885 | 1.0165631469979297 | 0.14353834308176527 | 0.09234539576598186
2017 | 0.01830109851474224 | 0.022759489977969862 | 0.0410605884927121 | 0.8816962492972452 | 0.16191367898152123 | 0.10109859772485527
2018 | 0.02169655144902966 | 0.038338951273510585 | 0.06003550272254024 | 0.9850765807042806 | 0.18484731161980353 | 0.11522826177133849
2019 | 0.01810708250020119 | 0.027179195116968657 | 0.04528627761716984 | 0.9308436187810154 | 0.18456588619337264 | 0.11287774330690567
Average: Last 10 years = | 0.04989005162536161 | 0.8796267281104537 | 0.16202051579101645 | 0.09717435538666462
Average: Last 5 years | 0.04952827242941428 | 0.9785007280732916 | 0.16261693084664722 | 0.10213935391430777
Index at the start of the current quarter = | 2584.59 | Base for normalized Cashflow | Updated at the start of every quarter | Last updated | 2020-04-01 00:00:00
Year | Market value of index | Earnings | Dividends | Buybacks | Stock Issuances | Cash to equity | Net Cash to Equity | Dividend yield | Buyback yield | Gross Cash Yield | Net Cash Yield | Book Value of Equity at start of year | Return on Equity | Sales per share | Inflation rate | Inflation adjusted Earnings
2001 | 1148.09 | 38.85 | 15.74 | 14.339958 | 30.079957999999998 | 0.013709726589378883 | 0.012490273410621118 | 0.0262 | 325.8 | 0.11924493554327809 | 736.88 | 0.0160367 | 55.478385900756535
2002 | 879.82 | 46.04 | 15.96 | 13.865898 | 29.825898000000002 | 0.01814007410606715 | 0.01575992589393285 | 0.0339 | 338.37 | 0.1360640718739841 | 674.59 | 0.0248027 | 64.15460686615046
2003 | 1111.91 | 54.69 | 17.88 | 13.698244000000004 | 31.578244000000005 | 0.016080438164959392 | 0.01231956183504061 | 0.0284 | 325.72 | 0.1679049490359818 | 710.81 | 0.020352000000000002 | 74.6879322946791
2004 | 1211.92 | 67.68 | 19.01 | 21.58932 | 40.599320000000006 | 0.01568585385173939 | 0.01781414614826061 | 0.0335 | 367.17 | 0.18432878503145683 | 788.17 | 0.0334232 | 89.43853068316623
2005 | 1248.29 | 76.45 | 22.344390999999998 | 38.821819 | 61.16620999999999 | 0.0179 | 0.0311 | 0.049 | 414.75 | 0.1843279083785413 | 874.32 | 0.0333855 | 97.76410576621012
2006 | 1418.3 | 87.72 | 25.042259800455653 | 48.11567986487548 | 73.15793966533113 | 0.01765653232775552 | 0.033924895906984054 | 0.0516 | 453.06 | 0.19361673950470137 | 952.51 | 0.0252398 | 109.41455748166167
2007 | 1468.36 | 82.54 | 28.138241560460056 | 67.22414075225365 | 95.3623823127137 | 0.01916304009947156 | 0.04578178427105999 | 0.06494482437053155 | 504.39 | 0.1636432125934297 | 1025.08 | 0.0410881 | 98.8902483104251
2008 | 903.25 | 49.51 | 28.446853349465105 | 39.07027890983189 | 67.517132259297 | 0.03149388690779419 | 0.04325522159959246 | 0.07474910850738666 | 529.59 | 0.09348741479257539 | 1042.46 | -0.0002223 | 59.3305649278491
2009 | 1115 | 56.86 | 21.96868956486704 | 15.459281829170026 | 37.427971394037066 | 0.019702860596293312 | 0.013864826752618856 | 0.03356768734891217 | 451.37 | 0.1259720406761637 | 908.4 | 0.028141199999999998 | 66.27346078127103
2010 | 1257.64 | 83.77 | 22.647422677165356 | 32.87908878390201 | 55.52651146106737 | 0.01800787401574803 | 0.026143482064741905 | 0.04415135608048994 | 513.58 | 0.16310993418746833 | 962.71 | 0.014377899999999999 | 96.25460834551312
2011 | 1257.6 | 96.44 | 26.532764163372857 | 44.74559578392622 | 71.27835994729908 | 0.021097935880544576 | 0.03558014931927976 | 0.05667808519982434 | 579.14 | 0.1665227751493594 | 1052.83 | 0.030620699999999997 | 107.52052009819951
2012 | 1426.19 | 96.82 | 31.25 | 44.64930567414848 | 75.89930567414848 | 0.021911526514700005 | 0.03130670224454559 | 0.053218228759245596 | 613.14 | 0.1579084711485142 | 1092.37 | 0.0178195 | 106.05434498025151
2013 | 1848.36 | 104.92 | 34.9 | 53.23 | 88.13 | 0.01888160315090134 | 0.02879850245623147 | 0.04768010560713281 | 666.97 | 0.1573084246667766 | 1116.81 | 0.015458000000000001 | 113.17739776721876
2014 | 2058.9 | 116.16 | 39.54509876678542 | 62.43505634420389 | 9.58 | 101.98 | 92.4 | 0.019206906001644285 | 0.030324472458207727 | 0.04953137845985201 | 0.04487833309048521 | 715.84 | 0.16227089852481 | 1163.32 | 0.0068853 | 124.4451642360395
2015 | 2043.94 | 100.48 | 43.41 | 64.94 | 9.43 | 108.35 | 98.91999999999999 | 0.021238392516414375 | 0.03177196982298893 | 0.0530103623394033 | 0.048396723974284954 | 726.96 | 0.13821943435677342 | 1127.13 | 0.0066691 | 106.93363011231166
2016 | 2238.82 | 106.26 | 45.7 | 62.32 | 9.763514904030073 | 108.02000000000001 | 98.66 | 0.02041253874809051 | 0.027836092227155374 | 0.048248630975245885 | 0.0440678571747617 | 740.29 | 0.14353834308176527 | 1150.68 | 0.0209 | 110.76977959739999
2017 | 2673.61 | 124.51 | 48.93 | 60.85 | 9.41 | 109.78 | 100.62 | 0.01830109851474224 | 0.022759489977969862 | 0.0410605884927121 | 0.037634509146809 | 768.99 | 0.16191367898152123 | 1231.57 | 0.0209 | 127.13716099999999
2018 | 2506.85 | 152.78 | 54.39 | 96.11 | 8.81 | 150.5 | 141.69 | 0.02169655144902966 | 0.038338951273510585 | 0.06003550272254024 | 0.05652113209805134 | 826.52 | 0.18484731161980353 | 1325.89 | 0.0211 | 152.78
2019 | 3230.78 | 157.18 | 58.5 | 87.81 | 8.81 | 146.31 | 137.5 | 0.01810708250020119 | 0.027179195116968657 | 0.04528627761716984 | 0.042559381944917325 | 851.62 | 0.18456588619337264 | 1392.48
Trailing four quarters | 2584.59 | 157.45767189835576 | 58.598669656203285 | 87.96076980568012 | 9.763514904030073 | 146.55943946188341 | 136.79592455785334 | 0.022672327005909362 | 0.034032774949094485 | 0.05670510195500385 | 0.052927514444400595 | 851.62 | 0.18489193759934683 | 1325.89 | 0.0211 | 157.45767189835576 | Updated at the start of every quarter | Last updated | 2020-01-01 00:00:00
S&P Cap IQ update | 120.35815184098385 | 52.49331749268153 | 82.2528823403413 | 9.763514904030073 | 134.74619983302284 | 124.98268492899277 | Updated at the start of every month | Last updated | 2020-01-01 00:00:00
Market Cap | Index level | Unit adjuster | Dividends | Buybacks
2019 | 26760 | 3230 | 0.12070254110612855 | 485.48 | 728.74
2018 | 21033 | 2506.85 | 0.11918651642656777 | 456.31 | 806.41
2017 | 22821 | 2673.61 | 0.11715568993470926 | 419.77 | 519.4
2016 | 19268 | 2238.82 | 0.11619368901806104 | 397.21 | 536.38
2015 | 17956 | 2043.94 | 0.11383047449320562 | 382.46 | 572.16
2014 | 18245 | 2058.9 | 0.11284735543984654 | 350.43 | 553.27
2013 | 16495 | 1848.36 | 0.11205577447711428 | 311.77000000000004 | 475.5899999999999
2012 | 12742 | 1426.19 | 0.11192826871762675 | 280.69 | 398.90999999999997
2011 | 11385 | 1257.6 | 0.11046113306982872 | 240.2 | 405.08000000000004
2010 | 11430 | 1257.64 | 0.11002974628171479 | 205.83 | 298.82
2009 | 9928 | 1115 | 0.11230862207896858 | 195.60999999999999 | 137.65
2008 | 7852 | 903.25 | 0.11503438614365767 | 247.29 | 339.64
2007 | 12868 | 1468.36 | 0.11410941871308672 | 246.59 | 589.12
2006 | 12729 | 1418.3 | 0.11142273548589834
Ratio
Index units adjuster = | 0.12070254110612855
Computing the trailing 12 month number (S&P Data updated every quarter on March 15, June 15, Sept 15 and Dec 15)
Quarter | Earnings | Dividends | Buybacks | Issuances
Last quarter | 324.35 | 126.35 | 181.58 | Updated April 1, 2020
2 quarters ago | 330.42 | 123.12 | 175.89
3 quarters ago | 333.26 | 118.68 | 165.46
4 quarters ago | 316.48 | 117.33 | 205.81
Sum | 1304.51 | 485.47999999999996 | 728.74 | 86.011
S&P Capital IQ data (updated every month and does not match up to the S&P update every three quarters)
Month | Earnings | Dividends | Buybacks | Issuances | Index Units Adjuster
2020-06-01 00:00:00 | 1060.2866999999999 | 462.43619999999993 | 724.601 | 86.011 | 0.11351472374498696 | Updated June 1, 2020

Sheet: Implied ERP- Annual since 1960
Year | Earnings Yield | Dividend Yield | T.Bond Rate | Implied ERP
1960 | 0.0534 | 0.0341 | 0.0276
1961 | 0.0471 | 0.0285 | 0.0235 | 0.0292
1962 | 0.0581 | 0.034 | 0.0385 | 0.0356
1963 | 0.0551 | 0.0313 | 0.0414 | 0.0338
1964 | 0.0562 | 0.0305 | 0.0421 | 0.0331
1965 | 0.0573 | 0.0306 | 0.0465 | 0.0332
1966 | 0.0674 | 0.0359 | 0.0464 | 0.0368
1967 | 0.0566 | 0.0309 | 0.057 | 0.032
1968 | 0.0551 | 0.0293 | 0.0616 | 0.03
1969 | 0.0663 | 0.0352 | 0.0788 | 0.0374
1970 | 0.0598 | 0.0346 | 0.065 | 0.0341
1971 | 0.0546 | 0.031 | 0.0589 | 0.0309
1972 | 0.0523 | 0.027 | 0.0641 | 0.0272
1973 | 0.0816 | 0.037 | 0.069 | 0.043
1974 | 0.1364 | 0.0543 | 0.074 | 0.0559
1975 | 0.0855 | 0.0414 | 0.0776 | 0.0413
1976 | 0.0907 | 0.0393 | 0.0681 | 0.0455
1977 | 0.1143 | 0.0511 | 0.0778 | 0.0592
1978 | 0.1211 | 0.0539 | 0.0915 | 0.0572
1979 | 0.1348 | 0.0553 | 0.1033 | 0.0645
1980 | 0.1104 | 0.0474 | 0.1243 | 0.0503
1981 | 0.1239 | 0.0557 | 0.1398 | 0.0573
1982 | 0.0983 | 0.0493 | 0.1047 | 0.049
1983 | 0.0806 | 0.0432 | 0.118 | 0.0431
1984 | 0.1007 | 0.0468 | 0.1151 | 0.0511
1985 | 0.0742 | 0.0388 | 0.0899 | 0.0384
1986 | 0.0596 | 0.0338 | 0.0722 | 0.0358
1987 | 0.0649 | 0.0371 | 0.0886 | 0.0399
1988 | 0.082 | 0.0368 | 0.0914 | 0.0377
1989 | 0.068 | 0.0332 | 0.0793 | 0.0351
1990 | 0.0658 | 0.0374 | 0.0807 | 0.0389
1991 | 0.0458 | 0.0311 | 0.067 | 0.0348
1992 | 0.0416 | 0.029 | 0.0668 | 0.0355
1993 | 0.0425 | 0.0272 | 0.0579 | 0.0317
1994 | 0.0589 | 0.0291 | 0.0782 | 0.0355
1995 | 0.0574 | 0.023 | 0.0557 | 0.0329
1996 | 0.0483 | 0.0201 | 0.0641 | 0.032
1997 | 0.040766408479412965 | 0.015994971301381864 | 0.0574 | 0.0273
1998 | 0.03110419906687403 | 0.013178981964319126 | 0.0465 | 0.0226
1999 | 0.03074085459575776 | 0.011374404356705241 | 0.0644 | 0.0205
2000 | 0.03938558487593541 | 0.012321969696969698 | 0.0511 | 0.0287
2001 | 0.03852485432326734 | 0.013710597601233353 | 0.0505 | 0.0362
2002 | 0.05232888545384283 | 0.018276465640699232 | 0.0381 | 0.041
2003 | 0.0487 | 0.0161 | 0.0425 | 0.0369
2004 | 0.05584527031487227 | 0.016013433229916166 | 0.0422 | 0.0365
2005 | 0.0547 | 0.01792852622387426 | 0.0439 | 0.0408
2006 | 0.06184869209617148 | 0.01766198970598604 | 0.047 | 0.0416
2007 | 0.056212372987550746 | 0.01888501457408265 | 0.0402 | 0.0437
2008 | 0.07239413230002768 | 0.031054525325214504 | 0.0221 | 0.0643
2009 | 0.05349296027262129 | 0.02000717424446238 | 0.0384 | 0.0436
2010 | 0.0665214210743933 | 0.01838363919722655 | 0.0329 | 0.052
2011 | 0.07717080152671756 | 0.02069020356234097 | 0.0188 | 0.0601
2012 | 0.0718487719027619 | 0.02134357974743898 | 0.0176 | 0.0578
2013 | 0.05813261485857734 | 0.0196 | 0.0304 | 0.0496
2014 | 0.05488853271164214 | 0.019155859925202776 | 0.0217 | 0.0578
2015 | 0.05201718250046478 | 0.021116079728367758 | 0.0227 | 0.0612
2016 | 0.0486 | 0.0201 | 0.0245 | 0.0569
2017 | 0.0442 | 0.018 | 0.0241 | 0.0508
2018 | 0.0592 | 0.0208 | 0.0268 | 0.0596
2019 | 0.050251022972780564 | 0.01819993933353555 | 0.0192 | 0.052

Sheet: Historical ERP
Annual Returns on Investments in | Compounded Value of $ 100
Year | S&P 500 | 3-month T.Bill | 10-year T. Bond | Stocks | T.Bills | T.Bonds | Stocks - Bills | Stocks - Bonds | Historical risk premium
1928 | 0.43811155152887893 | 0.0308 | 0.008354708589799302 | 143.8111551528879 | 103.08 | 100.83547085897993 | 0.40731155152887893 | 0.4297568429390796
1929 | -0.0829794661190966 | 0.0316 | 0.04203804156320426 | 131.8777822763307 | 106.337328 | 105.074396573995 | -0.1145794661190966 | -0.12501750768230085
1930 | -0.25123636363636365 | 0.0455 | 0.045409314348970366 | 98.74528781279727 | 111.17567642400002 | 109.84575287805193 | -0.29673636363636363 | -0.29664567798533403
1931 | -0.4383754889178619 | 0.0231 | -0.02558855961942253 | 55.457773989527276 | 113.7438345493944 | 107.03495828159154 | -0.4614754889178619 | -0.41278692929843935
1932 | -0.08642364532019696 | 0.0107 | 0.08790306990477326 | 50.66491100000872 | 114.96089357907292 | 116.44365970167279 | -0.09712364532019696 | -0.17432671522497023
1933 | 0.49982225433526023 | 0.0096 | 0.01855272089185736 | 75.9883610317284 | 116.06451815743202 | 118.60400641974435 | 0.49022225433526023 | 0.48126953344340284
1934 | -0.011885656970912803 | 0.003225 | 0.0796344261796561 | 75.0851894387234 | 116.43882622848975 | 128.04896841358894 | -0.015110656970912803 | -0.0915200831505689
1935 | 0.4674042105263158 | 0.0017499999999999998 | 0.04472047729656613 | 110.18032313054879 | 116.64259417438959 | 133.77537939837757 | 0.46565421052631584 | 0.42268373322974967
1936 | 0.3194341027550261 | 0.0017000000000000001 | 0.0501787540454506 | 145.3756757910145 | 116.84088658448606 | 140.4880612585456 | 0.3177341027550261 | 0.2692553487095755
1937 | -0.3533672875436554 | 0.0030250000000000003 | 0.01379146059646038 | 94.00466756191786 | 117.19433026640414 | 142.42559681966594 | -0.3563922875436554 | -0.36715874814011573
1938 | 0.29282654028436017 | 0.000775 | 0.04213248532204607 | 121.53172913465568 | 117.28515587236059 | 148.42634118715418 | 0.29205154028436014 | 0.2506940549623141
1939 | -0.010975646879756443 | 0.00037500000000000006 | 0.04412261394206067 | 120.19783979098749 | 117.32913780581272 | 154.97529933818757 | -0.011350646879756444 | -0.05509826082181711
1940 | -0.10672873194221515 | 0.00025 | 0.05402481596284551 | 107.36927676790187 | 117.35847009026418 | 163.34781136372007 | -0.10697873194221515 | -0.16075354790506066
1941 | -0.1277145557655955 | 0.0008249999999999999 | -0.020221975848580105 | 93.656657282616 | 117.45529082808865 | 160.0445958674045 | -0.1285395557655955 | -0.10749257991701541
1942 | 0.19173762945914843 | 0.0033750000000000004 | 0.022948682374484164 | 111.61416273305268 | 117.85170243463344 | 163.71740846371824 | 0.18836262945914845 | 0.16878894708466427
1943 | 0.25061310133060394 | 0.0038 | 0.0249 | 139.5861342080017 | 118.29953890388505 | 167.79397193446482 | 0.24681310133060394 | 0.22571310133060393
1944 | 0.1903067694944301 | 0.0038 | 0.025776111579070303 | 166.15032047534245 | 118.74907715171982 | 172.11904807734297 | 0.1865067694944301 | 0.16453065791535978
1945 | 0.358210843373494 | 0.0038 | 0.03804417341923723 | 225.6671668995912 | 119.20032364489636 | 178.66717499115143 | 0.354410843373494 | 0.3201666699542568
1946 | -0.08429147465437781 | 0.0038 | 0.031283745375695685 | 206.64534862054904 | 119.65328487474697 | 184.2565534005695 | -0.0880914746543778 | -0.11557522003007349
1947 | 0.052 | 0.005675 | 0.009196968062832236 | 217.3909067488176 | 120.33231726641117 | 185.95115503756207 | 0.046325 | 0.042803031937167765
1948 | 0.057045751633986834 | 0.010225 | 0.019510369413175046 | 229.79213442269784 | 121.56271521046021 | 189.5791307651515 | 0.046820751633986836 | 0.03753538222081179
1949 | 0.18303223684210526 | 0.011025 | 0.04663485182797314 | 271.851502794806 | 122.90294414565554 | 198.42012543806027 | 0.17200723684210525 | 0.13639738501413212
1950 | 0.30805539011316263 | 0.011725 | 0.00429595741710961 | 355.5968235411095 | 124.34398116576335 | 199.2725298476397 | 0.29633039011316264 | 0.30375943269605304
1951 | 0.2367846304454234 | 0.014775 | -0.0029531392208319886 | 439.7966859908575 | 126.18116348748751 | 198.68405032411223 | 0.22200963044542338 | 0.23973776966625537
1952 | 0.18150988641144306 | 0.016725 | 0.022679961918305656 | 519.6241325091871 | 128.29154344681575 | 203.19019701923781 | 0.16478488641144307 | 0.1588299244931374
1953 | -0.012082047421904465 | 0.018925 | 0.04143840258908851 | 513.3460090986451 | 130.71946090654674 | 211.61007420547722 | -0.031007047421904466 | -0.05352045001099298
1954 | 0.525633212414349 | 0.009625 | 0.032898034558095555 | 783.1777209412517 | 131.97763571777224 | 218.57162973953018 | 0.516008212414349 | 0.4927351778562535
1955 | 0.3259733185102835 | 0.0166 | -0.013364391288618781 | 1038.4727616197922 | 134.16846447068727 | 215.65055295509998 | 0.3093733185102835 | 0.33933770979890227
1956 | 0.07439511873350935 | 0.025550000000000003 | -0.022557738173154165 | 1115.730066022012 | 137.5964687379133 | 210.7859642446429 | 0.04884511873350934 | 0.09695285690666351
1957 | -0.1045736018855796 | 0.0323 | 0.0679701284662499 | 999.0541542860545 | 142.04083467814792 | 225.11311331323367 | -0.1368736018855796 | -0.17254373035182952
1958 | 0.43719954988747184 | 0.017775 | -0.020990181755274694 | 1435.8401808531264 | 144.56561051455202 | 220.38794814929315 | 0.41942454988747185 | 0.4581897316427465
1959 | 0.12056457163557326 | 0.032549999999999996 | -0.026466312591385065 | 1608.9516371948275 | 149.2712211368007 | 214.55509182219998 | 0.08801457163557326 | 0.1470308842269583
1960 | 0.00336535314743695 | 0.030449999999999998 | 0.11639503690963365 | 1614.366327651135 | 153.8165298204163 | 239.52823965399477 | -0.02708464685256305 | -0.1130296837621967 | 0.061119788031217315
1961 | 0.2663771295818275 | 0.022675 | 0.020609208076323167 | 2044.3965961044005 | 157.30431963409424 | 244.46472698517934 | 0.24370212958182752 | 0.24576792150550436 | 0.06617359182997262
1962 | -0.08811460517120888 | 0.027775000000000005 | 0.05693544054008462 | 1864.2553972252979 | 161.67344711193124 | 258.383433912592 | -0.11588960517120889 | -0.14505004571129348 | 0.05968346537898994
1963 | 0.22611927099841514 | 0.031100000000000003 | 0.016841620739546127 | 2285.7994686007432 | 166.70149131711227 | 262.7350297119295 | 0.19501927099841515 | 0.20927765025886902 | 0.06361899391151482
1964 | 0.16415455878432425 | 0.03505 | 0.037280648911540815 | 2661.023871838341 | 172.54437858777706 | 272.5299621113832 | 0.12910455878432425 | 0.12687390987278344 | 0.06526777744265821
1965 | 0.12399242477876114 | 0.039025 | 0.007188550935926234 | 2990.9706741017444 | 179.27792296216506 | 274.48905762558695 | 0.08496742477876115 | 0.11680387384283492 | 0.06661794168987445
1966 | -0.0997095423563779 | 0.0484 | 0.029079409324299622 | 2692.7423569857124 | 187.95497443353386 | 282.47103728732264 | -0.1481095423563779 | -0.12878895168067753 | 0.061123719679815336
1967 | 0.23802966513133328 | 0.043324999999999995 | -0.015806209932824666 | 3333.6949185039784 | 196.09812370086672 | 278.0062407720165 | 0.19470466513133328 | 0.25383587506415795 | 0.06573283877673952
1968 | 0.10814862651601535 | 0.0526 | 0.032746196950768365 | 3694.2294451636035 | 206.4128850075323 | 287.1098878858797 | 0.05554862651601535 | 0.07540242956524698 | 0.06596627828748769
1969 | -0.08241371076449064 | 0.065625 | -0.050140493209926106 | 3389.7742881722256 | 219.95873058615163 | 272.7140565018351 | -0.14803871076449066 | -0.03227321755456453 | 0.06333387273419877
1970 | 0.03561144905496419 | 0.06684999999999999 | 0.16754737183412338 | 3510.489062543298 | 234.6629717258359 | 318.4065799309402 | -0.031238550945035803 | -0.1319359227791592 | 0.05897256666631501
1971 | 0.14221150298426474 | 0.0454 | 0.09786896619712297 | 4009.720988337403 | 245.31667064218885 | 349.56870273914296 | 0.09681150298426475 | 0.04434253678714177 | 0.05866063680987854
1972 | 0.18755362915074925 | 0.039525000000000005 | 0.02818449050444969 | 4761.7587115820115 | 255.01281204932138 | 359.42111852214714 | 0.14802862915074924 | 0.15936913864629956 | 0.06080430372818957
1973 | -0.14308047437526472 | 0.06724999999999999 | 0.036586646024150085 | 4080.444016268308 | 272.16242365963825 | 372.57113175912104 | -0.2103304743752647 | -0.1796671203994148 | 0.054960045718843054
1974 | -0.2590178575089697 | 0.07777500000000001 | 0.019886086932378574 | 3023.5361494891954 | 293.3298561597666 | 379.98011367377757 | -0.3367928575089697 | -0.2789039444413483 | 0.046417018581159875
1975 | 0.36995137106184356 | 0.0599 | 0.03605253602603384 | 4142.097493447771 | 310.90031454373667 | 393.6793604111778 | 0.31005137106184355 | 0.33389883503580975 | 0.051706756781676244
1976 | 0.23830999002106662 | 0.04970000000000001 | 0.1598456074290921 | 5129.200705777594 | 326.3520601765604 | 456.607276908399 | 0.1886099900210666 | 0.07846438259197452 | 0.05219658803895011
1977 | -0.06979704075935232 | 0.051275 | 0.012899606071070449 | 4771.197675053536 | 343.08576206211353 | 462.49733090970153 | -0.12107204075935232 | -0.08269664683042277 | 0.04926676135704655
1978 | 0.0650928391167193 | 0.06932500000000001 | -0.007775806907508648 | 5081.768477709861 | 366.87018251706957 | 458.9010409693096 | -0.004232160883280711 | 0.07286864602422795 | 0.04974189891320324
1979 | 0.18519490167516386 | 0.099375 | 0.006707203124723546 | 6022.886091275286 | 403.32790690470335 | 461.9789834652378 | 0.08581990167516386 | 0.17848769855044033 | 0.052132252828986925
1980 | 0.3173524550676301 | 0.1122 | -0.02989744251999403 | 7934.263778934181 | 448.5812980594111 | 448.16699336164055 | 0.2051524550676301 | 0.34724989758762415 | 0.05731870525758964
1981 | -0.04702390247495576 | 0.143 | 0.08199215335892354 | 7561.163732783006 | 512.7284236819069 | 484.91317021175587 | -0.19002390247495576 | -0.12901605583387932 | 0.05373099046864449
1982 | 0.20419055079559353 | 0.1101 | 0.32814549486295586 | 9105.081920035633 | 569.1798231292848 | 644.0352424164572 | 0.09409055079559353 | -0.12395494406736232 | 0.05103868869213968
1983 | 0.22337155858930619 | 0.084475 | 0.032002094451429264 | 11138.898259597305 | 617.2612886881312 | 664.6457190743178 | 0.1388965585893062 | 0.19136946413787692 | 0.05340283065456397
1984 | 0.0614614199963621 | 0.096125 | 0.13733364344102345 | 11823.510763827162 | 676.5955300632778 | 755.9239372722727 | -0.0346635800036379 | -0.07587222344466135 | 0.05121212631805139
1985 | 0.3123514948576895 | 0.074875 | 0.2571248821260641 | 15516.60202537456 | 727.2556203767657 | 950.2907905396761 | 0.23747649485768949 | 0.05522661273162538 | 0.05128436510258161
1986 | 0.18494578758046187 | 0.06035 | 0.24284215141767618 | 18386.332207530046 | 771.1454970665035 | 1181.0614505867354 | 0.12459578758046187 | -0.057896363837214304 | 0.04966356559973906
1987 | 0.05812721641821871 | 0.057225 | -0.04960508937926228 | 19455.07851889441 | 815.2742981361342 | 1122.4747917679792 | 0.000902216418218714 | 0.107732305797481 | 0.05069359043750721
1988 | 0.16537192812044688 | 0.06449999999999999 | 0.08223595843484167 | 22672.402365298665 | 867.8594903659149 | 1214.7825820879684 | 0.10087192812044689 | 0.0831359696856052 | 0.051199933578993884
1989 | 0.31475183638196724 | 0.08109999999999999 | 0.17693647159446219 | 29808.58264496728 | 938.2428950345906 | 1429.7219259170236 | 0.23365183638196724 | 0.13781536478750506 | 0.05240982169336883
1990 | -0.03064451612903212 | 0.07550000000000001 | 0.06235375333553336 | 28895.113053319994 | 1009.0802336097021 | 1518.8704542240573 | -0.10614451612903213 | -0.09299826946456548 | 0.049979953137364364
1991 | 0.3023484313487976 | 0.05610000000000001 | 0.15004510019517303 | 37631.50515863746 | 1065.6896347152065 | 1746.769523711594 | 0.24624843134879756 | 0.15230333115362454 | 0.0513850639844049
1992 | 0.07493727972380064 | 0.03405 | 0.09361637316207942 | 40451.507787137925 | 1101.976366777259 | 1910.2957512715263 | 0.04088727972380064 | -0.018679093438278782 | 0.050319857010869606
1993 | 0.0996705147919488 | 0.029825 | 0.14210957589263107 | 44483.33039239249 | 1134.8428119163907 | 2181.7670703142176 | 0.0698455147919488 | -0.04243906110068227 | 0.04897593793175847
1994 | 0.013259206774573897 | 0.039850000000000003 | -0.08036655550998592 | 45073.144068086905 | 1180.0662979712588 | 2006.4259659479505 | -0.026590793225426106 | 0.09362576228455982 | 0.0497186361717199
1995 | 0.3719519890260631 | 0.055150000000000005 | 0.23480780112538907 | 61838.18965587012 | 1245.1469543043738 | 2477.5504351330737 | 0.31680198902606305 | 0.137144187900674 | 0.05079145111941363
1996 | 0.2268096601886579 | 0.050225 | 0.01428607793401844 | 75863.6884383998 | 1307.684460084311 | 2512.944913734846 | 0.1765846601886579 | 0.21252358225463946 | 0.05304503967737495
1997 | 0.33103653103653097 | 0.050525 | 0.09939130272977531 | 100977.34069068384 | 1373.7552174300708 | 2762.7097823991153 | 0.280511531036531 | 0.23164522830675566 | 0.05531558490330357
1998 | 0.28337953278443584 | 0.047275 | 0.14921431922606215 | 129592.25231742462 | 1438.6994953340775 | 3174.945641798982 | 0.23610453278443583 | 0.13416521355837369 | 0.056306048135548625
1999 | 0.20885350992084475 | 0.0451 | -0.08254214796268576 | 156658.0490724665 | 1503.5848425736442 | 2912.878808860126 | 0.16375350992084475 | 0.2913956578835305 | 0.05963469481832018
2000 | -0.09031818955249278 | 0.057625 | 0.16655267125397488 | 142508.97770141574 | 1590.2289191269506 | 3398.0265555148762 | -0.14794318955249278 | -0.25687086080646765 | 0.055111895842923087
2001 | -0.11849759142000185 | 0.036725 | 0.055721811892492555 | 125622.00708807123 | 1648.6300761818877 | 3587.37075204697 | -0.15522259142000186 | -0.17421940331249441 | 0.051665345512908356
2002 | -0.219660479579127 | 0.016575 | 0.15116400378109285 | 98027.81676541301 | 1675.9561196946024 | 4129.65207797358 | -0.236235479579127 | -0.37082448336021984 | 0.045325449773477855
2003 | 0.2835580005001023 | 0.0103 | 0.003753185881775853 | 125824.38848080393 | 1693.2184677274568 | 4145.151429849277 | 0.27325800050010235 | 0.27980481461832646 | 0.048237796117156506
2004 | 0.10742775944096193 | 0.012275000000000001 | 0.04490683702274547 | 139341.42061832585 | 1714.0027244188113 | 4331.297069544118 | 0.09515275944096194 | 0.06252092241821647 | 0.04842299846885445
2005 | 0.048344775232688535 | 0.0301 | 0.028675329597779506 | 146077.8502787223 | 1765.5942064238177 | 4455.498440599193 | 0.018244775232688536 | 0.01966944563490903 | 0.04804218940225513
2006 | 0.15612557979315703 | 0.046775000000000004 | 0.019610012417568386 | 168884.33934842583 | 1848.1798754292918 | 4542.8708203458 | 0.10935057979315702 | 0.13651556737558865 | 0.04914903600480591
2007 | 0.054847352464217694 | 0.046425 | 0.10209921930012807 | 178147.19823435548 | 1933.9816261460965 | 5006.694384484438 | 0.008422352464217693 | -0.04725186683591037 | 0.047948712238125024
2008 | -0.3655234411179819 | 0.01585 | 0.20101279926977011 | 113030.22131020659 | 1964.635234920512 | 6013.104037797893 | -0.3813734411179819 | -0.5665362403877521 | 0.0387958688686898
2009 | 0.2593523387766398 | 0.00135 | -0.11116695313259162 | 142344.87355944986 | 1967.2874924876546 | 5344.6455830466175 | 0.2580023387766398 | 0.37051929190923144 | 0.04286850613334847
2010 | 0.14821092278719414 | 0.0013 | 0.08462933880355772 | 163441.9386237224 | 1969.8449662278888 | 5796.959404879208 | 0.14691092278719414 | 0.06358158398363642 | 0.04310851643347546
2011 | 0.0209837473362805 | 0.0003 | 0.16035334999461354 | 166871.5629679545 | 1970.435919717757 | 6726.52126523437 | 0.0206837473362805 | -0.13936960265833304 | 0.04097042900424852
2012 | 0.15890585241730293 | 0.0005 | 0.02971571978018946 | 193388.43092558492 | 1971.421137677616 | 6926.40468624756 | 0.15840585241730293 | 0.12919013263711346 | 0.041988275684727405
2013 | 0.32145085858125483 | 0.00066 | -0.09104568794347262 | 255553.30808629587 | 1972.7222756284834 | 6295.785406613258 | 0.32079085858125483 | 0.41249654652472745 | 0.04617680941872315
2014 | 0.1347735289662188 | 0.00053 | 0.10746180452004755 | 289995.12925607734 | 1973.7678184345664 | 6972.341867278899 | 0.1342435289662188 | 0.02731172444617125 | 0.045969805259763685
2015 | 0.01359949487590461 | 0.0021 | 0.012842996709792224 | 294060.8381108993 | 1977.9127308532788 | 7061.887630939909 | 0.01149949487590461 | 0.0007564981661123855 | 0.04543213214629449
2016 | 0.11740300406086394 | 0.0051 | 0.006905504698747792 | 328584.4638817743 | 1988.0000857806308 | 7110.653529157394 | 0.11230300406086394 | 0.11049749936211616 | 0.046170592023807355
2017 | 0.2160548143449928 | 0.009308333333333333 | 0.028017162707789457 | 399576.7192224 | 2006.505053245772 | 7309.873866042513 | 0.20674648101165946 | 0.18803765163720335 | 0.047680990010414925
2018 | -0.04226869289088544 | 0.019391666666666668 | -0.00016692385713402633 | 382687.1335912408 | 2045.4145304032963 | 7308.65367370163 | -0.06166035955755211 | -0.042101769033751416 | 0.04660289161989151
2019 | 0.3122364720665378 | 0.0155 | 0.09635630741548393 | 502176.0140890257 | 2077.1184556245476 | 8012.88855387813 | 0.2967364720665378 | 0.2158801646510539 | 0.04824904600278135

Sheet: Sheet9
Yes/No
Yes
No
