Source: http://www.stern.nyu.edu/~adamodar/pc/blog/countrytaxrates2017.xlsx

Sheet: Sheet1
Country | Number of firms | Average Effective Tax rate (across all firms | % of Profitable Firms that pay taxes | Average Effective Tax Rate across Profitable firms | Aggregate Effective Tax Rate2
Anguilla | 2 | 0 | 0 | 0 | 0
Argentina | 68 | 0.207291338 | 0.9555555555555556 | 0.3316862217299178 | 0.2265
Australia | 1531 | 0.078806402 | 0.8372093023255814 | 0.27132263312779553 | 0.3707
Austria | 71 | 0.198043764 | 0.9180327868852459 | 0.23633417775378907 | 0.2313
Azerbaijan | 1 | 0 | 0 | 0 | 0
Bahamas | 5 | 0.029881423 | 1 | 0.14940711462450593 | 0
Bahrain | 22 | 0.034188284 | 0.3333333333333333 | 0.13190342209927608 | 0.1463
Bangladesh | 293 | 0.196514628 | 0.9772727272727273 | 0.3221794457792538 | 0.3248
Barbados | 3 | 0.17700976 | 1 | 0.16343921808185707 | 0.1634
Belgium | 144 | 0.131009603 | 0.9 | 0.18897367502200108 | 0.1904
Belize | 1 | 0 | 0 | 0 | 0
Benin | 1 | 0.062162162 | 1 | 0.06216216216216216 | 0.0622
Bermuda | 89 | 0.052856175 | 0.7454545454545455 | 0.09623350903666661 | 0.0854
Botswana | 13 | 0.204584424 | 0.9166666666666666 | 0.22304103786857812 | 0.2178
Brazil | 181 | 0.14141995 | 0.9230769230769231 | 0.24670549865663927 | 0.3073
British Virgin Islands | 24 | 0.089038056 | 0.8333333333333334 | 0.2596167699178793 | 0.1331
Bulgaria | 112 | 0.044635536 | 0.85 | 0.08534693309373456 | 0.0914
Burkina Faso | 2 | 0.235372727 | 1 | 0.26221498371335505 | 0.2622
Cambodia | 1 | 0.035441176 | 1 | 0.03544117647058824 | 0.0354
Cameroon | 1 | 0.5 | 1 | 0.5053003533568905 | 0.5053
Canada | 2769 | 0.036545908 | 0.6592082616179001 | 0.19675575022330993 | 0.2621
Cayman Islands | 47 | 0.115010132 | 0.8 | 0.17899460424672956 | 0
Channel Islands | 88 | 0.073391789 | 0.8 | 0.10816753132436395 | 0.1436
Chile | 145 | 0.143957866 | 0.868421052631579 | 0.22016927995987973 | 0.2227
China | 3651 | 0.156077288 | 0.9549488054607509 | 0.21838385189598059 | 0.2303
Colombia | 40 | 0.228481542 | 1 | 0.2803343304565871 | 0.3827
Croatia | 100 | 0.056002417 | 0.8780487804878049 | 0.16187493498580832 | 0.2846
Curaçao | 4 | 0.387469391 | 1 | 0.18071153515321703 | 0.1807
Cyprus | 70 | 0.041457025 | 0.8064516129032258 | 0.1624855233123571 | 0.3663
Czech Republic | 11 | 0.181510018 | 1 | 0.2095285330843739 | 0.2097
Denmark | 149 | 0.128770143 | 0.90625 | 0.22118885061437302 | 0.3263
Dominican Republic | 1 | 0 | 0 | 0 | 0
Ecuador | 2 | 0.14305949 | 1 | 0.28611898016997167 | 0.2861
Egypt | 195 | 0.159307844 | 0.8843537414965986 | 0.24138141721085302 | 0.2684
Estonia | 17 | 0.142992038 | 1 | 0.12598926044571454 | 0.1328
Falkland Islands | 1 | 0 | 0 | 0 | 0
Finland | 141 | 0.164171065 | 0.9626168224299065 | 0.18258172408239143 | 0.205
France | 712 | 0.149186251 | 0.8614318706697459 | 0.2512794288709336 | 0.2857
Gabon | 1 | 0 | 0 | 0 | 0
Georgia | 2 | 0.027265501 | 0.5 | 0.04914040114613181 | -0.0361
Germany | 664 | 0.153758622 | 0.9057971014492754 | 0.26495154855168607 | 0.3177
Ghana | 23 | 0.199026433 | 1 | 0.2755386706812388 | 0.2932
Gibraltar | 7 | 0.02415981 | 1 | 0.10615247436469014 | 0.1751
Greece | 180 | 0.137769791 | 0.8924731182795699 | 0.20358702728254846 | 0
Greenland | 1 | 0.31875 | 1 | 0.31875 | 0.3188
Hong Kong | 1347 | 0.122163581 | 0.9308005427408412 | 0.21477169602924973 | 0.2436
Hungary | 37 | 0.099150959 | 0.9 | 0.16819319843613728 | 0.3539
Iceland | 18 | 0.175581295 | 0.9411764705882353 | 0.18933490637402403 | 0.1781
India | 3432 | 0.168864164 | 0.8874054294615042 | 0.27647889025238853 | 0.3347
Indonesia | 471 | 0.179055299 | 0.9335260115606936 | 0.2283145645387505 | 0.2699
Ireland | 83 | 0.100392164 | 0.8695652173913043 | 0.29064174701200673 | 0.2366
Isle of Man | 15 | 0.064440589 | 0.625 | 0.12989650938431854 | 0.1615
Israel | 489 | 0.12121364 | 0.900709219858156 | 0.2357597372510501 | 0.2654
Italy | 300 | 0.205887783 | 0.9326923076923077 | 0.3027260546183964 | 0.3009
Ivory Coast | 30 | 0.148919048 | 1 | 0.18835953012910084 | 0.202
Jamaica | 48 | 0.105091007 | 0.7619047619047619 | 0.2075885392040409 | 0.2053
Japan | 3679 | 0.28119861 | 0.9607231920199502 | 0.31071539041295637 | 0.3442
Jordan | 177 | 0.101274552 | 0.7913043478260869 | 0.2855568399536193 | 0.305
Kazakhstan | 10 | 0.159016946 | 1 | 0.228581325705091 | 0.2291
Kenya | 56 | 0.185385084 | 1 | 0.2980471211306642 | 0.329
Kuwait | 159 | 0.017020797 | 0.8490566037735849 | 0.07470553973493277 | 0.0872
Kyrgyzstan | 1 | 0 | 0 | 0 | 0
Laos | 1 | 0.041873278 | 1 | 0.041873278236914606 | 0.0419
Latvia | 16 | 0.105002969 | 1 | 0.13320921777882022 | 0.2751
Lebanon | 7 | 0.236076426 | 1 | 0.2122026412130015 | 0.2122
Liechtenstein | 2 | 0.041185317 | 1 | 0.043317340644276905 | 0.0433
Lithuania | 29 | 0.135492152 | 0.9230769230769231 | 0.14001975468715117 | 0.1374
Luxembourg | 55 | 0.174255583 | 0.918918918918919 | 0.2221523481270825 | 0
Macau | 10 | 0.071367712 | 1 | 0.02611709143856501 | 0.0288
Macedonia | 1 | 0 | 0 | 0 | 0
Malawi | 7 | 0.168593548 | 1 | 0.3012033694344164 | 0.3018
Malaysia | 902 | 0.167529265 | 0.9345794392523364 | 0.20212135636619083 | 0.2338
Mali | 1 | 0 | 0 | 0 | 0
Malta | 26 | 0.187271603 | 0.9047619047619048 | 0.28572584087896286 | 0.4645
Marshall Islands | 1 | 0 | 0 | 0 | 0
Mauritius | 68 | 0.101538797 | 0.9767441860465116 | 0.13848106170488222 | 0.1539
Mexico | 115 | 0.229846957 | 0.900990099009901 | 0.2858728757842983 | 0.2998
Monaco | 14 | 0 | 0 | 0 | 0
Mongolia | 2 | 0 | 0 | 0 | 0
Montenegro | 1 | 0 | 0 | 0 | 0
Morocco | 71 | 0.253280687 | 1 | 0.31350621250671307 | 0.3274
Mozambique | 1 | 0 | 0 | 0 | 0
Namibia | 5 | 0.226242368 | 0.8 | 0.2610770279481936 | 0.2567
Netherlands | 142 | 0.139657129 | 0.9042553191489362 | 0.22744410855874683 | 0.1743
Netherlands Antilles | 1 | 0 | 0 | 0 | 0
New Zealand | 136 | 0.144235612 | 0.8876404494382022 | 0.2224893674558104 | 0.2368
Nicaragua | 1 | 0 | 0 | 0 | 0
Niger | 1 | 0.190298507 | 1 | 0.19029850746268656 | 0.1903
Nigeria | 143 | 0.140600772 | 0.8974358974358975 | 0.17706316043041428 | 0.2215
Norway | 188 | 0.116644412 | 0.8761904761904762 | 0.37821963311129425 | 0.4647
Oman | 69 | 0.105461759 | 0.9491525423728814 | 0.12333011538638347 | 0.1418
Pakistan | 432 | 0.169129596 | 0.8725490196078431 | 0.2936185326524164 | 0.2968
Palestinian Authority | 28 | 0.143807406 | 0.8333333333333334 | 0.16106362712523137 | 0.1638
Panama | 6 | 0.025771753 | 0.5 | 0.138527673293928 | 0.2082
Papua New Guinea | 4 | 0.098148148 | 1 | 0.3925925925925926 | 0
Peru | 66 | 0.220404828 | 0.9615384615384616 | 0.290112439902435 | 0.3047
Philippines | 237 | 0.172847138 | 0.9382022471910112 | 0.2169765057306682 | 0.2171
Poland | 793 | 0.113184636 | 0.8827292110874201 | 0.18493993344476842 | 0.268
Portugal | 49 | 0.164692275 | 0.9428571428571428 | 0.23903166628847866 | 0.3039
Qatar | 44 | 0.0074229 | 0.225 | 0.03464729255540201 | 0.0319
Reunion | 1 | 0.304068522 | 1 | 0.30406852248394 | 0.3041
Romania | 73 | 0.125095219 | 0.9259259259259259 | 0.14354647378998975 | 0.0843
Russia | 205 | 0.147538434 | 0.9512195121951219 | 0.20238158391161806 | 0.2193
Saint Lucia | 1 | 0 | 0 | 0 | 0
Saudi Arabia | 170 | 0.060271569 | 0.75 | 0.048531669583008495 | 0.0548
Senegal | 4 | 0.176800313 | 0.6666666666666666 | 0.3188546731496489 | 0.3183
Serbia | 62 | 0.010160165 | 0.8333333333333334 | 0.13959876127642384 | 0.2372
Singapore | 568 | 0.112809614 | 0.9129213483146067 | 0.17307046022559974 | 0.2215
Slovakia | 11 | 0.174570398 | 1 | 0.22220767182143225 | 0.2228
Slovenia | 30 | 0.079023185 | 0.8333333333333334 | 0.14738915809972375 | 0.142
South Africa | 273 | 0.197659805 | 0.9205607476635514 | 0.26959559293935187 | 0.2976
South Korea | 1928 | 0.1434947 | 0.9 | 0.25359076692475363 | 0.2867
Spain | 167 | 0.152632064 | 0.8771929824561403 | 0.25621734149803105 | 0.2897
Sri Lanka | 256 | 0.17006369 | 0.93 | 0.2671217300015357 | 0.2799
Sudan | 2 | 0.226165669 | 1 | 0.22988792029887922 | 0.2299
Sweden | 661 | 0.100263211 | 0.9037267080745341 | 0.2000987076070598 | 0.1984
Switzerland | 274 | 0.131632654 | 0.9175257731958762 | 0.14300933558187032 | 0.1697
Taiwan | 1820 | 0.146902577 | 0.953857791225416 | 0.17807013569491006 | 0.1946
Tanzania | 14 | 0.20112985 | 0.9090909090909091 | 0.3130314716506193 | 0.3136
Thailand | 620 | 0.133780702 | 0.9390243902439024 | 0.1606364843796625 | 0.1667
Togo | 1 | 0.5 | 1 | 0.7599544937428896 | 0.36
Trinidad & Tobago | 18 | 0.203155149 | 0.9375 | 0.24209922049670676 | 0.242
Tunisia | 79 | 0.121403471 | 0.98 | 0.1921301915939267 | 0.2166
Turkey | 402 | 0.107654424 | 0.7785467128027682 | 0.16565564894489795 | 0.1578
Turks & Caicos Islands | 1 | 0 | 0 | 0 | 0
Uganda | 6 | 0.323675715 | 1 | 0.31212389163166554 | 0.3121
Ukraine | 14 | 0.060443305 | 0.8 | 0.0959362615248773 | 0.2356
United Arab Emirates | 96 | 0.010507133 | 0.2876712328767123 | 0.03422146651227332 | 0.0184
United Kingdom | 1280 | 0.103056464 | 0.8499298737727911 | 0.22472659783458132 | 0.3017
United States | 7330 | 0.104353396 | 0.8598312783906554 | 0.2621810671558238 | 0.2849
Uruguay | 1 | 0.496425735 | 1 | 0.49642573471008733 | 0.2964
Venezuela | 17 | 0.068513955 | 1 | 0.331263632592434 | 0.3408
Vietnam | 658 | 0.103055293 | 0.9575596816976127 | 0.18907113484546823 | 0.1997
Zambia | 12 | 0.183006609 | 1 | 0.3020727365208545 | 0
Zimbabwe | 10 | 0.205783588 | 1 | 0.2437762654881653 | 0.2438
Global Average | 42678 | 0.138326917 | 0.9014969363220352 | 0.2429233345854753 | 27.30%%
