Source: http://www.stern.nyu.edu/~adamodar/pc/blog/CountryDividends2018.xlsx

Sheet: Sheet1
Country | Number of firms | Dividends | Dividends + Buybacks | Buybacks as % of Cash Returns | Dividend Yield | Dividend Payout | FCFE | Cash Return/ FCFE | Cash | Cash/Firm Value | Cash/ Market Cap
Anguilla | 3 | 0 | 0 | NA | 0 | NA | -1.677999999999999 | NA | 0.818 | 0.035445183506386355 | 0.03622835378006112
Antigua & Barbuda | 1 | 0 | 0 | NA | 0 | NA | -1.489 | NA | 0.691 | 0.008991871531745922 | 0.008997395833333333
Argentina | 79 | 1358.1259 | 1368.0709 | 0.007269360089451449 | 0.011598402192362797 | 0.2772770851937554 | 1866.67 | 0.7275661472033086 | 12082.195 | 0.0732616697170234 | 0.10318200763018716
Australia | 1638 | 46819.83797000002 | 52563.96797000001 | 0.1092788505479334 | 0.032320542394147 | 0.7133549602117352 | 46214.02200000001 | 1.0131089211408608 | 172895.6469999997 | 0.06643857550760596 | 0.1193528497943019
Austria | 68 | 3824.91787 | 4008.67387 | 0.04583959832082818 | 0.023473804742663442 | 0.4244908713636306 | -1754.948 | NA | 30934.751 | 0.10758683633667766 | 0.1898488619670447
Azerbaijan | 1 | 0 | 0 | NA | 0 | 0 | -22.724 | NA | 1.53 | 0.0191969887076537 | 0.031097560975609756
Bahamas | 6 | 31.5 | 41.873 | 0.24772526449024423 | 0.026106133449581598 | NA | -209.188 | NA | 293.442 | 0.137435347990503 | 0.24319479402260707
Bahrain | 23 | 1044.7 | 1142.159 | 0.08532875020027864 | 0.05024770333317301 | 0.4788840859396845 | -48.80600000000002 | NA | 11760.12 | 0.3226299482968524 | 0.5656351305853494
Bangladesh | 300 | 1193.465299999999 | 1194.885299999999 | 0.0011883985852031431 | 0.02756722290093225 | 0.4466633632202908 | 2951.234000000001 | 0.40439534784432496 | 10332.56299999999 | 0.17809712681100182 | 0.23866640057228744
Barbados | 3 | 99.85000000000001 | 99.94800000000001 | 0.000980509865129875 | 0.03848080776938492 | 0.4889813907933399 | 204.947 | 0.48719912953104955 | 2941.45 | 0.8811877218140851 | 1.133594111299522
Belgium | 146 | 13537.08084 | 14159.51184 | 0.043958506976325196 | 0.0275791208204466 | 0.5909161336689097 | 15493.946 | 0.8737013050129386 | 114403.099 | 0.11282457266741824 | 0.23307365353330592
Belize | 2 | 0 | 0 | NA | 0 | 0 | 4.4 | 0 | 35.5 | 1.0499852114758947 | 1.0499852114758947
Benin | 1 | 0 | 0 | NA | 0 | 0 | 27 | 0 | 0 | 0 | 0
Bermuda | 82 | 4114.1724 | 8883.881399999998 | 0.5368947181127384 | 0.01754232172134592 | 0.23721993119757087 | 8966.699 | 0.45882798117791174 | 45620.117 | 0.1258913565484512 | 0.19451853047758577
Botswana | 12 | 171.69 | 183.39 | 0.06379846229347286 | 0.04779655354806381 | 0.6405387255633487 | 326.867 | 0.525259509219346 | 1359.014 | 0.30192829290229467 | 0.37833412210127776
Brazil | 195 | 13716.5457 | 14565.70870000001 | 0.05829877677012785 | 0.024859287864869562 | 0.6328540179302424 | -5624.194999999997 | NA | 55027.74200000004 | 0.054959637446999464 | 0.09972995452723743
British Virgin Islands | 23 | 15 | 35.248 | 0.5744439400817067 | 0.004809412597582981 | NA | -170.007 | NA | 676.0139999999999 | 0.18108804279178173 | 0.21674868318283075
Bulgaria | 111 | 107.5672 | 111.2992 | 0.03353123831977234 | 0.01874372804106476 | 0.3390826844875957 | 493.0159999999999 | 0.2181819656968537 | 2804.383 | 0.3755196751007427 | 0.48866747740003746
Burkina Faso | 3 | 38.08000000000001 | 38.08000000000001 | 0 | 0.026294710675321097 | 0.413913043478261 | 138.6 | 0.27474747474747485 | 59.5 | 0.024996849136663443 | 0.0410854854301892
Cambodia | 1 | 110.5 | 110.5 | 0 | 0.03287418558295897 | 0.5271946564885497 | -41.90599999999999 | NA | 167.1 | 0.04943003301960936 | 0.04971290869604022
Cameroon | 1 | 0 | 0 | NA | 0 | NA | 0 | NA | 0 | 0 | 0
Canada | 2850 | 49543.65858 | 80469.91257999992 | 0.3843207107905615 | 0.021900536926323457 | 0.4335813842478622 | 66798.89500000035 | 0.7416838045000556 | 183203.5619999994 | 0.0466331700007482 | 0.08098425690820218
Cayman Islands | 42 | 234.6204 | 614.4653999999999 | 0.6181715032286602 | 0.00696872337019267 | NA | -3103.726000000001 | NA | 4266.589000000001 | 0.10387163398825656 | 0.12672674019525576
Channel Islands | 77 | 1618.0692 | 2006.4402 | 0.19356221032652765 | 0.028540808612252826 | 0.5170301753130246 | 19.48800000000024 | 83.02900246305316 | 6316.465999999999 | 0.08246635344907251 | 0.11141491798484401
Chile | 136 | 7990.328099999999 | 8138.738099999998 | 0.018235013607330486 | 0.03018693726813589 | 0.6558941448378078 | 4878.015 | 1.6380286038480814 | 26961.179 | 0.057327140366781396 | 0.10185757192473521
China | 4103 | 267519.8987000004 | 288537.1807000006 | 0.07284081014797317 | 0.024932490965681394 | 0.47220266910223985 | 637056.4109999994 | 0.419931255820924 | 2379300.502000009 | 0.13196409987734833 | 0.22174757301803785
Colombia | 38 | 2291.052000000001 | 2291.052000000001 | 0 | 0.02088833149035146 | 0.3307925499873809 | -2047.815000000001 | NA | 27494.668 | 0.13225732479213065 | 0.25067861375523487
Costa Rica | 1 | 0 | 0 | NA | 0 | NA | 0 | NA | 0 | 0 | 0
Croatia | 97 | 314.819 | 320.147 | 0.016642354918209423 | 0.014154204891691126 | 0.3967403221619278 | 140.7480000000002 | 2.236756472560886 | 2482.91 | 0.08719291874452945 | 0.11163118130617533
Curaçao | 3 | 328.44 | 333.27 | 0.01449275362318836 | 0.0219930627167901 | 0.42850824490882267 | 649.66 | 0.5055567527629837 | 2960.29 | 0.13849046326291406 | 0.198227510747432
Cyprus | 68 | 74.1049 | 74.3879 | 0.003804382164303566 | 0.013401113285809844 | NA | -1276.107999999999 | NA | 6468.742 | 0.46874123205669505 | 1.1698058341442488
Czech Republic | 11 | 1468.6832 | 1468.7032 | 1.3617455180803262e-05 | 0.04485775284124749 | 0.5887617261615319 | 1359.345 | 1.0804344739562068 | 5847.981000000001 | 0.12261969107121048 | 0.17861393547520077
Denmark | 152 | 9380.732940000007 | 17080.71394000001 | 0.4507997163963977 | 0.020347805719615447 | 0.5306033795663189 | 1531.871999999999 | 6.123705466253064 | 69937.80299999991 | 0.08186653672486544 | 0.15170252015518262
Dominican Republic | 2 | 0 | 0 | NA | 0 | NA | 0 | NA | 0 | 0 | 0
Ecuador | 2 | 0 | 0 | NA | 0 | 0 | 26.3 | 0 | 0 | 0 | 0
Egypt | 196 | 1127.6596 | 1134.9056 | 0.00638467199386461 | 0.02782354517826495 | 0.3627044044577216 | 1782.113999999999 | 0.6327651317480255 | 13626.345 | 0.246423230340099 | 0.33621247557518663
Estonia | 18 | 146.667 | 199.19 | 0.2636829158090266 | 0.04635932610550938 | 0.6384237353797669 | 66.25499999999995 | 2.2136744396649326 | 1126.136 | 0.23237644962363624 | 0.3559553687138477
Falkland Islands | 1 | 0 | 0 | NA | 0 | 0 | -0.07199999999999998 | NA | 0.678 | 0.07306034482758622 | 0.07306034482758622
Finland | 147 | 9529.967450000007 | 10949.04145 | 0.1296071447423366 | 0.036327447390014575 | 0.8175788678904725 | 3521.799 | 2.705994138223109 | 21899.98300000001 | 0.0667042937498561 | 0.08348092314572526
France | 696 | 53040.33546300001 | 62598.46246299999 | 0.15268948507560376 | 0.021360295890177607 | 0.4046562476301738 | 71213.31400000004 | 0.7448092566370381 | 793498.8499999992 | 0.15421050858627858 | 0.31955624104864905
Gabon | 1 | 20.3 | 20.3 | 0 | 0.025945807770961147 | 0.6655737704918033 | 154.8 | 0.13113695090439276 | 22.3 | 0.02206609934692262 | 0.028502044989775054
Germany | 665 | 46243.699633 | 60304.54963299998 | 0.23316399982374758 | 0.02130987006272098 | 0.4239416994877393 | 42293.556 | 1.0933982385638135 | 520589.7679999998 | 0.12569980848133291 | 0.23989647022413998
Ghana | 20 | 131.388 | 131.437 | 0.00037280217899071655 | 0.03764780045416448 | 0.6276027112620552 | 84.54299999999999 | 1.554096731840602 | 2173.964 | 0.5033428841997798 | 0.6229257075725121
Gibraltar | 7 | 31.9 | 31.9 | 0 | 0.02238195971948879 | NA | 11.743 | 2.71651196457464 | 156.371 | 0.10676654583479701 | 0.10971440198420633
Greece | 180 | 5726.24575 | 6096.86375 | 0.06078830283848813 | 0.10649923489739758 | 2.7310037414957873 | -2767.653000000001 | NA | 17653.64899999999 | 0.11153156704331212 | 0.32833032212199537
Greenland | 1 | 15.732 | 15.732 | 0 | 0.08350318471337578 | 1.0775342465753424 | 14.6 | 1.0775342465753424 | 27.4 | 0.1435607251388452 | 0.1454352441613588
Hong Kong | 1436 | 48975.52200000006 | 52554.62700000008 | 0.06810256687769878 | 0.02360278631664905 | 0.3676056820731946 | 149210.957 | 0.32823006423047113 | 345091.4410000005 | 0.11070769725591807 | 0.16631000975604723
Hungary | 36 | 639.007 | 756.094 | 0.15485772932995112 | 0.022137257809273857 | 0.24831456875537483 | 193.7859999999996 | 3.2974879506259547 | 3961.027000000001 | 0.10529699746843718 | 0.1372227156955943
Iceland | 19 | 145.5792 | 310.8552 | 0.5316816318337285 | 0.015340273972602738 | 0.25454024093857636 | 494.058 | 0.2946601411170348 | 549.9300000000001 | 0.04065864257746922 | 0.05794836670179137
India | 3511 | 20701.33446099999 | 27120.500461 | 0.23669054371732334 | 0.008724603809639605 | 0.3111518948485016 | 84140.04600000006 | 0.24603426602595363 | 99189.79500000011 | 0.03308612759574868 | 0.041803665602558895
Indonesia | 512 | 8684.800000000001 | 9049.939999999997 | 0.04034722882140607 | 0.017648497189151482 | 0.41450696089431716 | 14978.36700000001 | 0.5798228872346362 | 56522.67499999995 | 0.09197549372497556 | 0.11486047702432084
Ireland | 85 | 10494.09 | 35059.90399999999 | 0.7006811541754363 | 0.015930852858271307 | 0.7684168025699791 | -17115.11 | NA | 43542.18499999999 | 0.048733153287547674 | 0.06610045676782149
Isle of Man | 14 | 136.87 | 193.691 | 0.2933590099694875 | 0.027829909578718566 | 0.41925503890216265 | -257.107 | NA | 784.8480000000001 | 0.13084690171838234 | 0.15958390350725588
Israel | 499 | 6106.8576 | 7409.944600000001 | 0.17585651045218342 | 0.02780603265011585 | 0.4533214345126028 | 6433.20199999999 | 0.9492718556016132 | 111373.612 | 0.27371346448201134 | 0.5071115939617348
Italy | 320 | 21948.1815 | 22888.17650000001 | 0.041069020941882806 | 0.03172836818064193 | 1.196819147333938 | 1242.978000000008 | 17.6577393163836 | 142838.5169999997 | 0.08064804523803971 | 0.20648786131793526
Ivory Coast | 34 | 6.530399999999999 | 6.530399999999999 | 0 | 0.001221495583899916 | 0.021335040903269643 | 504.968 | 0.012932304621282932 | 8.01 | 0.0014890875537005685 | 0.0014982511985541969
Jamaica | 51 | 225.0020000000001 | 232.0110000000001 | 0.03020977453655216 | 0.026541924661711437 | 0.3976874239981903 | 758.4830000000002 | 0.29664738695527787 | 1739.437999999999 | 0.1330984288506055 | 0.20518943098158227
Japan | 3755 | 101760.3829009998 | 134086.9669009997 | 0.24108669729152388 | 0.016465985803574286 | 0.29293327417634707 | 1032.318999999976 | 98.57455195632566 | 4185572.164000003 | 0.3446532777874005 | 0.677273118157485
Jordan | 161 | 1041.037 | 1050.849 | 0.009337212101833803 | 0.04497118231559231 | 0.7777679823503005 | 1581.449 | 0.6582804756903321 | 16656.85800000001 | 0.5802785021238754 | 0.7195504078365444
Kazakhstan | 12 | 218.68 | 240.383 | 0.09028508671578273 | 0.05534334868764542 | 0.570480478756985 | -179.74 | NA | 1439.064 | 0.2672600380135981 | 0.3641970950056602
Kenya | 55 | 418.6763 | 418.6763 | 0 | 0.017275683064585053 | 0.26201822403294345 | 1508.390000000001 | 0.2775650196567199 | 1767.355 | 0.05764794148296588 | 0.07292570619022312
Kuwait | 155 | 3750.0464 | 4003.4764 | 0.06330248381131953 | 0.04624293046826366 | 0.6876000835377925 | 4900.095 | 0.7653007543731295 | 31579.141 | 0.18772349982734138 | 0.3894117207484403
Kyrgyzstan | 1 | 0 | 0 | NA | 0 | NA | 4.651999999999999 | 0 | 13.7 | 0.10991262170653694 | 0.12431941923774954
Laos | 1 | 4.05 | 4.289 | 0.05572394497551869 | 0.019368723098995694 | 0.12695924764890282 | 62.18599999999999 | 0.06512719904801724 | 31 | 0.08168935879708633 | 0.1482544237207078
Latvia | 16 | 104.603 | 104.603 | 0 | 0.07654727536836405 | 1.2235270723918918 | -83.14999999999998 | NA | 53.77499999999999 | 0.033035773867827634 | 0.03935192807982348
Lebanon | 4 | 31.5 | 95 | 0.668421052631579 | 0.006642066420664207 | 0.04394531249999999 | 819.092 | 0.03845721848095208 | 20737.8 | 1.7616170381798457 | 4.372756984712704
Liechtenstein | 2 | 81.7 | 90.07 | 0.09292772288220263 | 0.035565035695629466 | 0.439247311827957 | 125.46 | 0.6512035708592381 | 9284.2 | 1.5561033863220863 | 4.041528817691103
Lithuania | 29 | 236.617 | 238.6480000000001 | 0.008510442157487641 | 0.05034447101677461 | 0.520530436523388 | 2.617999999999993 | 90.38082505729588 | 476.2679999999999 | 0.06968228272881011 | 0.10133447944237821
Luxembourg | 53 | 2048.5544 | 2619.5224 | 0.21796645067818465 | 0.013886809745251418 | 0.1960501794742205 | 6109.258999999999 | 0.33531961895869866 | 13917.699 | 0.06189112871615448 | 0.09434576797407769
Macau | 13 | 1182.5025 | 1189.8505 | 0.006175565753848922 | 0.016644181234693012 | 0.5818084980762233 | 2532.296 | 0.4669685139493962 | 458.8679999999999 | 0.005826752512848914 | 0.006458745038425806
Macedonia | 1 | 0 | 0 | NA | 0 | NA | 0 | NA | 0 | 0 | 0
Malawi | 7 | 17.89 | 17.89 | 0 | 0.022376485303314573 | 0.41116984601241086 | 6.929000000000001 | 2.5819021503824504 | 276.3 | 0.30475228260893544 | 0.34559099437148216
Malaysia | 937 | 11383.2468 | 11677.5278 | 0.025200625084360717 | 0.024636246233412144 | 0.46484178060719583 | 11275.58500000001 | 1.0095482229968549 | 84500.02700000007 | 0.12618185722062591 | 0.18287958685934633
Mali | 1 | 0 | 0 | NA | 0 | 0 | 16.6 | 0 | 0 | 0 | 0
Malta | 23 | 152.433 | 164.64 | 0.07414358600583082 | 0.01798413632893934 | NA | -1191.038000000001 | NA | 522.7790000000001 | 0.04089750242509839 | 0.06167777847255241
Marshall Islands | 3 | 0 | 0 | NA | 0 | NA | -6.144 | NA | 30.662 | 0.11287733765277573 | 0.1424549340271325
Mauritius | 78 | 245.9264 | 269.6174 | 0.08786895801235373 | 0.02002500943940634 | 0.39284928123806917 | 910.6069999999997 | 0.27006864651820167 | 2779.161 | 0.15086941368904683 | 0.22629829598867776
Mexico | 118 | 7766.367999999999 | 8901.946 | 0.12756514137470631 | 0.019868934538807986 | 0.3283228494265909 | 6501.287000000004 | 1.1945893174689863 | 33371.66799999998 | 0.05430707102077197 | 0.08537574924891958
Monaco | 10 | 144.8913 | 148.2613 | 0.022730139287865492 | 0.020981376281367158 | NA | -1178.681 | NA | 1126.9 | 0.06204011802856476 | 0.16318380007269348
Mongolia | 2 | 0 | 0 | NA | 0 | 0 | 235.281 | 0 | 9.370000000000001 | 0.010897834170518308 | 0.02337241207283612
Montenegro | 1 | 0 | 0 | NA | 0 | NA | 0 | NA | 0 | 0 | 0
Morocco | 65 | 2317.2212 | 2324.2432 | 0.0030211984701083994 | 0.03548655353402073 | 0.7620999192915545 | 2929.735 | 0.790932012622302 | 5787.805 | 0.0571698607245121 | 0.08863601454059407
Mozambique | 1 | 0 | 0 | NA | 0 | NA | -2.868 | NA | 4.45 | 0.5351152892509753 | 1.246498599439776
Myanmar | 1 | 0 | 0 | NA | 0 | NA | -3.145 | NA | 8.31 | 0.17028688524590166 | 0.17028688524590166
Namibia | 4 | 80.6 | 89.11999999999999 | 0.09560143626570916 | 0.02785842665560625 | 0.38731379144642 | 363.828 | 0.22153325197620855 | 543.6600000000001 | 0.1460384047881407 | 0.18790958108668607
Netherlands | 139 | 25980.74936999999 | 31471.71937 | 0.1744731495424493 | 0.02522858602188729 | 0.6289547900824671 | -9086.820999999993 | NA | 143242.855 | 0.08807759809154755 | 0.13909586047433664
Netherlands Antilles | 1 | 0 | 0 | NA | 0 | NA | -0.183 | NA | 0 | 0 | 0
New Zealand | 139 | 3374.2561 | 3469.554099999999 | 0.02746693011646628 | 0.035290022486739694 | 0.6845842278003282 | 3347.434999999999 | 1.0080124334004994 | 2682.507000000002 | 0.02063234710601199 | 0.028055289683209493
Niger | 1 | 0 | 0 | NA | 0 | 0 | 12.2 | 0 | 0 | 0 | 0
Nigeria | 138 | 1229.157 | 1234.308 | 0.004173188539651429 | 0.033719535006378615 | 0.2156288681930328 | 5065.501000000001 | 0.24265260237832342 | 13273.52500000001 | 0.24527174573826008 | 0.3641333783198909
Norway | 204 | 9388.540980000002 | 9821.196980000008 | 0.04405328605882475 | 0.0319340475832545 | 0.6589372785128356 | 6805.400000000007 | 1.3795722485085362 | 68391.69200000002 | 0.10999806343988948 | 0.23262651260508066
Oman | 62 | 1110.4463 | 1110.7013 | 0.00022958467771660995 | 0.059515220929790086 | 0.7126486655080624 | 1146.487 | 0.968564231430448 | 9768.943000000003 | 0.3024535470187816 | 0.5235739908319084
Pakistan | 401 | 3829.33176 | 3922.07076 | 0.02364541735090986 | 0.05011790311353761 | 0.4516762720650809 | 5844.126999999999 | 0.6552444462620338 | 12470.86000000001 | 0.10509522365550686 | 0.16321734244893216
Palestinian Authority | 27 | 138.695 | 150.919 | 0.08099709115485798 | 0.043294428333744334 | 0.6037541191271153 | 429.8389999999999 | 0.32266732427722944 | 2313.111 | 0.6174762541200441 | 0.7220506753487558
Panama | 6 | 157.6 | 158.194 | 0.003754883244623697 | 0.02175467463233771 | 0.3201430080442025 | -574.976 | NA | 1243.86 | 0.06479726868955699 | 0.17169904561027657
Papua New Guinea | 5 | 78.4 | 78.401 | 1.2754939350156924e-05 | 0.007881298001528009 | 0.33272503501251965 | -377.5159999999999 | NA | 1019.91 | 0.0712317195026531 | 0.10252824801962283
Peru | 58 | 1549.107 | 1691.513 | 0.08418853417029604 | 0.019767216209212485 | 0.3482304528414114 | 5353.931999999997 | 0.2893400588576771 | 21312.149 | 0.18996437475954667 | 0.27195142567037117
Philippines | 242 | 4359.360900000001 | 4496.038900000002 | 0.03039964801016326 | 0.015353892720782868 | 0.32830579540914523 | 6833.559000000009 | 0.6379341862710185 | 45050.65099999997 | 0.10337909060893148 | 0.15867070387666893
Poland | 753 | 4291.709760000001 | 97459.58075999998 | 0.9559642086849461 | 0.02182248533394986 | 0.36552029524317914 | -425.9750000000001 | NA | 28178.89 | 0.09850727050301138 | 0.14328401689306833
Portugal | 46 | 2870.402999999999 | 2875.185999999999 | 0.0016635445498134338 | 0.04170198246345136 | 0.5892930830811223 | 457.5990000000001 | 6.272747536598634 | 8978.854000000001 | 0.06711155108404204 | 0.13044719227575025
Qatar | 45 | 5000.558999999999 | 5000.558999999999 | 0 | 0.03856890644692046 | 0.5114827311024677 | 8020.747999999999 | 0.6234529497747592 | 39393.56400000001 | 0.1680417778634404 | 0.30383936766405
Reunion | 1 | 0 | 0 | NA | 0 | 0 | 16.394 | 0 | 6.48 | 0.024483288272141385 | 0.049579188982402454
Romania | 77 | 2387.53955 | 2843.87355 | 0.1604621274388237 | 0.10711272091324295 | 0.9847712749349238 | 1931.227000000001 | 1.2362811570053642 | 4192.449000000001 | 0.1632735138888055 | 0.188086777318518
Russia | 197 | 18254.9073 | 19309.58029999999 | 0.054619157103067195 | 0.04509617536369377 | 0.29963355885325377 | 20201.04300000003 | 0.9036616228181867 | 99918.79599999994 | 0.1489614852744028 | 0.24683530146138521
Saint Lucia | 2 | 0 | 0 | NA | 0 | NA | 0 | NA | 0.001 | 0.00010427528675703858 | 0.00013831258644536652
Saudi Arabia | 186 | 14563.4495 | 14694.3925 | 0.008911086320853245 | 0.032302943817946794 | 0.523775464033007 | -1829.697000000001 | NA | 72499.11099999999 | 0.11528574997080475 | 0.16080906583870036
Senegal | 4 | 0 | 0 | NA | 0 | 0 | 579.433 | 0 | 366.7 | 0.07232313669802576 | 0.08107092324018395
Serbia | 51 | 83.4514 | 84.63139999999999 | 0.013942815550729182 | 0.030127076729795886 | 0.2215051480171044 | 193.341 | 0.4316280561288087 | 614.5590000000001 | 0.1504861878921316 | 0.22186405678019339
Singapore | 583 | 15482.68559999999 | 19069.71059999998 | 0.18810065214099236 | 0.02508204650949641 | 0.44431490504889787 | 55553.48500000002 | 0.2786987279015886 | 110851.1690000002 | 0.11358237648736991 | 0.1795795799463921
Slovakia | 14 | 270.3 | 635.09 | 0.5743910311924294 | 0.036604242191975236 | 0.47068616046863127 | 906.0580000000001 | 0.298325272775032 | 819.059 | 0.06093369037465728 | 0.11091762488167607
Slovenia | 28 | 297.0289999999999 | 315.2819999999999 | 0.057894202650325854 | 0.04574568192143905 | 0.56548731870952 | -56.76000000000008 | NA | 705.2330000000001 | 0.06966941411613756 | 0.10861351753028237
Solomon Islands | 1 | 0 | 0 | NA | 0 | NA | -3.964 | NA | 1.53 | 0.034971610980671246 | 0.03642857142857143
South Africa | 283 | 15969.4608 | 18771.6838 | 0.1492792564511447 | 0.02729338701494308 | 0.5747211194865756 | 12799.431 | 1.2476695878121458 | 59616.61099999996 | 0.07634929969060442 | 0.10189068102677026
South Korea | 2123 | 18566.420193 | 30013.03819299996 | 0.3813881795768911 | 0.011180971783135353 | 0.1576190425387069 | -5518.382999999937 | NA | 230679.6809999998 | 0.07909152992211009 | 0.13891870254967584
Spain | 176 | 20798.65452 | 28479.07652 | 0.26968648349978164 | 0.024529056459081062 | 0.39051822228961586 | 45117.55700000003 | 0.46098804773494245 | 136264.614 | 0.07463777326588404 | 0.1607047420767912
Sri Lanka | 262 | 605.9705999999996 | 606.5495999999997 | 0.0009545798068287814 | 0.03596978320387246 | 0.3673179096778415 | 226.8549999999997 | 2.6711802693350397 | 2729.560000000002 | 0.0827866016640063 | 0.16202383653920213
Sudan | 2 | 0 | 0 | NA | 0 | 0 | -83.507 | NA | 113.7 | 0.1989501312335958 | 0.4336384439359268
Sweden | 601 | 22994.43790000001 | 24636.2729 | 0.06664299452536049 | 0.028682696614999607 | 0.419477028971239 | 31607.517 | 0.727499028158397 | 239890.6309999998 | 0.13759201323291725 | 0.2992336764080591
Switzerland | 266 | 48676.99145800001 | 73753.931458 | 0.3400081799609602 | 0.02545949517408039 | 0.4643339039740492 | 73952.72200000001 | 0.658217711824049 | 462664.2310000003 | 0.15338385730944093 | 0.24198697174059275
Taiwan | 1873 | 44663.02499999991 | 47208.91499999991 | 0.05392816166183889 | 0.037432025403772065 | 0.6316819782362508 | 15004.54999999998 | 2.976632088266557 | 224091.508 | 0.12919285407146172 | 0.18781081264033525
Tanzania | 13 | 154.27 | 154.27 | 0 | 0.0345854365876121 | 0.6655191454849787 | 277.979 | 0.5549699797466716 | 363.238 | 0.06986013789925866 | 0.08143349202833372
Thailand | 700 | 16348.1065 | 18193.2245 | 0.10141786575546297 | 0.029511494368758696 | 0.580207812986058 | 6893.002000000009 | 2.371696178239899 | 37636.26400000008 | 0.05016870068912563 | 0.06794073632301809
Togo | 1 | 2.39 | 2.39 | 0 | 0.0021027626253739226 | NA | -84.60000000000002 | NA | 1715.5 | 0.6134673151194393 | 1.509326060179483
Trinidad & Tobago | 21 | 516.341 | 550.191 | 0.06152408890730676 | 0.04039774892167778 | 0.6068581395157507 | 694.3370000000001 | 0.743646096924116 | 3358.59 | 0.21355333688161368 | 0.26277106708717257
Tunisia | 77 | 269.972 | 277.7700000000001 | 0.028073586060410105 | 0.030366404164993057 | 0.5434765978862609 | 460.0070000000001 | 0.5868867212890236 | 158.385 | 0.014751724247770104 | 0.017815117581350754
Turkey | 397 | 5671.743 | 5849.757999999999 | 0.030431173392129862 | 0.024432392087773 | 0.2632288833832536 | 19713.26700000003 | 0.28771197589927594 | 46929.35500000005 | 0.09171126859833946 | 0.20215944230658747
Turks & Caicos Islands | 1 | 0.803 | 0.803 | 0 | 7.435185185185186 | 1.4494584837545126 | 0.09700000000000004 | 8.278350515463915 | 0.056 | 0.5045045045045045 | 0.5185185185185185
Uganda | 7 | 27.383 | 27.383 | 0 | 0.035973935548286234 | 0.2655862042209807 | 320.364 | 0.08547464758836823 | 488.4690000000001 | 0.40025862690772884 | 0.6417175737989202
Ukraine | 16 | 31.881 | 35.421 | 0.09994071313627506 | 0.012218645574195093 | 1.3586618367781798 | -168.351 | NA | 773.8679999999998 | 0.19617955884452642 | 0.29659103582733304
United Arab Emirates | 95 | 10653.2267 | 10663.0407 | 0.0009203753672252235 | 0.04382256201410513 | 0.8885188756409472 | 40066.74000000003 | 0.2658870349821321 | 69148.28399999997 | 0.17728875435791772 | 0.2844448024145541
United Kingdom | 1328 | 99955.01650000009 | 126122.9525 | 0.20747957038192488 | 0.02753456157335564 | 0.6646968543282278 | 48982.11900000007 | 2.0406429640171333 | 1080812.723999998 | 0.15889558953116986 | 0.29773097479548866
United States | 7247 | 486008.5342600008 | 1049487.177259999 | 0.5369085542056151 | 0.016572490108620233 | 0.4294263052514477 | 310359.4550000011 | 1.5659536915348657 | 2206547.838999982 | 0.04732011643221571 | 0.07524146112311211
Uruguay | 3 | 0 | 0 | NA | 0 | 0 | -9.899999999999988 | NA | 276.43 | 0.07437044693297179 | 0.11939273528268474
Vietnam | 685 | 2756.870699999999 | 2982.228700000002 | 0.07556697445772775 | 0.022251422698963616 | 0.4481379458324224 | 3250.623 | 0.8481053324239689 | 25106.60500000001 | 0.1548454422164492 | 0.2026419593747773
Zambia | 12 | 58.9925 | 58.9925 | 0 | 0.01974974891195179 | 0.3828121451237159 | -48.33900000000002 | NA | 914.76 | 0.20705522577506197 | 0.30624707063943757
Zimbabwe | 9 | 66.07700000000001 | 75.46700000000001 | 0.12442524547153055 | 0.010109854801940056 | 0.3119620794009754 | -1.203999999999999 | NA | 306.167 | 0.04444308305671023 | 0.046843892960418604
