Source: http://www.stern.nyu.edu/~adamodar/pc/blog/SectorDividends2018.xlsx

Sheet: Sheet1
Industry Group | Number of firms | Dividends | Dividends + Buybacks | Buybacks as % of Cash Returns | Dividend Yield | Dividend Payout | FCFE | Cash Return/ FCFE | Cash | Cash/Firm Value | Cash/ Market Cap
Advertising | 258 | 3186.94521 | 5516.31921 | 0.42226961698976806 | 0.019986805157936164 | 0.5453580216322791 | 3644.672 | 0.8744120760386668 | 17788.841 | 0.08044804614169122 | 0.11156203687998337
Aerospace/Defense | 229 | 16547.4685 | 36765.1275 | 0.5499140183860372 | 0.015188877816272529 | 0.4228494369492532 | 12761.693 | 1.2966515101091995 | 84782.48900000002 | 0.06440654441554204 | 0.077821623674973
Air Transport | 155 | 12145.02662 | 22140.58762 | 0.4514587043286432 | 0.01934526283815011 | 0.32465799233381093 | -7891.018999999998 | NA | 68191.34999999999 | 0.06270940450857958 | 0.10861891293559695
Apparel | 1160 | 15375.60904499999 | 21221.50404499999 | 0.2754703430823676 | 0.016120998861308043 | 0.50252351741416 | 11911.42399999999 | 1.2908287913351084 | 74712.3349999999 | 0.06427925331301891 | 0.07833429322608432
Auto & Truck | 133 | 34799.8196 | 44727.54159999998 | 0.22195992994168912 | 0.026904956650091634 | 0.3392851861694279 | 29087.734 | 1.1963743755357499 | 268299.3699999999 | 0.11233946498186569 | 0.20743161895864806
Auto Parts | 687 | 10979.5193 | 15899.3553 | 0.30943619456066873 | 0.014296898592176935 | 0.24861721677143692 | -4926.774000000008 | NA | 88701.93899999991 | 0.0949567311910183 | 0.11550256365162208
Bank (Money Center) | 615 | 216421.5178000004 | 295034.1898000004 | 0.26645275265653257 | 0.029945600389138582 | 0.3578811473965491 | 754358.8870000007 | 0.28689463533820636 | 6164527.435999999 | 0.25816338264167504 | 0.8529672883864078
Banks (Regional) | 853 | 22261.22836000001 | 40312.23135999995 | 0.4477798025814853 | 0.021497780538925922 | 0.31289441597916723 | 192320.6920000002 | 0.11575056291914748 | 729110.7890000002 | 0.3075867606768532 | 0.7041059674249316
Beverage (Alcoholic) | 222 | 22833.81441999999 | 24862.51941999999 | 0.08159691967371818 | 0.020182381873268703 | 0.6258556809582501 | 17059.03799999998 | 1.3385171203675155 | 47915.35499999997 | 0.03446193369648201 | 0.04235148689639016
Beverage (Soft) | 101 | 13001.73469 | 20707.80269 | 0.37213354383182995 | 0.024357113978812354 | 0.7656845416608438 | 12029.761 | 1.0807974231574509 | 31672.695 | 0.048044760410113414 | 0.05933480881781939
Broadcasting | 139 | 3336.314329999999 | 7806.032329999999 | 0.5725979359350156 | 0.01838746220426338 | 0.510112272227508 | 11626.833 | 0.2869495356130082 | 19600.916 | 0.06893888315671852 | 0.10802672244582587
Brokerage & Investment Banking | 555 | 21833.05645000001 | 34882.00744999998 | 0.3740883037968613 | 0.026026479125728752 | 0.4620236981379056 | 39628.37500000001 | 0.5509450349654763 | 330413.7880000001 | 0.13266879006576804 | 0.39387557009843044
Building Materials | 432 | 5954.346595999995 | 9462.265595999996 | 0.3707271756864351 | 0.013923046279480749 | 0.3163768908051051 | -801.7910000000005 | NA | 30896.49899999999 | 0.057419508511693085 | 0.07224527133504656
Business & Consumer Services | 834 | 12713.984434 | 21384.47743400001 | 0.4054573242091227 | 0.016597703390959333 | 0.4937920711825799 | 10619.35800000001 | 1.1972460514091332 | 50628.63499999999 | 0.053100660439488585 | 0.06609407705203284
Cable TV | 65 | 6464.3534 | 25304.5514 | 0.7445379173961566 | 0.00982415449744149 | 0.35725025847279 | 32825.01 | 0.19693378311232806 | 27646.609 | 0.026727216224515196 | 0.042015734805952346
Chemical (Basic) | 787 | 19740.32214999999 | 21957.81014999998 | 0.10098857695060237 | 0.023968937344536107 | 0.3994911397690843 | -3337.515000000001 | NA | 85113.65699999995 | 0.0822383065669223 | 0.1033460293249235
Chemical (Diversified) | 75 | 8896.582739999998 | 10155.36474 | 0.12395241650375255 | 0.019147180811587294 | 0.41524539413989703 | -1388.560000000002 | NA | 40590.065 | 0.06724995994593998 | 0.0873577345844008
Chemical (Specialty) | 770 | 17493.02399599999 | 22900.34799599999 | 0.2361240973693718 | 0.016097877074920386 | 0.41845979010728673 | -5573.880999999998 | NA | 76245.57300000005 | 0.057207769260000006 | 0.07016464745841136
Coal & Related Energy | 254 | 14411.17340000001 | 15094.54540000001 | 0.045272777807538245 | 0.055638420237819355 | 0.7235549835423477 | 4242.262999999999 | 3.397048556395493 | 46028.139 | 0.1279392289048408 | 0.17770467881864227
Computer Services | 931 | 16013.830834 | 33142.07183399999 | 0.5168126207012913 | 0.01692950576485838 | 0.36405880141455643 | 23126.66100000003 | 0.6924402460865396 | 71171.5 | 0.063351078225413 | 0.07524110451981425
Computers/Peripherals | 331 | 27518.58311 | 72687.03511000001 | 0.621410020805566 | 0.016725342543808655 | 0.28122039328489595 | 41725.60199999998 | 0.6595131475874216 | 154563.8889999999 | 0.07924772842557906 | 0.09394139146244063
Construction Supplies | 763 | 22412.92396599998 | 26085.68996599999 | 0.140796199172308 | 0.019507663127049945 | 0.46284032867247177 | -14499.76300000001 | NA | 155550.8610000001 | 0.0958529118822488 | 0.13538768079139327
Diversified | 349 | 32560.10057999999 | 46513.13257999997 | 0.299980483490368 | 0.017633111810414548 | 0.30936947237750556 | -2168.283999999995 | NA | 253945.1139999999 | 0.0862663621484425 | 0.137525453211314
Drugs (Biotechnology) | 952 | 11740.52161 | 24393.30961 | 0.5186991106288017 | 0.009060713231392016 | 0.6792070413401198 | 6801.558999999997 | 1.726151549960826 | 74170.27199999998 | 0.04996336066272549 | 0.05724069059367326
Drugs (Pharmaceutical) | 1036 | 68196.22138000002 | 112679.83238 | 0.3947788176502077 | 0.02159133914106537 | 0.6726873884406492 | 29704.76899999997 | 2.2958004278706925 | 163224.882 | 0.04437564150522902 | 0.05167799200904019
Education | 185 | 965.5509199999999 | 1682.09292 | 0.4259824124341479 | 0.012613862453756888 | 0.4113931880630262 | -1154.317 | NA | 7323.099000000001 | 0.07700895870872142 | 0.09566824660189296
Electrical Equipment | 909 | 13526.930495 | 18587.96749499999 | 0.27227490048932823 | 0.015475484407774444 | 0.4491042303332543 | -1847.654000000005 | NA | 88117.87800000004 | 0.08137467970085484 | 0.10081125555714414
Electronics (Consumer & Office) | 152 | 2416.070920000001 | 2841.012919999999 | 0.14957411738908888 | 0.011275937979755847 | 0.38913214803982027 | -4251.657000000001 | NA | 40014.91699999998 | 0.1427198095016751 | 0.1867518534419004
Electronics (General) | 1298 | 17899.028909 | 24376.11590899997 | 0.2657144815105079 | 0.014227479287155766 | 0.3544027267165957 | -10907.44099999998 | NA | 154305.1049999999 | 0.10707839130402767 | 0.12265317277553618
Engineering/Construction | 1185 | 23779.11450999996 | 31944.09850999997 | 0.2556022671118422 | 0.026186829298790917 | 0.505408980997189 | 28880.62300000003 | 0.8233587796911422 | 273437.439 | 0.18276661617109738 | 0.30112389323750166
Entertainment | 374 | 7110.545699999998 | 17503.4127 | 0.5937623238467091 | 0.013799336911821279 | 0.3370252716376369 | 547.1140000000028 | 12.996460883837669 | 36110.136 | 0.053318362771971314 | 0.07007843752353445
Environmental & Waste Services | 320 | 3052.239149999999 | 4672.268149999998 | 0.34673288175893757 | 0.013478801319545448 | 0.4653926625891586 | 1071.2 | 2.8493644044062725 | 12464.87 | 0.042752859155125014 | 0.05504532834655585
Farming/Agriculture | 412 | 5617.931359999998 | 7311.265359999997 | 0.23160614703772697 | 0.016940518438364843 | 0.3753659485205168 | 1686.036 | 3.332035235309328 | 32679.27700000001 | 0.06565342037011403 | 0.09854230304638904
Financial Svcs. (Non-bank & Insurance) | 1030 | 31623.13697 | 75836.38697000004 | 0.5830083917037117 | 0.02127157866369905 | 0.2277748808388085 | -237787.3050000002 | NA | 912692.1830000009 | 0.08331708835421887 | 0.613930350579882
Food Processing | 1270 | 35167.91142199999 | 46302.64242199999 | 0.2404772258679886 | 0.020112433338986706 | 0.5194881584379061 | 15314.008 | 2.2964537710833106 | 98617.00100000006 | 0.045173948153577004 | 0.05639879590524996
Food Wholesalers | 148 | 1693.81953 | 3635.811530000001 | 0.5341288963897424 | 0.01782675117236534 | 0.4743194806460393 | 380.1280000000002 | 4.455918874694837 | 10899.81899999999 | 0.07194285385254902 | 0.11471609442171198
Furn/Home Furnishings | 316 | 7674.616768 | 10600.842768 | 0.2760371098827339 | 0.020331210090921308 | 0.4051392897783246 | 9411.587000000009 | 0.8154434281912277 | 51813.001 | 0.11298784646773842 | 0.1372604053878558
Green & Renewable Energy | 181 | 6834.437800000001 | 7255.043800000001 | 0.057974288177281674 | 0.03800490351963309 | 0.9061797793777884 | 5193.747000000007 | 1.3158973280754707 | 11745.944 | 0.036860914572314316 | 0.06531677974551368
Healthcare Products | 696 | 11516.998383 | 21783.19638299999 | 0.4712897877563975 | 0.009949090085956677 | 0.3985950149486134 | 6931.308999999993 | 1.6615906725555032 | 70833.09400000001 | 0.052697653823149164 | 0.06118997414406752
Healthcare Support Services | 355 | 10082.09819 | 31170.67119000001 | 0.6765517775172425 | 0.01096132316307128 | 0.25671207411405517 | 236.0479999999976 | 42.712067842134246 | 92860.49700000003 | 0.0798319216062968 | 0.1009585403274486
Heathcare Information and Technology | 339 | 1208.015280000001 | 8444.738280000001 | 0.8569505365416723 | 0.002730778352521237 | 0.16981129115534757 | -1731.143999999999 | NA | 21071.835 | 0.04132012424305927 | 0.047633926340649675
Homebuilding | 171 | 3292.61251 | 7480.887510000001 | 0.5598633844448759 | 0.01404025249963069 | 0.23035655737819608 | 8070.774 | 0.40796737834562086 | 28124.287 | 0.08609487584002268 | 0.11992668121523992
Hospitals/Healthcare Facilities | 198 | 2484.183260000001 | 5131.87126 | 0.5159303236301369 | 0.011690777335762414 | 0.46446484565255425 | -6908.874999999999 | NA | 10608.609 | 0.027611506813358607 | 0.04992501465498367
Hotel/Gaming | 658 | 14616.72877000001 | 23321.42677000001 | 0.37324894766719263 | 0.01722749262020078 | 0.5586189824140497 | 19052.246 | 0.7671918980050967 | 71526.04899999994 | 0.06221585964654904 | 0.08430165878350751
Household Products | 531 | 24840.65722999999 | 39375.17723 | 0.36912900518771863 | 0.019139341081141438 | 0.48712037467272457 | 33792.66699999999 | 0.7350901670471881 | 50302.01100000002 | 0.03372227344180214 | 0.03875691921845054
Information Services | 193 | 7212.00453 | 26742.55753 | 0.7303173220470959 | 0.007258339358697257 | 0.2805268631141792 | 25591.69499999999 | 0.281810350193686 | 50746.482 | 0.04425232227209551 | 0.05107251196028047
Insurance (General) | 220 | 22611.0573 | 133810.7292999999 | 0.8310220905432281 | 0.028315922533117016 | 0.5057422162564879 | 24295.65100000001 | 0.9306627470076843 | 188774.0160000001 | 0.16733278795105297 | 0.2364024973445799
Insurance (Life) | 128 | 29920.47219999999 | 40611.0922 | 0.2632438435132757 | 0.02337679872622833 | 0.41085160325098746 | 92053.36599999982 | 0.3250339830050326 | 748464.6739999999 | 0.34447914040439204 | 0.5847737937033664
Insurance (Prop/Cas.) | 225 | 13867.88308000001 | 22362.15608000002 | 0.37985035832913305 | 0.022271379646386508 | 0.40358402045246533 | 30062.722 | 0.4612983175641916 | 73304.50500000002 | 0.09301765128583454 | 0.11772470615936555
Investments & Asset Management | 1065 | 17371.49202299999 | 34137.969023 | 0.49113867871588424 | 0.02132558393269579 | 0.37734117751093754 | 104949.2749999999 | 0.1655227444210549 | 178495.0159999999 | 0.12764791412347842 | 0.2191239785411654
Machinery | 1309 | 17942.33259200001 | 23483.98459200002 | 0.23597579781617684 | 0.013645497451169199 | 0.38935572548026703 | -1808.840999999996 | NA | 115149.8760000001 | 0.07528497142793049 | 0.08757374947787111
Metals & Mining | 1594 | 23604.18157 | 25946.83857000001 | 0.09028679905183568 | 0.01852980453112631 | 0.44123251290339055 | -35719.01099999998 | NA | 130363.3319999998 | 0.0761422868032528 | 0.10233809856201337
Office Equipment & Services | 157 | 1019.3551 | 1499.9261 | 0.3203964515318455 | 0.017333439168214018 | 0.5590295140440827 | 423.4810000000003 | 2.4070857960569643 | 7656.829000000002 | 0.09875276147472725 | 0.13019916189453215
Oil/Gas (Integrated) | 48 | 67048.9759 | 70453.65090000001 | 0.048325032933105305 | 0.03187131950007734 | 0.674524012923655 | 35526.50400000002 | 1.8872945083479074 | 191857.6169999999 | 0.06619377232492756 | 0.09119834162792137
Oil/Gas (Production and Exploration) | 928 | 15359.28909 | 19416.68908999998 | 0.20896456554426834 | 0.015948700791409306 | NA | -77762.25299999991 | NA | 75780.34199999998 | 0.05478579675263761 | 0.07868840760446077
Oil/Gas Distribution | 143 | 12053.34531799999 | 12209.414318 | 0.012782677033895129 | 0.0316656990896166 | 1.1211855220986182 | -13692.09299999999 | NA | 19846.15 | 0.02898160050913964 | 0.052138406177486975
Oilfield Svcs/Equip. | 524 | 22684.87624 | 28922.24924 | 0.21566002520210625 | 0.02406409887734928 | 0.7453322917133153 | -27387.23 | NA | 84259.15099999995 | 0.06435402633790673 | 0.08938204112439549
Packaging & Container | 390 | 5316.505319999999 | 7952.350320000002 | 0.33145483963035505 | 0.01882500975020513 | 0.41630541509715374 | -5486.193000000003 | NA | 18919.39799999999 | 0.04656771347164684 | 0.06699097064347738
Paper/Forest Products | 295 | 5106.308640000001 | 5542.761640000001 | 0.07874287735021557 | 0.021826227354547367 | 0.4197048336619426 | -4523.178000000001 | NA | 20445.533 | 0.0586308625848995 | 0.08739167236136765
Power | 563 | 69511.47559300002 | 73345.012593 | 0.05226718033675615 | 0.03489258067083004 | 0.5459122146164294 | -27523.43500000004 | NA | 156558.838 | 0.0413614507713471 | 0.07858762654718442
Precious Metals | 961 | 5238.4109 | 5416.5629 | 0.03289023007560754 | 0.015490046413593195 | 0.7146699815220864 | -15589.76699999997 | NA | 28523.04199999999 | 0.06882778173083652 | 0.08434299119927151
Publishing & Newspapers | 371 | 4017.063249999998 | 5052.349250000001 | 0.20491180414734844 | 0.021997066085516655 | 4.71404962993471 | -4241.559999999997 | NA | 24211.262 | 0.1032447324560087 | 0.1325786269926814
R.E.I.T. | 714 | 66987.84999999998 | 74672.85199999994 | 0.10291560847307624 | 0.03917741679131818 | 0.7478252284275264 | 141963.0430000001 | 0.4718682312269112 | 68090.83600000001 | 0.023021323460991932 | 0.039822491118035486
Real Estate (Development) | 784 | 35700.00499799997 | 44141.08499800001 | 0.19122955406244546 | 0.04243443293010235 | 0.5377364644633733 | 200374.2749999998 | 0.17816660845310608 | 306969.8049999999 | 0.17449678086414896 | 0.36487640835257185
Real Estate (General/Diversified) | 415 | 13953.81116 | 15041.50716 | 0.0723129662759141 | 0.02555966909668275 | 0.3027700440376462 | 42582.13899999993 | 0.3276916446118412 | 93999.19600000003 | 0.0986603323793883 | 0.17218151496857617
Real Estate (Operations & Services) | 628 | 11847.917978 | 13559.582978 | 0.1262328644455456 | 0.02213634815866413 | 0.24212723858123983 | 54914.34199999997 | 0.2157527076988377 | 41691.62 | 0.047950907170463665 | 0.0778955608346063
Recreation | 321 | 4009.645993000001 | 6024.461993000004 | 0.3344391586072044 | 0.016644315347411974 | 0.5601634414842264 | 5627.906000000005 | 0.7124578827364916 | 28017.74300000002 | 0.09319477748933286 | 0.1163035715943177
Reinsurance | 38 | 5213.191599999998 | 6682.228599999997 | 0.21984237414445817 | 0.03312381484893731 | 0.6482247030063686 | 5732.640999999997 | 0.9093874184690793 | 24673.63199999999 | 0.127815959259488 | 0.1567724497251961
Restaurant/Dining | 364 | 11884.10606 | 26725.76806 | 0.5553315424529655 | 0.02029379237249766 | 0.5570061747736105 | 20308.924 | 0.5851667011014469 | 31629.11200000001 | 0.04016378045301651 | 0.05401118339181789
Retail (Automotive) | 169 | 2697.50084 | 7855.238839999999 | 0.656598494973324 | 0.01588487690643417 | 0.28625661361343707 | -124.057000000001 | NA | 13931.60599999999 | 0.049716474924799796 | 0.0820395838760664
Retail (Building Supply) | 53 | 6049.47292 | 18419.05092 | 0.6715643522418798 | 0.01744597157836492 | 0.4282695954835921 | 14256.185 | 0.42434023688665656 | 7941.880999999998 | 0.018908006017100958 | 0.022903454902110102
Retail (Distributors) | 976 | 13878.58939 | 18763.07439 | 0.2603243422945253 | 0.021296331177442226 | 0.3764867452209605 | -20522.109 | NA | 101471.394 | 0.08964216725887295 | 0.15570519099136806
Retail (General) | 217 | 19034.74284 | 33151.46483999999 | 0.4258249844503703 | 0.01970704668823633 | 0.49678929989867043 | 4140.848999999999 | 4.596821289547144 | 70400.64299999994 | 0.0501351622110841 | 0.07288718162072408
Retail (Grocery and Food) | 168 | 8629.186700000004 | 13368.2607 | 0.3545019136259062 | 0.019103936843011836 | 0.42654283170464 | -3973.232 | NA | 52307.969 | 0.0747175255248216 | 0.11580328145666619
Retail (Online) | 200 | 1191.37128 | 5002.642279999999 | 0.7618515949535372 | 0.0013146729101297448 | 0.11506585636355893 | 8729.841999999999 | 0.1364711159720875 | 42202.10199999998 | 0.0415056477964275 | 0.04656983190826314
Retail (Special Lines) | 503 | 16655.313308 | 38456.76930799998 | 0.5669081514724308 | 0.018486001317896687 | 0.4120521338691255 | 16553.30100000002 | 1.0061626564997506 | 68955.09700000005 | 0.056272991718627555 | 0.07653437617444397
Rubber& Tires | 94 | 3229.402019999999 | 4090.18002 | 0.21044990582101586 | 0.021520191106427732 | 0.35783652751413686 | 1746.850000000002 | 1.8487002432950714 | 12908.036 | 0.06426121023671373 | 0.08601697769689544
Semiconductor | 542 | 26059.81777 | 39606.45076999999 | 0.342030975677854 | 0.016556905330310418 | 0.3846379228544952 | -12573.12300000001 | NA | 151332.3969999999 | 0.08314123297393163 | 0.0961478776502569
Semiconductor Equip | 284 | 3806.534648000001 | 6944.703648 | 0.4518794694578159 | 0.01042449430044422 | 0.2148530212129375 | 5147.233999999999 | 0.7395301336601371 | 30610.48899999999 | 0.07586664449436115 | 0.08382922989600758
Shipbuilding & Marine | 342 | 12973.935 | 13505.123 | 0.03933233336712294 | 0.03666342788750834 | 4.684047262396413 | -24642.34299999999 | NA | 54437.68300000008 | 0.09001947294109842 | 0.15383706369991385
Shoe | 85 | 2477.524279999999 | 2799.61328 | 0.11504767544180272 | 0.013885468009526314 | 0.3585154552291298 | 5115.944 | 0.4842750976163928 | 12612.913 | 0.06279539613790656 | 0.0706900034773579
Software (Entertainment) | 128 | 1617.036659999999 | 2638.69666 | 0.3871835726657572 | 0.006563451366841239 | 0.23432865348417922 | 2040.630999999998 | 0.7924199230532127 | 24561.115 | 0.09552264992534513 | 0.09969204026450146
Software (Internet) | 880 | 3339.97859 | 16647.64359000001 | 0.7993722912228687 | 0.001432855104452025 | 0.0547002998037835 | 38597.46100000002 | 0.0865336346864888 | 75025.812 | 0.030985326285462637 | 0.03218616969932672
Software (System & Application) | 1075 | 21073.74913999999 | 45613.59814000002 | 0.5379941508819549 | 0.010296755125983012 | 0.47517957927413945 | 7804.804999999996 | 2.700099379805133 | 99459.9670000001 | 0.043443657174125815 | 0.048596712347376496
Steel | 735 | 14994.03387999999 | 17374.05187999999 | 0.13698692834800053 | 0.02235251448396505 | 0.3488830133260719 | -35036.055 | NA | 79692.93499999995 | 0.07650250784136137 | 0.1188030851546392
Telecom (Wireless) | 106 | 28762.13810000001 | 31329.7721 | 0.08195508067548274 | 0.027998650187681183 | 0.6185578041987276 | 30481.02 | 0.9436081240063492 | 78133.95500000002 | 0.04809670472974229 | 0.07605989743248687
Telecom. Equipment | 505 | 9887.58845 | 19756.01144999999 | 0.49951494637344906 | 0.017503983539084247 | 0.704122123700207 | 1286.388000000001 | 7.68631894109708 | 56009.15399999996 | 0.08417514308153921 | 0.09915292435680147
Telecom. Services | 289 | 63441.45385999999 | 67452.91286000001 | 0.059470508090968544 | 0.040773438004936505 | 0.7888036054461462 | 126762.303 | 0.5004757120892636 | 128734.6620000001 | 0.05000354306701394 | 0.0827369872658757
Tobacco | 62 | 23595.6115 | 27209.2225 | 0.13280831526883952 | 0.0331416649085559 | 0.5987545340301864 | 42195.413 | 0.5591984962915282 | 20469.221 | 0.025038744355633816 | 0.028750433669463307
Transportation | 235 | 12073.73097 | 16226.41297 | 0.2559211335048377 | 0.019862733950739668 | 0.46689644266017316 | 19296.54399999999 | 0.6256939569075171 | 64158.20099999999 | 0.07532123339380564 | 0.10554792718071301
Transportation (Railroads) | 51 | 9472.94102 | 21089.90002 | 0.5508304443825429 | 0.01512989734212095 | 0.29851938505191017 | 36274.68499999999 | 0.26114468037420596 | 20653.685 | 0.023843019316843298 | 0.03298744636188006
Trucking | 199 | 2103.92631 | 3352.05231 | 0.37234681459968033 | 0.01215911985000761 | 0.32241383479635266 | -8334.526999999998 | NA | 15256.826 | 0.05176718613709742 | 0.08817303865776184
Utility (General) | 55 | 20895.371 | 22332.222 | 0.0643398135662453 | 0.0410001765948972 | 1.1507170224785372 | -4051.766999999998 | NA | 50001.37800000001 | 0.052541981310208714 | 0.0981109800820578
Utility (Water) | 103 | 3843.1241 | 4854.0531 | 0.20826492400752683 | 0.029050493986450904 | 0.5493142012932125 | 3521.845 | 1.0912246563945887 | 11108.625 | 0.05347190233805097 | 0.08397101820371561
