Source: http://www.stern.nyu.edu/~adamodar/pc/blog/xretcountry2017.xlsx

Sheet: Sheet1
Country | Number of firms | Cost of Capital | ROIC | ROIC - Cost of Capital | % of firms with ROIC>WACC
Anguilla | 2 | 0.1595432187433313 | NA | NA | 0
Argentina | 62 | 0.1385126724841312 | 0.07986753730448928 | -0.05864513517964193 | 0.38333333333333336
Australia | 1401 | 0.07672541952361586 | 0.045904320968018913 | -0.03082109855559695 | 0.2514427040395713
Austria | 61 | 0.07482578175403629 | 0.06328271602134246 | -0.011543065732693827 | 0.46296296296296297
Azerbaijan | 1 | 0.1279524633243748 | 0.02284495887907402 | -0.10510750444530077 | 0
Bahamas | 4 | 0.1146747558096827 | 0.06312092294682796 | -0.05155383286285474 | 0.3333333333333333
Bahrain | 9 | 0.1075393908930819 | 0.06579927369469889 | -0.04174011719838301 | 0.4444444444444444
Bangladesh | 193 | 0.1145443539190663 | 0.13311927830601217 | 0.01857492438694587 | 0.31654676258992803
Barbados | 1 | 0.1451963323658216 | 0.1031600595106884 | -0.0420362728551332 | 0
Belgium | 133 | 0.07258771470626935 | 0.0893585987297 | 0.01677088402343066 | 0.5636363636363636
Bermuda | 67 | 0.0928300544861539 | 0.06449056607339052 | -0.02833948841276339 | 0.31666666666666665
Botswana | 9 | 0.07684560899780099 | 0.15366087225389485 | 0.07681526325609386 | 0.625
Brazil | 168 | 0.1052413302329772 | 0.0949032133238303 | -0.010338116909146905 | 0.42138364779874216
British Virgin Islands | 18 | 0.1652410570071667 | 0.013139216343043417 | -0.1521018406641233 | 0.0625
Bulgaria | 91 | 0.08605695683113088 | 0.046836395073413827 | -0.03922056175771705 | 0.1956521739130435
Burkina Faso | 1 | 0.1389924202033905 | NA | NA | NA
Cambodia | 1 | 0.1121612274322757 | 0.38749787393762875 | 0.27533664650535306 | 1
Cameroon | 1 | 0.10873000595483 | NA | NA | 1
Canada | 2601 | 0.07894596574507859 | 0.0313911128833471 | -0.047554852861731486 | 0.15878725590955806
Cayman Islands | 42 | 0.08609949230200314 | 0.0727805719618301 | -0.01331892034017304 | 0.5789473684210527
Channel Islands | 65 | 0.08445291090224809 | 0.06071023387425012 | -0.02374267702799797 | 0.3684210526315789
Chile | 124 | 0.07194555070296205 | 0.06718365137245066 | -0.004761899330511382 | 0.43103448275862066
China | 3550 | 0.08284140481007857 | 0.057557991520519415 | -0.025283413289559152 | 0.41653951785169363
Colombia | 32 | 0.0926316751552567 | 0.07935207925630379 | -0.013279595898952917 | 0.375
Croatia | 86 | 0.0978942532077205 | 0.005705344522684794 | -0.0921889086850357 | 0.19642857142857142
Curaçao | 4 | 0.1687947085425753 | 0.1456262298292397 | -0.023168478713335605 | 0.25
Cyprus | 52 | 0.1415349748154417 | 0.06502993427715213 | -0.07650504053828956 | 0.08163265306122448
Czech Republic | 8 | 0.0693652917623917 | 0.07066421214091352 | 0.00129892037852182 | 0.5714285714285714
Denmark | 118 | 0.072817642730551 | 0.13390869822944582 | 0.06109105549889482 | 0.5619047619047619
Dominican Republic | 1 | 0.1354593806747238 | NA | NA | NA
Ecuador | 1 | 0.1093406920512462 | NA | NA | NA
Egypt | 160 | 0.1562966525824314 | 0.10236011707047736 | -0.05393653551195403 | 0.2746478873239437
Estonia | 16 | 0.0724063263776778 | 0.07092189132560996 | -0.0014844350520678423 | 0.375
Falkland Islands | 1 | 0.1393326962213433 | -0.021791013800975405 | -0.1611237100223187 | 0
Finland | 127 | 0.07690748780755001 | 0.08900843165484966 | 0.01210094384729965 | 0.5739130434782609
France | 667 | 0.0781937011556108 | 0.09681100950279799 | 0.01861730834718718 | 0.4933837429111531
Gabon | 1 | 0.1691136129380578 | -0.03701097663945961 | -0.2061245895775174 | 0
Georgia | 1 | 0.07576949738456729 | 3.3238537566315696 | 3.248084259247002 | 1
Germany | 575 | 0.07400587638934834 | 0.10358917034571218 | 0.029583293956363832 | 0.5272331154684096
Ghana | 12 | 0.1660333061491407 | 0.2861789973440465 | 0.12014569119490581 | 0.7777777777777778
Gibraltar | 7 | 0.06843952407892284 | 1.2224571661189252 | 1.1540176420400023 | 0.5
Greece | 169 | 0.209172966547137 | 0.05189611671054056 | -0.15727684983659643 | 0.036585365853658534
Hong Kong | 1233 | 0.07500529667050995 | 0.05650395841388227 | -0.018501338256627683 | 0.3071613459879206
Hungary | 30 | 0.09748453478205565 | 0.048907465542397804 | -0.04857706923965785 | 0.375
Iceland | 15 | 0.07810035625679694 | 0.1274728000178793 | 0.049372443761082366 | 0.7857142857142857
India | 2966 | 0.09546869595972118 | 0.1356069974985441 | 0.04013830153882292 | 0.398359161349134
Indonesia | 395 | 0.0974528187038911 | 0.08817485014694046 | -0.009277968556950636 | 0.3937007874015748
Ireland | 78 | 0.09244820184159502 | 0.09161550498196451 | -0.0008326968596305134 | 0.463768115942029
Isle of Man | 9 | 0.09499174586731854 | 0.16508353521871394 | 0.0700917893513954 | 0.7142857142857143
Israel | 443 | 0.08593375177773231 | 0.06867573143351462 | -0.017258020344217695 | 0.3763157894736842
Italy | 247 | 0.09281442059743701 | 0.06864397120133267 | -0.02417044939610434 | 0.35909090909090907
Ivory Coast | 25 | 0.09346400919311554 | 0.5240130120951281 | 0.43054900290201253 | 0.6666666666666666
Jamaica | 36 | 0.128339303772724 | 0.12880273857841662 | 0.00046343480569260853 | 0.59375
Japan | 3487 | 0.07833417444811616 | 0.07373791504433773 | -0.004596259403778433 | 0.5172626387176326
Jordan | 123 | 0.117740736074043 | 0.0686939763000693 | -0.0490467597739737 | 0.10743801652892562
Kazakhstan | 6 | 0.1003462553773769 | 0.07969995169304679 | -0.02064630368433011 | 0.2
Kenya | 39 | 0.1213929116458704 | 0.13092296909950513 | 0.009530057453634722 | 0.35714285714285715
Kuwait | 114 | 0.07369632908640533 | 0.05052736723799944 | -0.02316896184840589 | 0.30701754385964913
Kyrgyzstan | 1 | 0.1609024944049567 | -0.11759736592231686 | -0.27849986032727353 | 0
Laos | 1 | 0.07165184935188645 | 0.03618103693246585 | -0.03547081241942061 | 0
Latvia | 16 | 0.09205888715248794 | 0.04640939732061378 | -0.04564948983187417 | 0.07142857142857142
Lebanon | 3 | 0.1370900665200242 | 0.030364128965909835 | -0.10672593755411436 | 0.5
Lithuania | 28 | 0.0727292294540519 | 0.06390746737504172 | -0.008821762079010184 | 0.38461538461538464
Luxembourg | 45 | 0.06627477170351476 | 0.05096262863065149 | -0.015312143072863264 | 0.5121951219512195
Macau | 10 | 0.07544214350696955 | 0.17346879499231338 | 0.09802665148534383 | 0.6
Macedonia | 1 | 0.1145443539190663 | NA | NA | NA
Malawi | 3 | 0.1288984836806452 | NA | NA | NA
Malaysia | 870 | 0.08422210327888277 | 0.0596807098379175 | -0.024541393440965273 | 0.34201183431952664
Malta | 18 | 0.07276873765672999 | 0.04851132498708802 | -0.024257412669641973 | 0.5625
Marshall Islands | 1 | 0.07800300448106812 | 0.055253182419882314 | -0.022749822061185802 | 0
Mauritius | 50 | 0.08190674068295345 | 0.04284093620733214 | -0.03906580447562131 | 0.3157894736842105
Mexico | 93 | 0.07889710754145454 | 0.0964183322099179 | 0.017521224668463356 | 0.5280898876404494
Monaco | 13 | 0.08567742917385604 | 0.03806823450105511 | -0.047609194672800934 | 0.15384615384615385
Mongolia | 2 | 0.2130634217694055 | -0.08402962164558024 | -0.2970930434149857 | 0
Montenegro | 1 | 0.135077406770638 | NA | NA | NA
Morocco | 55 | 0.1087188936649505 | 0.1156599246110597 | 0.006941030946109206 | 0.5098039215686274
Mozambique | 1 | 0.2286223580050335 | -0.18599104937369917 | -0.41461340737873265 | 0
Namibia | 3 | 0.08562459585481788 | 0.26351668197671757 | 0.1778920861218997 | 1
Netherlands | 128 | 0.07347477947674602 | 0.06358927597515357 | -0.009885503501592452 | 0.5739130434782609
Netherlands Antilles | 1 | 0.1129358099088543 | 2.6545454545454543 | 2.5416096446366 | NA
New Zealand | 126 | 0.06679671722597111 | 0.08516008674251557 | 0.018363369516544464 | 0.6153846153846154
Nicaragua | 1 | 0.1440315552300296 | NA | NA | NA
Nigeria | 98 | 0.1331908579634272 | 0.06423748662751155 | -0.06895337133591564 | 0.1794871794871795
Norway | 152 | 0.07394893199947922 | 0.05636733069611945 | -0.01758160130335977 | 0.43283582089552236
Oman | 48 | 0.09140254074561371 | 0.09505598896985865 | 0.0036534482242449318 | 0.4791666666666667
Pakistan | 339 | 0.1493948541300462 | 0.11526655572961532 | -0.03412829840043087 | 0.2833333333333333
Palestinian Authority | 19 | 0.07312656552709408 | 0.10785251478160068 | 0.0347259492545066 | 0.3333333333333333
Panama | 5 | 0.1181762394235034 | 0.07000974914055115 | -0.04816649028295225 | 0.3333333333333333
Papua New Guinea | 3 | 0.1654595396875491 | -0.006011458858687539 | -0.17147099854623662 | 0
Peru | 57 | 0.08312527534210534 | 0.06246295341972379 | -0.02066232192238155 | 0.4074074074074074
Philippines | 208 | 0.08367901189094379 | 0.09827603052067121 | 0.014597018629727426 | 0.39303482587064675
Poland | 690 | 0.08306237183855242 | 0.06244325335753682 | -0.0206191184810156 | 0.38499184339314846
Portugal | 44 | 0.09922498786953803 | 0.05568182338627388 | -0.043543164483264146 | 0.28205128205128205
Qatar | 27 | 0.07153458987930261 | 0.054288422176235376 | -0.017246167703067236 | 0.48148148148148145
Reunion | 1 | 0.06870285541283101 | 0.04054792729905165 | -0.028154928113779364 | 0
Romania | 62 | 0.1062968741189892 | 0.08286019652821051 | -0.023436677590778693 | 0.32142857142857145
Russia | 183 | 0.1010336030387587 | 0.07639046886508452 | -0.024643134173674183 | 0.36419753086419754
Saudi Arabia | 126 | 0.07674550999235132 | 0.05931196675471785 | -0.017433543237633464 | 0.3968253968253968
Senegal | 3 | 0.1023878008781704 | 0.4915268703778791 | 0.3891390694997087 | 1
Serbia | 56 | 0.1207425533269753 | 0.061805446112836365 | -0.05893710721413893 | 0.2857142857142857
Singapore | 548 | 0.07241602829494048 | 0.046131264947587694 | -0.026284763347352788 | 0.3314500941619586
Slovakia | 7 | 0.08549681338227638 | 0.09876014459590934 | 0.013263331213632962 | 0.75
Slovenia | 23 | 0.1001213324306835 | 0.05268607212328462 | -0.04743526030739888 | 0.16666666666666666
South Africa | 228 | 0.09143492940433032 | 0.07344710465263694 | -0.017987824751693374 | 0.48372093023255813
South Korea | 1800 | 0.08322208238283534 | 0.077925525956312 | -0.005296556426523338 | 0.31990521327014215
Spain | 151 | 0.09427336750799964 | 0.06855631785333835 | -0.02571704965466129 | 0.37037037037037035
Sri Lanka | 192 | 0.1202526344912316 | 0.08282196929702398 | -0.03743066519420761 | 0.23655913978494625
Sudan | 1 | 0.261021203511532 | 0.07385537354481213 | -0.18716582996671988 | 0
Sweden | 628 | 0.07629249321557667 | 0.10244069795079448 | 0.02614820473521781 | 0.45875251509054327
Switzerland | 218 | 0.07537789058396656 | 0.11336420161504787 | 0.03798631103108131 | 0.5561497326203209
Taiwan | 1766 | 0.09188409544716691 | 0.0787092739400608 | -0.01317482150710611 | 0.36885245901639346
Tanzania | 7 | 0.1002291605032178 | 0.28911850221952384 | 0.18888934171630606 | 0.6666666666666666
Thailand | 560 | 0.08714863712086535 | 0.08229180354031264 | -0.004856833580552708 | 0.4290909090909091
Trinidad & Tobago | 14 | 0.08952790734184854 | 0.10775237648663154 | 0.018224469144782998 | 0.5714285714285714
Tunisia | 58 | 0.1165086384758144 | 0.10823641816322206 | -0.008272220312592338 | 0.32
Turkey | 334 | 0.09679329198875837 | 0.07528096831060066 | -0.02151232367815771 | 0.3261538461538461
Turks & Caicos Islands | 1 | 0.1324194267277174 | 0.2230693556320709 | 0.0906499289043535 | 1
Uganda | 2 | 0.1207380176534124 | 0.18207899457012913 | 0.061340976916716736 | 0.5
Ukraine | 11 | 0.1914669551870192 | 0.18560601909255453 | -0.005860936094464669 | 0.375
United Arab Emirates | 57 | 0.07067070079518467 | 0.09498506990170183 | 0.02431436910651716 | 0.3888888888888889
United Kingdom | 1121 | 0.08041280959713076 | 0.08090481524404727 | 0.0004920056469165102 | 0.4482421875
United States | 6125 | 0.07538890111357748 | 0.10225303651497863 | 0.02686413540140116 | 0.4239960581423996
Uruguay | 1 | 0.0818472122835085 | 0.056336559248266214 | -0.025510653035242283 | 0
Venezuela | 12 | 0.1679392704950751 | -0.00154733879786587 | -0.16948660929294096 | 0
Vietnam | 621 | 0.12657524940642 | 0.11070242437604925 | -0.015872825030370755 | 0.4370860927152318
Zambia | 9 | 0.1561895907300809 | -0.04093301471611907 | -0.19712260544619997 | 0.16666666666666666
Zimbabwe | 9 | 0.1547510711118738 | 0.186226115840865 | 0.03147504472899118 | 0.3333333333333333
