Source: http://www.stern.nyu.edu/~adamodar/pc/blog/xretindustry2017.xlsx

Sheet: Global
Date updated: | 2017-01-05 00:00:00
Created by: | Aswath Damodaran, adamodar@stern.nyu.edu
What is this data? | Excess Returns (equity and firm) in percent and (millions of) dollar terms | Global
Home Page: | http://www.damodaran.com
Data website: | http://www.stern.nyu.edu/~adamodar/New_Home_Page/data.html
Companies in each industry: | http://www.stern.nyu.edu/~adamodar/pc/datasets/indname.xls
Variable definitions: | http://www.stern.nyu.edu/~adamodar/New_Home_Page/datafile/variable.htm
To update this spreadsheet, enter the following | Cost of Debt Lookup Table (based on std dev in stock prices)
Long Term Treasury bond rate = | 0.0245 | Standard Deviation | Default Spread
Risk Premium to Use for Equity = | 0.0706 | Global weighted average | 0 | 0.25 | 0.006
Country Default Spread to use for debt = | 0.0112 | Global weighted average | 0.25 | 0.4 | 0.0105
0.4 | 0.65 | 0.0125
Do you want to use the marginal tax rate? | Yes | 0.65 | 0.75 | 0.016
Marginal tax rate = | 0.3 | 0.75 | 0.9 | 0.0275
0.9 | 1 | 0.0375
1 | 10 | 0.065
Industry Name | Number of Firms | Beta | ROE | Cost of Equity | (ROE - COE) | BV of Equity | Equity EVA | ROC | Cost of Capital | (ROC - WACC) | BV of Capital | EVA | E/(D+E) | Std Dev in Stock | Cost of Debt | Tax Rate | After-tax Cost of Debt | D/(D+E)
Advertising | 251 | 1.068896379 | 0.15260102222126448 | 0.09996408435739998 | 0.0526369378638645 | 51045.7 | 2686.889339117468 | 0.3348216095767063 | 0.08249142146961017 | 0.2523301881070962 | 32910.84591 | 8304.399939233956 | 0.7361584828641365 | 0.408619765 | 0.04820000000000001 | 0.160369899 | 0.03374 | 0.2638415171358635
Aerospace/Defense | 222 | 1.122518135 | 0.17461853156634863 | 0.10374978033099999 | 0.07086875123534864 | 197492.75 | 13996.0645705349 | 0.1969521522829668 | 0.08910002616554524 | 0.10785212611742157 | 272307.80830000003 | 29368.97608353026 | 0.7948494716332982 | 0.382563222 | 0.046200000000000005 | 0.10765786 | 0.03234 | 0.20515052836670178
Air Transport | 158 | 0.865006788 | 0.21391240871668266 | 0.0855694792328 | 0.12834292948388265 | 196406.507 | 25207.386478076707 | 0.099237947891546 | 0.06014748032275457 | 0.03909046756879143 | 528971.8639 | 20677.757490586104 | 0.5224075216129411 | 0.283857385 | 0.046200000000000005 | 0.180437316 | 0.03234 | 0.47759247838705887
Apparel | 1171 | 0.815214397 | 0.11284845040836856 | 0.0820541364282 | 0.03079431398016856 | 249465.951 | 7682.132822455345 | 0.13273926406264228 | 0.07197287015830268 | 0.06076639390433959 | 333370.0229 | 20257.69412744011 | 0.797215299425803 | 0.357157904 | 0.046200000000000005 | 0.147596409 | 0.03234 | 0.2027847005741969
Auto & Truck | 128 | 1.268303021 | 0.15030172348222348 | 0.11404219328259999 | 0.036259530199623496 | 730193.084 | 26476.458180854217 | 0.07324261404741098 | 0.07452006339299724 | -0.0012774493455862679 | 1630414.4902000001 | -2082.771923540359 | 0.5162659862398123 | 0.298963557 | 0.046200000000000005 | 0.145841088 | 0.03234 | 0.48373401376018765
Auto Parts | 642 | 1.198022254 | 0.118637522948787 | 0.10908037113239999 | 0.009557151816387013 | 289874.798 | 2770.377452230519 | 0.12099622064435438 | 0.0930131928082344 | 0.027983027836119972 | 410461.78410000005 | 11485.963530133768 | 0.7906293898886034 | 0.328999597 | 0.046200000000000005 | 0.191359199 | 0.03234 | 0.20937061011139652
Bank (Money Center) | 623 | 0.884488698 | 0.09901942156843624 | 0.08694490207879998 | 0.012074519489636254 | 5562457.448 | 67164.00086614834 | 9.153662218738926e-05 | 0.04464171573912201 | -0.044550179116934624 | 17516477.386 | -780362.2050440348 | 0.26753946735187784 | 0.213720109 | 0.0417 | 0.200824667 | 0.029189999999999997 | 0.7324605326481222
Banks (Regional) | 889 | 0.568976175 | 0.09791808508370368 | 0.064669717955 | 0.03324836712870369 | 721250.032 | 23980.385855525285 | -2.074848333445326e-05 | 0.045379177081422625 | -0.045399925564757075 | 1012561.761 | -45970.22857911934 | 0.45629384940308304 | 0.228938248 | 0.0417 | 0.247729941 | 0.029189999999999997 | 0.543706150596917
Beverage (Alcoholic) | 223 | 0.731475134 | 0.11831471921610523 | 0.07614214446039999 | 0.04217257475570524 | 225158.587 | 9495.517342146462 | 0.13164035752634812 | 0.06634222444960718 | 0.06529813307674094 | 326543.6521 | 21322.690850190796 | 0.7762684879583333 | 0.282524377 | 0.046200000000000005 | 0.200224094 | 0.03234 | 0.2237315120416667
Beverage (Soft) | 103 | 0.74297837 | 0.2573413378225623 | 0.076954272922 | 0.1803870649005623 | 74626.623 | 13461.677486410797 | 0.2201602651697114 | 0.06788723133006822 | 0.1522730338396432 | 116357.2297 | 17718.068375595234 | 0.7967681417159063 | 0.308070936 | 0.046200000000000005 | 0.129125195 | 0.03234 | 0.20323185828409374
Broadcasting | 142 | 1.018473324 | 0.1288116541901625 | 0.0964042166744 | 0.0324074375157625 | 65211.91 | 2113.3508986085276 | 0.16085271037887705 | 0.0750762568474302 | 0.08577645353144685 | 101197.1385 | 8680.33164806064 | 0.6670846701307998 | 0.320520706 | 0.046200000000000005 | 0.187402983 | 0.03234 | 0.3329153298692002
Brokerage & Investment Banking | 569 | 0.907368591 | 0.0912685233663247 | 0.0885602225246 | 0.0027083008417247006 | 455906.872 | 1234.7329651856753 | 0.00042197760563619807 | 0.05049527756875531 | -0.050073299963119114 | 1740923.126 | -87173.76590092901 | 0.3229314426994877 | 0.343010068 | 0.046200000000000005 | 0.134993297 | 0.03234 | 0.6770685573005123
Building Materials | 434 | 0.918855281 | 0.09596555821703019 | 0.08937118283859999 | 0.006594375378430203 | 141626.582 | 933.9388452720262 | 0.11978066464379433 | 0.0757032838672406 | 0.04407738077655374 | 186191.29789999998 | 8206.824734819049 | 0.7603434070438276 | 0.307176964 | 0.046200000000000005 | 0.197998627 | 0.03234 | 0.2396565929561724
Business & Consumer Services | 772 | 0.935255999 | 0.15042934192295224 | 0.09052907352939998 | 0.05990026839355225 | 141943.744 | 8502.468362385673 | 0.22657090632942076 | 0.07773341689237476 | 0.148837489437046 | 154825.7811 | 23043.880559053647 | 0.7801020731055248 | 0.353612579 | 0.046200000000000005 | 0.186403714 | 0.03234 | 0.2198979268944752
Cable TV | 63 | 1.154005599 | 0.1581972715182569 | 0.10597279528939998 | 0.052224476228856925 | 106457.74 | 5559.699712007831 | 0.13521252999690572 | 0.07803401494697473 | 0.05717851504993099 | 241180.1905 | 13790.325152249472 | 0.6205660774846713 | 0.290215498 | 0.046200000000000005 | 0.149068187 | 0.03234 | 0.37943392251532865
Chemical (Basic) | 774 | 1.039489843 | 0.10933586451414934 | 0.0978879829158 | 0.011447881598349335 | 314513.551 | 3600.513892924405 | 0.09310237354492859 | 0.08215620583527483 | 0.010946167709653759 | 469484.7111 | 5139.0583848189435 | 0.7599960154268438 | 0.333974514 | 0.046200000000000005 | 0.166187788 | 0.03234 | 0.2400039845731562
Chemical (Diversified) | 81 | 1.427439415 | 0.1454459133831441 | 0.125277222699 | 0.02016869068414412 | 149269.976 | 3010.579974373616 | 0.10645490729990016 | 0.09970837967863455 | 0.0067465276212656106 | 249353.9435 | 1682.2732672942543 | 0.7248804916069376 | 0.302780932 | 0.046200000000000005 | 0.192046374 | 0.03234 | 0.2751195083930625
Chemical (Specialty) | 731 | 1.109558777 | 0.10242239275225604 | 0.10283484965619999 | -0.00041245690394395296 | 299980.133 | -123.72887690187522 | 0.11242792059368707 | 0.08822911875504826 | 0.024198801838638817 | 443696.69430000003 | 10736.928381824806 | 0.7928113759745117 | 0.351012204 | 0.046200000000000005 | 0.162629853 | 0.03234 | 0.20718862402548838
Coal & Related Energy | 278 | 1.140816525 | -0.018141953836714932 | 0.10504164666499999 | -0.12318360050171492 | 156385.361 | -19264.11183374047 | 0.028003055416019173 | 0.07886245810950902 | -0.05085940269348985 | 244144.6805 | -12417.052621022918 | 0.6328389345832371 | 0.563286551 | 0.04820000000000001 | 0.043470037 | 0.03374 | 0.36716106541676286
Computer Services | 929 | 0.96465488 | 0.21321760178922755 | 0.092604634528 | 0.12061296726122755 | 198759.294 | 23972.948220086702 | 0.22617393496926036 | 0.08262392603777549 | 0.14355000893148487 | 218550.2014 | 31372.883362947814 | 0.8343853145647586 | 0.363962916 | 0.046200000000000005 | 0.171702669 | 0.03234 | 0.16561468543524133
Computers/Peripherals | 327 | 1.188223062 | 0.15105188594436725 | 0.1083885481772 | 0.04266333776716724 | 518860.056 | 22136.30182301931 | 0.14612454358000146 | 0.09517472548046048 | 0.05094981809954098 | 672469.8035 | 34262.21416575907 | 0.8262449052156771 | 0.364131748 | 0.046200000000000005 | 0.135664325 | 0.03234 | 0.17375509478432297
Construction Supplies | 757 | 1.06843361 | 0.06634921692744578 | 0.09993141286599999 | -0.033582195938554216 | 437946.073 | -14707.190834006367 | 0.0688921978089084 | 0.0782237301096673 | -0.009331532300758894 | 717033.4385 | -6691.020692086966 | 0.6788396360441794 | 0.3250669 | 0.046200000000000005 | 0.164185953 | 0.03234 | 0.3211603639558206
Diversified | 356 | 0.865377971 | 0.09177881317785833 | 0.0855956847526 | 0.006183128425258325 | 1075185.03 | 6648.007121405225 | 0.0928987638827579 | 0.06435612308691656 | 0.028542640795841345 | 1744158.677 | 49782.89460856086 | 0.6234499809931938 | 0.243604169 | 0.0417 | 0.135796686 | 0.029189999999999997 | 0.3765500190068062
Drugs (Biotechnology) | 884 | 1.284826217 | 0.12104716475828162 | 0.11520873092020001 | 0.005838433838081608 | 163049.643 | 951.9545529783261 | 0.14062441120913122 | 0.10288239083612973 | 0.03774202037300149 | 310463.2059 | 11717.508642145158 | 0.848698513591133 | 0.610733156 | 0.04820000000000001 | 0.024554001 | 0.03374 | 0.151301486408867
Drugs (Pharmaceutical) | 971 | 1.011619857 | 0.1306501328042722 | 0.0959203619042 | 0.034729770900072204 | 831928.056 | 28892.670790222437 | 0.1272049239523225 | 0.08644767106840005 | 0.04075725288392244 | 1170730.3033 | 47715.75103046932 | 0.8476578368843475 | 0.411674448 | 0.04820000000000001 | 0.122293613 | 0.03374 | 0.1523421631156525
Education | 174 | 0.871568804 | 0.05357093989850517 | 0.0860327575624 | -0.03246181766389483 | 24483.218 | -794.7697585413879 | 0.10519585980049859 | 0.07335206327313006 | 0.03184379652736853 | 26521.3414 | 844.5401991744753 | 0.7638285894604528 | 0.372170112 | 0.046200000000000005 | 0.144169003 | 0.03234 | 0.23617141053954718
Electrical Equipment | 856 | 1.147949659 | 0.08676206825616618 | 0.10554524592539999 | -0.018783177669233805 | 252678.739 | -4746.109647874957 | 0.10658678678417942 | 0.08939379861138164 | 0.017192988172797782 | 347108.114 | 5967.825698684144 | 0.7793676244120876 | 0.36809888 | 0.046200000000000005 | 0.138487986 | 0.03234 | 0.22063237558791235
Electronics (Consumer & Office) | 153 | 1.186349009 | 0.02404358247931454 | 0.10825624003539999 | -0.08421265755608545 | 89050.831 | -7499.207136087839 | 0.09481717121616506 | 0.08581977037774485 | 0.008997400838420211 | 156440.07277 | 1407.5540419033168 | 0.7044575752540835 | 0.394485096 | 0.046200000000000005 | 0.121247173 | 0.03234 | 0.2955424247459165
Electronics (General) | 1239 | 1.146520114 | 0.08287884586388086 | 0.10544432004840001 | -0.022565474184519152 | 398137.856 | -8984.169511447804 | 0.093234494805034 | 0.09335980609580487 | -0.00012531129077086867 | 490549.6442 | -61.47140910189236 | 0.8346949408106884 | 0.35806681 | 0.046200000000000005 | 0.13677824 | 0.03234 | 0.16530505918931163
Engineering/Construction | 1118 | 1.090744437 | 0.07551199497893894 | 0.10150655725219998 | -0.025994562273261038 | 438042.87 | -11386.73266257299 | 0.09270303000212324 | 0.07245734220070967 | 0.020245687801413573 | 712672.7707 | 14428.550420160602 | 0.5800106842737738 | 0.325345567 | 0.046200000000000005 | 0.170513378 | 0.03234 | 0.4199893157262263
Entertainment | 353 | 1.040922945 | 0.14798758056235056 | 0.097989159917 | 0.049998420645350566 | 150648.689 | 7532.196522292597 | 0.2392449675114711 | 0.08383561023779426 | 0.15540935727367683 | 134705.7259 | 20934.53028320308 | 0.7797084086781845 | 0.408234032 | 0.04820000000000001 | 0.107063261 | 0.03374 | 0.22029159132181556
Environmental & Waste Services | 306 | 1.07976521 | 0.08966225727999962 | 0.10073142382599998 | -0.011069166546000361 | 49206.39 | -544.6737260374467 | 0.15706180727527275 | 0.08495864276583356 | 0.07210316450943918 | 56694.351460000005 | 4087.842150076344 | 0.7645552197676257 | 0.444785736 | 0.04820000000000001 | 0.117676613 | 0.03374 | 0.23544478023237428
Farming/Agriculture | 388 | 0.867394662 | 0.07960714818163453 | 0.0857380631372 | -0.006130914955565475 | 145983.084 | -895.0098729551711 | 0.058771689629906886 | 0.0665445667422956 | -0.007772877112388714 | 279764.8675 | -2174.577935441211 | 0.6405581913038869 | 0.324362646 | 0.046200000000000005 | 0.134405216 | 0.03234 | 0.35944180869611314
Financial Svcs. (Non-bank & Insurance) | 1016 | 0.735044747 | 0.21691737330783034 | 0.0763941591382 | 0.14052321416963034 | 542087.488 | 76175.87617490093 | 0.0036910569857028334 | 0.037204907495908615 | -0.03351385051020578 | 9128431.013999999 | -305928.8723959221 | 0.11043015213721741 | 0.303422848 | 0.046200000000000005 | 0.17563153 | 0.03234 | 0.8895698478627826
Food Processing | 1275 | 0.73511777 | 0.115104161903247 | 0.076399314562 | 0.038704847341247 | 540687.365 | 20927.221921666096 | 0.13905044088809015 | 0.06753442561870764 | 0.07151601526938252 | 651456.1331 | 46589.54676211249 | 0.7987964853421008 | 0.296979779 | 0.046200000000000005 | 0.164981972 | 0.03234 | 0.20120351465789924
Food Wholesalers | 128 | 0.68681001 | 0.12144732597212529 | 0.072988786706 | 0.0484585392661253 | 30776.923 | 1491.4047316860147 | 0.12628839426138744 | 0.056467585323379775 | 0.06982080893800766 | 49358.77733 | 3446.2697613715936 | 0.5935622506493756 | 0.298053088 | 0.046200000000000005 | 0.196970454 | 0.03234 | 0.4064377493506243
Furn/Home Furnishings | 307 | 0.936579885 | 0.15840452993577991 | 0.090622539881 | 0.06778199005477992 | 98413.404 | 6670.656371185038 | 0.14516173283221537 | 0.07992256318446202 | 0.06523916964775335 | 108881.02634 | 7103.307748816761 | 0.816411969718805 | 0.31887034 | 0.046200000000000005 | 0.188720838 | 0.03234 | 0.18358803028119497
Green & Renewable Energy | 179 | 1.008564663 | 0.07399631072026719 | 0.0957046652078 | -0.021708354487532805 | 61191.348 | -1328.3634739539814 | 0.07159445311879316 | 0.06668364699674437 | 0.004910806122048791 | 137326.9552 | 674.3860523184801 | 0.5419999756033869 | 0.376416657 | 0.046200000000000005 | 0.09797667 | 0.03234 | 0.4580000243966131
Healthcare Products | 677 | 1.01521871 | 0.10838962214371282 | 0.096174440926 | 0.012215181217712826 | 247113.501 | 3018.5361960584596 | 0.1514941724583591 | 0.08658300036417813 | 0.06491117209418099 | 276890.89 | 17973.312212100936 | 0.8463758076541429 | 0.461246876 | 0.04820000000000001 | 0.085976279 | 0.03374 | 0.15362419234585714
Healthcare Support Services | 334 | 0.990767781 | 0.14668088250534292 | 0.09444820533859999 | 0.05223267716674293 | 236401.107 | 12347.862703791652 | 0.30861355277677677 | 0.079287734162628 | 0.22932581861414875 | 185817.9337 | 42612.84975894212 | 0.755902282261732 | 0.398962391 | 0.046200000000000005 | 0.179619535 | 0.03234 | 0.24409771773826805
Heathcare Information and Technology | 322 | 1.022107339 | 0.133303619445917 | 0.09666077813339999 | 0.03664284131251702 | 65210.81 | 2389.5093626906983 | 0.1514115162006728 | 0.08698155984589917 | 0.06442995635477364 | 74672.63788 | 4811.1547995042165 | 0.8461681725076627 | 0.474340258 | 0.04820000000000001 | 0.073883707 | 0.03374 | 0.15383182749233726
Homebuilding | 173 | 1.073275022 | 0.1405584442378654 | 0.10027321655320001 | 0.04028522768466539 | 102929.668 | 4146.5451108870175 | 0.09207678108724315 | 0.07613148941981782 | 0.015945291667425338 | 158883.44600000003 | 2533.442887595624 | 0.644625584385861 | 0.313595925 | 0.046200000000000005 | 0.220037278 | 0.03234 | 0.35537441561413896
Hospitals/Healthcare Facilities | 192 | 0.735871401 | 0.09295975855356921 | 0.07645252091060001 | 0.0165072376429692 | 50716.343 | 837.1867262833375 | 0.09791614802213333 | 0.056094924198248526 | 0.041821223823884805 | 149293.3542 | 6243.630781416713 | 0.5385075191325177 | 0.295808728 | 0.046200000000000005 | 0.174291598 | 0.03234 | 0.46149248086748235
Hotel/Gaming | 658 | 0.836061943 | 0.09488617833003785 | 0.0835259731758 | 0.011360205154237843 | 256875.031 | 2918.1530511612054 | 0.08760289083367631 | 0.06747893708021233 | 0.020123953753463986 | 408653.819 | 8223.730554732443 | 0.6864954381061862 | 0.32628968 | 0.046200000000000005 | 0.131809994 | 0.03234 | 0.3135045618938138
Household Products | 494 | 0.868089868 | 0.2036787255245498 | 0.0857871446808 | 0.1178915808437498 | 196762.111 | 23196.596315943374 | 0.25164809963080165 | 0.07910928026047655 | 0.1725388193703251 | 226048.0365 | 39002.06133869015 | 0.8750566665402733 | 0.388119453 | 0.046200000000000005 | 0.148387427 | 0.03234 | 0.1249433334597268
Information Services | 186 | 1.039777643 | 0.20310061383527414 | 0.0979083015958 | 0.10519231223947414 | 116501.125 | 12255.022717250007 | 0.3397501071548106 | 0.08670721418085654 | 0.25304289297395405 | 105281.33614 | 26640.6938730289 | 0.8291691695174098 | 0.374819544 | 0.046200000000000005 | 0.160670103 | 0.03234 | 0.1708308304825902
Insurance (General) | 233 | 0.712636751 | 0.07302852344679338 | 0.07481215462060001 | -0.0017836311738066296 | 554234.21 | -988.54941454609 | 0.10121449983379857 | 0.06024819439000791 | 0.04096630544379066 | 580171.8807 | 23767.498474654672 | 0.6807700041414538 | 0.245508888 | 0.0417 | 0.147507714 | 0.029189999999999997 | 0.31922999585854617
Insurance (Life) | 123 | 1.024224375 | 0.08336579600280344 | 0.09681024087499998 | -0.013444444872196537 | 833331.55 | -11203.680084237092 | 0.1136147741785618 | 0.06590778680685393 | 0.04770698737170788 | 889933.8114 | 42456.06110211566 | 0.5429999410195674 | 0.243627757 | 0.0417 | 0.189873933 | 0.029189999999999997 | 0.45700005898043256
Insurance (Prop/Cas.) | 227 | 0.608407136 | 0.10625880133712241 | 0.06745354380159999 | 0.03880525753552243 | 377262.989 | 14639.787446765964 | 0.12063954373800406 | 0.05850737184334049 | 0.06213217189466357 | 441368.0842 | 27423.157676332743 | 0.7661959382370274 | 0.244655105 | 0.0417 | 0.167710274 | 0.029189999999999997 | 0.23380406176297258
Investments & Asset Management | 1013 | 0.807144546 | 0.10648298620107043 | 0.0814844049476 | 0.02499858125347043 | 401840.59 | 10045.444640057498 | 0.056615250671560355 | 0.05930147819982442 | -0.002686227528264064 | 703463.1484000001 | -1889.6620743513886 | 0.5486174515404546 | 0.337487865 | 0.046200000000000005 | 0.075013344 | 0.03234 | 0.4513825484595454
Machinery | 1270 | 1.097782811 | 0.09229062539659015 | 0.1020034664566 | -0.009712841060009844 | 358265.001 | -3479.7710120772676 | 0.12572155420274592 | 0.0904216461128792 | 0.035299908089866716 | 426079.20749999996 | 15040.556863753247 | 0.8337461379281748 | 0.332796997 | 0.046200000000000005 | 0.17325199 | 0.03234 | 0.16625386207182521
Metals & Mining | 1517 | 1.258820727 | -0.06832429262304046 | 0.11337274332620001 | -0.18169703594924047 | 576721.463 | -104788.58039540956 | 0.030092164359893054 | 0.0876297745362682 | -0.057537610176375154 | 898551.1342000001 | -51700.48488313936 | 0.6664672998064678 | 0.70483753 | 0.0517 | 0.032681674 | 0.03619 | 0.33353270019353226
Office Equipment & Services | 159 | 0.858357552 | 0.12976610919681916 | 0.08510004317119998 | 0.04466606602561918 | 20930.28 | 934.8732684146966 | 0.15802170596319687 | 0.07064334297723363 | 0.08737836298596324 | 28785.77571 | 2515.253958820904 | 0.7259915018064692 | 0.325558853 | 0.046200000000000005 | 0.182343675 | 0.03234 | 0.2740084981935308
Oil/Gas (Integrated) | 49 | 1.392412113 | 0.009581199414972213 | 0.1228042951778 | -0.1132230957628278 | 1659107.52 | -187849.28961778773 | 0.016584947353694174 | 0.0955823604966825 | -0.07899741314298833 | 2235032.0632 | -176561.75128443603 | 0.6990864226862645 | 0.304907904 | 0.046200000000000005 | 0.113765163 | 0.03234 | 0.30091357731373547
Oil/Gas (Production and Exploration) | 964 | 1.563955131 | -0.2162863903891831 | 0.1349152322486 | -0.3512016226377831 | 657221.468 | -230817.24599398582 | -0.040159661828800486 | 0.10257267134489902 | -0.1427323331736995 | 1071147.4261999999 | -152887.37131452907 | 0.6723982292362789 | 0.668693607 | 0.0517 | 0.015709705 | 0.03619 | 0.3276017707637211
Oil/Gas Distribution | 210 | 1.530286166 | 0.03584493109785016 | 0.1325382033196 | -0.09669327222174984 | 320555.31 | -30995.54185195741 | 0.07019013832023709 | 0.08803243763828181 | -0.01784229931804472 | 741930.0796 | -13237.738553283947 | 0.5558227173060266 | 0.387863966 | 0.046200000000000005 | 0.08379336 | 0.03234 | 0.44417728269397333
Oilfield Svcs/Equip. | 544 | 1.31383624 | -0.035031145098097814 | 0.11725683854400001 | -0.15228798364209784 | 481611.262 | -73343.6079893061 | 0.05652240360786215 | 0.09066217895027785 | -0.034139775342415704 | 717412.2979 | -24492.29467819221 | 0.6815652980002226 | 0.431084399 | 0.04820000000000001 | 0.096102714 | 0.03374 | 0.3184347019997774
Packaging & Container | 395 | 0.732371756 | 0.11677630552475289 | 0.0762054459736 | 0.04057085955115289 | 83801.341 | 3399.8924359092703 | 0.12151883941069379 | 0.06304633932533413 | 0.05847250008535966 | 138727.2893 | 8111.731435435964 | 0.7000120172906583 | 0.311941321 | 0.046200000000000005 | 0.197961585 | 0.03234 | 0.2999879827093416
Paper/Forest Products | 296 | 0.923117282 | 0.08525603513594793 | 0.0896720801092 | -0.00441604497325207 | 111702.579 | -493.28361249224224 | 0.06517425712741622 | 0.0675060734633096 | -0.002331816335893383 | 201956.8695 | -470.92632744598814 | 0.6133751539509649 | 0.324421962 | 0.046200000000000005 | 0.151214207 | 0.03234 | 0.3866248460490352
Power | 569 | 0.808640415 | 0.07586571426665056 | 0.081590013299 | -0.005724299032349431 | 1172309.374 | -6710.649415202367 | 0.07303058327135378 | 0.05667293685468633 | 0.016357646416667454 | 2497839.9188 | 40858.78219716775 | 0.4940696504376457 | 0.259427407 | 0.046200000000000005 | 0.178832409 | 0.03234 | 0.5059303495623543
Precious Metals | 961 | 1.187269314 | -0.06328327790644371 | 0.1083212135684 | -0.1716044914748437 | 191754.1 | -32905.86481871633 | 0.032358949488527834 | 0.09438439047585337 | -0.062025440987325535 | 248477.1472 | -15411.904630352601 | 0.7825131217642981 | 0.773764101 | 0.0632 | 0.033333255 | 0.04424 | 0.21748687823570192
Publishing & Newspapers | 364 | 0.907209637 | 0.048025240554996775 | 0.08854900037220001 | -0.040523759817203235 | 95966.828 | -3888.936688290854 | 0.09516499890290651 | 0.07410132821093039 | 0.021063670691976122 | 98064.99134 | 2065.60868399725 | 0.7429651467629519 | 0.366887293 | 0.046200000000000005 | 0.157653566 | 0.03234 | 0.2570348532370481
R.E.I.T. | 527 | 0.72215673 | 0.08609840380976114 | 0.075484265138 | 0.010614138671761142 | 734167.815 | 7792.558996753879 | 0.03507055609601471 | 0.055255970994326546 | -0.020185414898311833 | 1729937.4854000001 | -34919.50589094127 | 0.5630496761667065 | 0.212676916 | 0.0417 | 0.025265468 | 0.029189999999999997 | 0.43695032383329346
Real Estate (Development) | 746 | 1.06042062 | 0.09921346570585947 | 0.099365695772 | -0.0001522300661405268 | 529236.809 | -80.56575443807135 | 0.06360619930292356 | 0.06374063704134181 | -0.00013443773841824436 | 944487.995 | -126.97483001098209 | 0.46848655101107395 | 0.304023299 | 0.046200000000000005 | 0.185510735 | 0.03234 | 0.531513448988926
Real Estate (General/Diversified) | 420 | 1.017441881 | 0.07177035988843737 | 0.0963313967986 | -0.024561036910162634 | 491883.405 | -12081.166465701477 | 0.047650754622845404 | 0.06803841520506247 | -0.020387660582217068 | 776457.7477 | -15830.157016540334 | 0.5578627282885545 | 0.287552721 | 0.046200000000000005 | 0.156574908 | 0.03234 | 0.44213727171144546
Real Estate (Operations & Services) | 606 | 0.811233803 | 0.08834616014755917 | 0.0817731064918 | 0.0065730536557591646 | 318768.942 | 2095.285359555581 | 0.05022819357762236 | 0.0584313841059782 | -0.008203190528355844 | 584958.4087 | -4798.525277729947 | 0.527811945427833 | 0.291212196 | 0.046200000000000005 | 0.140915122 | 0.03234 | 0.47218805457216695
Recreation | 307 | 0.874685694 | 0.10516102408052354 | 0.0862528099964 | 0.018908214084123534 | 72439.538 | 1369.7022926590018 | 0.11442248499448571 | 0.07532172056527321 | 0.039100764429212495 | 100006.7116 | 3910.3388716117925 | 0.7972450437686941 | 0.340819732 | 0.046200000000000005 | 0.170957027 | 0.03234 | 0.20275495623130593
Reinsurance | 38 | 0.969198549 | 0.10562303641133954 | 0.09292541755940001 | 0.012697618851939527 | 135580.84 | 1721.5538299457967 | 0.11849864572931043 | 0.08012972694433912 | 0.03836891878497131 | 145043.6039 | 5565.166258318648 | 0.7992373611871989 | 0.227104554 | 0.0417 | 0.149362221 | 0.029189999999999997 | 0.2007626388128011
Restaurant/Dining | 346 | 0.784177927 | 0.2415341492690013 | 0.07986296164619999 | 0.1616711876228013 | 83289.001 | 13465.431707586686 | 0.1319311688504541 | 0.06675906184874683 | 0.06517210700170728 | 194513.8842 | 12676.8796744001 | 0.7242617180509632 | 0.291280892 | 0.046200000000000005 | 0.20288504 | 0.03234 | 0.2757382819490369
Retail (Automotive) | 163 | 0.921121188 | 0.18726876300397285 | 0.0895311558728 | 0.09773760713117285 | 45872.039 | 4483.423326087839 | 0.09853194700379642 | 0.06710171387867414 | 0.031430233125122276 | 112563.0741 | 3537.883660243413 | 0.6078162497010616 | 0.30187147 | 0.046200000000000005 | 0.201126192 | 0.03234 | 0.39218375029893837
Retail (Building Supply) | 50 | 0.852464115 | 0.2756301230223563 | 0.084683966519 | 0.19094615650335628 | 41535.54 | 7931.051721291415 | 0.18147657255443533 | 0.07388750232154384 | 0.10758907023289149 | 88468.32166 | 9518.224472463777 | 0.7937400446422567 | 0.268790323 | 0.046200000000000005 | 0.210740443 | 0.03234 | 0.20625995535774327
Retail (Distributors) | 929 | 0.89056125 | 0.037689883223198155 | 0.08737362425 | -0.04968374102680185 | 351750.599 | -17476.285666738426 | 0.049467872184706545 | 0.06117022247047682 | -0.011702350285770276 | 701113.0682999999 | -8204.67071517778 | 0.5238655978663229 | 0.337551038 | 0.046200000000000005 | 0.180208514 | 0.03234 | 0.47613440213367714
Retail (General) | 220 | 1.107174035 | 0.1150093809290541 | 0.102666486871 | 0.01234289405805411 | 326835.965 | 4034.1016903568816 | 0.08045063798523125 | 0.07748820271433753 | 0.0029624352708937235 | 605116.1422 | 1792.617402640422 | 0.6419800664457043 | 0.292886729 | 0.046200000000000005 | 0.223956522 | 0.03234 | 0.3580199335542958
Retail (Grocery and Food) | 163 | 0.767723409 | 0.11741177152351459 | 0.0787012726754 | 0.03871049884811459 | 157135.803 | 6082.805321029062 | 0.07656653967475709 | 0.06127120347127425 | 0.015295336203482834 | 301379.516 | 4609.7010220629345 | 0.6240381637889243 | 0.253630605 | 0.046200000000000005 | 0.23733611 | 0.03234 | 0.3759618362110757
Retail (Online) | 190 | 1.249699548 | 0.1122089411946946 | 0.11272878808879999 | -0.0005198468941053913 | 58875.13 | -30.606053470551146 | 0.15614100933776037 | 0.10485551443890179 | 0.051285494898858586 | 74053.41052 | 3797.865807466541 | 0.9003241619424899 | 0.435582965 | 0.04820000000000001 | 0.147660595 | 0.03374 | 0.09967583805751014
Retail (Special Lines) | 505 | 0.923823927 | 0.13902028049730566 | 0.08972196924619999 | 0.049298311251105675 | 267160.855 | 13170.57898390151 | 0.12440988199967447 | 0.07410421367802683 | 0.05030566832164764 | 436666.7386 | 21966.81211910721 | 0.7278281701841836 | 0.33521347 | 0.046200000000000005 | 0.205450806 | 0.03234 | 0.2721718298158165
Rubber& Tires | 87 | 1.059061886 | 0.13932468514927113 | 0.09926976915159999 | 0.04005491599767114 | 65248.38 | 2613.5183798841254 | 0.13234061313709353 | 0.08267139304684396 | 0.04966922009024957 | 101640.54835 | 5048.406766089803 | 0.7520030874877259 | 0.278098472 | 0.046200000000000005 | 0.192554767 | 0.03234 | 0.24799691251227413
Semiconductor | 535 | 1.356759069 | 0.12416190806679392 | 0.1202871902714 | 0.003874717795393917 | 333687.438 | 1292.9446541180046 | 0.12248113969634838 | 0.10827968455382726 | 0.014201455142521122 | 485508.2935 | 6894.924251462229 | 0.8634691377800899 | 0.345633637 | 0.046200000000000005 | 0.098154381 | 0.03234 | 0.13653086221991004
Semiconductor Equip | 258 | 1.240664088 | 0.1246193679265127 | 0.11209088461279998 | 0.012528483313712716 | 70949.092 | 888.8845152450683 | 0.13007656633150605 | 0.10142455586519364 | 0.02865201046631241 | 92393.69811 | 2647.265205269029 | 0.8662544146137985 | 0.365831731 | 0.046200000000000005 | 0.136527255 | 0.03234 | 0.13374558538620146
Shipbuilding & Marine | 326 | 1.152782354 | -0.034923317853737014 | 0.10588643419239999 | -0.140809752046137 | 245775.789 | -34607.62790803368 | 0.029409549927967536 | 0.0713846989002628 | -0.04197514897229527 | 410303.3671 | -17222.54495785685 | 0.530885002502236 | 0.341113073 | 0.046200000000000005 | 0.114266794 | 0.03234 | 0.4691149974977639
Shoe | 89 | 0.96638286 | 0.1629147886496577 | 0.092726629916 | 0.07018815873365769 | 43230.661 | 3034.280496428945 | 0.15083801629656332 | 0.08569571065427634 | 0.06514230564228699 | 51194.3562 | 3334.91839874051 | 0.8835682787480617 | 0.349725963 | 0.046200000000000005 | 0.183529184 | 0.03234 | 0.11643172125193832
Software (Entertainment) | 120 | 1.404874553 | 0.08443604588669336 | 0.12368414344179998 | -0.03924809755510662 | 43548.747 | -1709.205470658657 | 0.15341969906251599 | 0.1161599184462126 | 0.03725978061630339 | 36104.4053 | 1345.2422207601014 | 0.9163455817392261 | 0.461059267 | 0.04820000000000001 | 0.11108032 | 0.03374 | 0.08365441826077394
Software (Internet) | 830 | 1.150974071 | 0.11086517537986985 | 0.10575876941260001 | 0.005106405967269842 | 279191.278 | 1425.6640079888932 | 0.16516871172376793 | 0.10228500354033934 | 0.06288370818342859 | 302740.0942 | 19037.41973909648 | 0.9517658257619032 | 0.510954515 | 0.04820000000000001 | 0.084122778 | 0.03374 | 0.0482341742380968
Software (System & Application) | 1026 | 1.057811579 | 0.14478350068054505 | 0.09918149747739999 | 0.04560200320314506 | 282976.132 | 12904.278477877599 | 0.15658421530285793 | 0.08946756784213654 | 0.0671166474607214 | 344272.05220000003 | 23106.385958086474 | 0.8515631516742397 | 0.44002715 | 0.04820000000000001 | 0.110864441 | 0.03374 | 0.14843684832576037
Steel | 737 | 1.146033027 | -0.042237722620559894 | 0.1054099317062 | -0.1476476543267599 | 475169.724 | -70157.6951556939 | 0.027903035240044134 | 0.0732002331394367 | -0.04529719789939257 | 813989.2393 | -36871.431660548114 | 0.5591935312561638 | 0.373726535 | 0.046200000000000005 | 0.116864074 | 0.03234 | 0.4408064687438362
Telecom (Wireless) | 106 | 1.024638715 | 0.07565633521051413 | 0.09683949327899999 | -0.021183158068485863 | 510643.41 | -10817.040070660634 | 0.08775575511487597 | 0.07178892405663594 | 0.01596683105824004 | 850096.2929 | 13573.34389197044 | 0.6116160306251566 | 0.274958816 | 0.046200000000000005 | 0.137810014 | 0.03234 | 0.3883839693748434
Telecom. Equipment | 480 | 1.162840335 | 0.10910239422889961 | 0.106596527651 | 0.0025058665778996125 | 166441.187 | 417.0794076892395 | 0.11582392164951254 | 0.09426661259591153 | 0.02155730905360101 | 231060.70779999997 | 4981.047088188397 | 0.8307644427668626 | 0.41868216 | 0.04820000000000001 | 0.098094607 | 0.03374 | 0.1692355572331374
Telecom. Services | 297 | 0.917234664 | 0.14131050715215682 | 0.08925676727839998 | 0.05205373987375683 | 629462.57 | 32765.88087904645 | 0.1223709136249067 | 0.06700955567888925 | 0.055361357946017445 | 1197649.1038 | 66303.4807291988 | 0.609127280706373 | 0.314243357 | 0.046200000000000005 | 0.15052738 | 0.03234 | 0.39087271929362705
Tobacco | 59 | 0.706729929 | 0.5737876725998441 | 0.0743951329874 | 0.4993925396124441 | 58453.558 | 29191.2707790033 | 0.3891734944412558 | 0.06830136181907322 | 0.3208721326221826 | 105157.3 | 33742.04711179064 | 0.8551004185350571 | 0.336075861 | 0.046200000000000005 | 0.164946045 | 0.03234 | 0.14489958146494286
Transportation | 221 | 1.070230587 | 0.14318739692619922 | 0.1000582794422 | 0.043129117483999224 | 161553.541 | 6967.661649745085 | 0.12674078932742114 | 0.07677632742654736 | 0.04996446190087378 | 278609.5119 | 13920.574342548589 | 0.6561939817811729 | 0.302015965 | 0.046200000000000005 | 0.20345018 | 0.03234 | 0.34380601821882706
Transportation (Railroads) | 49 | 0.98500896 | 0.11650983697495541 | 0.09404163257600001 | 0.022468204398955402 | 205109.651 | 4608.445562866407 | 0.0958772082107033 | 0.0746572815974621 | 0.021219926613241194 | 383510.2808 | 8138.060013999523 | 0.7010969468529373 | 0.236946488 | 0.0417 | 0.231150969 | 0.029189999999999997 | 0.29890305314706267
Trucking | 195 | 0.865362814 | 0.12396438578966479 | 0.0855946146684 | 0.03836977112126479 | 61308.786 | 2352.4040865426027 | 0.08069196409444332 | 0.062193232504929856 | 0.018498731589513463 | 138237.9222 | 2557.2262182698446 | 0.5605755048800314 | 0.289368952 | 0.046200000000000005 | 0.208465331 | 0.03234 | 0.43942449511996867
Utility (General) | 57 | 0.752923267 | 0.013191918968867816 | 0.0776563826502 | -0.06446446368133218 | 272619.17 | -17574.248583299923 | 0.08611232504446993 | 0.05391450072408794 | 0.03219782432038199 | 565909.4110000001 | 18221.05179662885 | 0.5101371171546658 | 0.206395681 | 0.0417 | 0.208720084 | 0.029189999999999997 | 0.4898628828453342
Utility (Water) | 96 | 1.054615661 | 0.08710266563533438 | 0.0989558656666 | -0.011853200031265623 | 46774.988 | -554.4332892240491 | 0.0523442094605646 | 0.07548549239550967 | -0.023141282934945065 | 93791.73907000001 | -2170.4611707794115 | 0.6476759247030552 | 0.294434294 | 0.046200000000000005 | 0.149913077 | 0.03234 | 0.3523240752969448
Total Market | 42678 | 1.010367366 | 0.08710266563533438 | 0.0958319360396 | -0.008729270404265618 | 32912185.65 | -287299.36813424056 | 0.0523442094605646 | 0.0675087833054306 | -0.015164573844865997 | 69906107.84 | -1060096.3345468459 | 0.5539094489652322 | 0.366760556 | 0.046200000000000005 | 0.138326917 | 0.03234 | 0.4460905510347678
Total Market (without financials) | 37762 | 1.047421592352365 | 0.080325802891432 | 0.09844796442007697 | -0.018122161528644973 | 23238655.883999992 | -421134.6756384438 | 0.08851983012504379 | 0.07865729330928053 | 0.009862536815763254 | 37566233.97620001 | 370498.36561984895 | 0.7006310618636138 | 0.3794264402106351 | 0.046200000000000005 | 0.1358809151361686 | 0.03234 | 0.29936893813638615

Sheet: US
Date updated: | 2017-01-05 00:00:00
Created by: | Aswath Damodaran, adamodar@stern.nyu.edu
What is this data? | Excess Returns (equity and firm) in percent and (millions of) dollar terms | US companies
Home Page: | http://www.damodaran.com
Data website: | http://www.stern.nyu.edu/~adamodar/New_Home_Page/data.html
Companies in each industry: | http://www.stern.nyu.edu/~adamodar/pc/datasets/indname.xls
Variable definitions: | http://www.stern.nyu.edu/~adamodar/New_Home_Page/datafile/variable.htm
To update this spreadsheet, enter the following | Cost of Debt Lookup Table (based on std dev in stock prices)
Long Term Treasury bond rate = | 0.0245 | Standard Deviation | Default Spread
Risk Premium to Use for Equity = | 0.0569 | 0 | 0.25 | 0.006
Country Default Spread to use for debt = | 0 | 0.25 | 0.4 | 0.0105
0.4 | 0.65 | 0.0125
Do you want to use the marginal tax rate? | Yes | 0.65 | 0.75 | 0.016
Marginal tax rate = | 0.4 | 0.75 | 0.9 | 0.0275
0.9 | 1 | 0.0375
1 | 10 | 0.045
Industry Name | Number of Firms | Beta | ROE | Cost of Equity | (ROE - COE) | BV of Equity | Equity EVA | ROC | Cost of Capital | (ROC - WACC) | BV of Capital | EVA | E/(D+E) | Std Dev in Stock | Cost of Debt | Tax Rate | After-tax Cost of Debt | D/(D+E)
Advertising | 41 | 1.362998832 | -0.01059163925 | 0.1020546335408 | -0.1126462727908 | 1276.427 | -143.78474403954246 | 0.7182680923765835 | 0.07200939652187059 | 0.646258695854713 | 4693.716543 | 3033.3551317908714 | 0.6135891116615726 | 0.728018376 | 0.0405 | 0.050960682 | 0.0243 | 0.3864108883384274
Aerospace/Defense | 96 | 1.074487468 | 0.24213909101148975 | 0.0856383369292 | 0.15650075408228975 | 114756.258 | 17959.440912661797 | 0.3187503256389528 | 0.07355610886422334 | 0.24519421677472944 | 121691.16871 | 29837.97080024991 | 0.809543745157428 | 0.407457595 | 0.037000000000000005 | 0.108554932 | 0.0222 | 0.190456254842572
Air Transport | 18 | 1.122088785 | 0.4128045377756609 | 0.08834685186650001 | 0.3244576859091609 | 42075.24 | 13651.635004472562 | 0.1785654623321894 | 0.060588681100128744 | 0.11797678123206065 | 113228.8673 | 13358.377306606126 | 0.5878326900655193 | 0.386115145 | 0.035 | 0.229868862 | 0.021 | 0.41216730993448064
Apparel | 58 | 0.880540498 | 0.14385955135568035 | 0.0746027543362 | 0.06925679701948034 | 26593.806 | 1841.8018241174384 | 0.14808662065693212 | 0.06124425058076285 | 0.08684237007616927 | 41409.00704 | 3596.0563138543785 | 0.7450801217483132 | 0.471469004 | 0.037000000000000005 | 0.109533254 | 0.0222 | 0.2549198782516868
Auto & Truck | 15 | 0.845010784 | 0.3150742068472758 | 0.0725811136096 | 0.24249309323767576 | 67269.264 | 16312.331907181824 | 0.05867683253294186 | 0.041597753886801626 | 0.017079078646140236 | 284239.4838 | 4854.548498158503 | 0.3993274368347116 | 0.292145212 | 0.035 | 0.081379334 | 0.021 | 0.6006725631652884
Auto Parts | 63 | 1.122629713 | 0.2037508623410726 | 0.0883776306697 | 0.11537323167137259 | 19100.621 | 2203.7003717000844 | 0.2128298032374809 | 0.07114052204990753 | 0.14168928118757337 | 31554.06169 | 4470.872319404447 | 0.7395327024349841 | 0.506406849 | 0.037000000000000005 | 0.103995087 | 0.0222 | 0.26046729756501585
Bank (Money Center) | 10 | 0.860228972 | 0.09460795541000132 | 0.0734470285068 | 0.021160926903201316 | 879336.2 | 18607.569051538812 | -0.00011541442874973467 | 0.039208900241472285 | -0.039324314670222016 | 2505776.12 | -98537.928636008 | 0.3471864995957096 | 0.258527317 | 0.035 | 0.2789912 | 0.021 | 0.6528135004042904
Banks (Regional) | 645 | 0.471938211 | 0.09029958163580151 | 0.051353284205900004 | 0.03894629742990151 | 379681.15 | 14787.17499642705 | -0.000252204024497143 | 0.038892502681323785 | -0.03914470670582093 | 573017.3418 | -22430.595782110147 | 0.623009276568288 | 0.228435165 | 0.0305 | 0.254251232 | 0.0183 | 0.376990723431712
Beverage (Alcoholic) | 25 | 0.792801661 | 0.18565536314418793 | 0.0696104145109 | 0.11604494863328793 | 15710.206 | 1823.090048288372 | 0.17930499166465125 | 0.05894607182229809 | 0.12035891984235315 | 18391.344259999998 | 2213.5623295824616 | 0.7750632893928802 | 0.441795359 | 0.037000000000000005 | 0.108611294 | 0.0222 | 0.2249367106071198
Beverage (Soft) | 36 | 0.911339119 | 0.32479868359108816 | 0.0763551958711 | 0.24844348771998814 | 47621.677 | 11831.295524954743 | 0.2531136284105799 | 0.06569360153339784 | 0.18742002687718204 | 84745.05733 | 15882.920922496933 | 0.8031288749637461 | 0.527987959 | 0.037000000000000005 | 0.058678472 | 0.0222 | 0.19687112503625395
Broadcasting | 30 | 1.220010347 | 0.25845169070963014 | 0.09391858874430001 | 0.16453310196533014 | 13459.378 | 2214.513212863921 | 0.194982571502313 | 0.05880514362414849 | 0.1361774278781645 | 44755.51455 | 6094.690854782767 | 0.5103996643695496 | 0.410107314 | 0.037000000000000005 | 0.18542485 | 0.0222 | 0.48960033563045036
Brokerage & Investment Banking | 45 | 1.076942368 | 0.08482249247612175 | 0.0857780207392 | -0.0009555282630782508 | 183240.937 | -175.09189425644118 | -7.682797689318398e-05 | 0.041337868901724306 | -0.04141469687861749 | 810153.4361 | -33552.25898125191 | 0.3010139145449138 | 0.449611259 | 0.037000000000000005 | 0.135860097 | 0.0222 | 0.6989860854550862
Building Materials | 41 | 1.006784289 | 0.2564993438569419 | 0.08178602604410001 | 0.17471331781284188 | 15534.722 | 2714.1228219201466 | 0.18388681331534731 | 0.06887171551028888 | 0.11501509780505843 | 25657.15468 | 2950.9601549197127 | 0.7875447471357668 | 0.337657801 | 0.035 | 0.233912351 | 0.021 | 0.2124552528642332
Business & Consumer Services | 165 | 1.070528005 | 0.1454234971970367 | 0.08541304348449999 | 0.060010453712536715 | 35735.573 | 2144.5079494074766 | 0.23847665951888933 | 0.068990563302889 | 0.16948609621600033 | 43281.33509 | 7335.584523420692 | 0.7402042477888628 | 0.447149183 | 0.037000000000000005 | 0.12605431 | 0.0222 | 0.25979575221113715
Cable TV | 14 | 1.115739037 | 0.2540791149036785 | 0.0879855512053 | 0.16609356369837852 | 57112.88 | 9486.081772277848 | 0.14663164057339495 | 0.0658856946057451 | 0.08074594596764985 | 129800.9242 | 10480.898412004213 | 0.67008024563652 | 0.307837309 | 0.035 | 0.202843211 | 0.021 | 0.3299197543634799
Chemical (Basic) | 45 | 1.002633463 | 0.08841747929351447 | 0.0815498440447 | 0.006867635248814466 | 10113.498 | 69.4558153536146 | 0.14851762612454023 | 0.05961739303078462 | 0.08890023309375561 | 17796.13076 | 1582.0801727309542 | 0.6304547827051288 | 0.599130897 | 0.037000000000000005 | 0.077064703 | 0.0222 | 0.36954521729487116
Chemical (Diversified) | 8 | 1.518895861 | 0.30244620114398546 | 0.1109251744909 | 0.19152102665308546 | 37076.346 | 7100.899850465018 | 0.15623665937731382 | 0.08766813518559309 | 0.06856852419172073 | 70634.24847 | 4843.286174979208 | 0.7378755303807012 | 0.454849852 | 0.037000000000000005 | 0.065923463 | 0.0222 | 0.26212446961929886
Chemical (Specialty) | 100 | 1.198054185 | 0.1126038727708917 | 0.0926692831265 | 0.01993458964439171 | 65579.867 | 1307.3077375787855 | 0.17148446921635216 | 0.0764163244525601 | 0.09506814476379206 | 104517.72353 | 9936.306070932036 | 0.7693610896429287 | 0.454402004 | 0.037000000000000005 | 0.095849199 | 0.0222 | 0.23063891035707132
Coal & Related Energy | 38 | 1.363240792 | -0.3382495876430499 | 0.1020684010648 | -0.4403179887078499 | 9470.557 | -4170.056610183049 | -0.08034336835900467 | 0.056899809628744094 | -0.13724317798774877 | 31523.82968 | -4326.430567627717 | 0.4191909462248108 | 0.733131462 | 0.0405 | 0.00481985 | 0.0243 | 0.5808090537751892
Computer Services | 117 | 0.985286934 | 0.3069389021338343 | 0.08056282654460001 | 0.22637607558923428 | 54495.422 | 12336.45976993922 | 0.2966005325151362 | 0.06767813992471382 | 0.22892239259042235 | 72754.70946 | 16655.182161804234 | 0.7792312781486019 | 0.455738414 | 0.037000000000000005 | 0.111806872 | 0.0222 | 0.22076872185139812
Computers/Peripherals | 55 | 1.055442804 | 0.24996670363035764 | 0.08455469554759999 | 0.16541200808275763 | 200359.681 | 33141.897173030746 | 0.24354380049187055 | 0.07433662889848557 | 0.169207171593385 | 271275.3935 | 45901.74205701754 | 0.836129956864047 | 0.602897337 | 0.037000000000000005 | 0.056798409 | 0.0222 | 0.16387004313595305
Construction Supplies | 51 | 1.314828594 | 0.10627531135161888 | 0.09931374699859999 | 0.006961564353018895 | 52656.463 | 366.5713557768584 | 0.09447227633018344 | 0.07592867998271766 | 0.018543596347465788 | 109008.28483 | 2021.4056324170983 | 0.7013925662846858 | 0.388696067 | 0.035 | 0.18444153 | 0.021 | 0.29860743371531423
Diversified | 24 | 0.764571368 | 0.10523220519667147 | 0.0680041108392 | 0.03722809435747147 | 415970.88 | 15485.803170600444 | 0.08079295511708652 | 0.05485196278023349 | 0.025940992336853028 | 662961.9068 | 17197.889743924272 | 0.7353911409558134 | 0.232809456 | 0.0305 | 0.115501218 | 0.0183 | 0.2646088590441867
Drugs (Biotechnology) | 426 | 1.402457498 | 0.1678042291288997 | 0.10429983163619999 | 0.0635043974926997 | 116053.261 | 7369.892416868024 | 0.15326661855978022 | 0.0923995519986268 | 0.06086706656115341 | 252884.44040000002 | 15392.334066106834 | 0.8372051019652414 | 0.752300475 | 0.052000000000000005 | 0.014428309 | 0.031200000000000002 | 0.16279489803475855
Drugs (Pharmaceutical) | 164 | 1.015395241 | 0.13909793208843058 | 0.0822759892129 | 0.05682194287553058 | 223948.793 | 12725.205522890023 | 0.16548040433186006 | 0.07489879343591166 | 0.0905816108959484 | 316697.5522 | 28686.974445079708 | 0.8727542923002533 | 0.67611292 | 0.0405 | 0.025448829 | 0.0243 | 0.12724570769974677
Education | 36 | 1.225147196 | 0.031031148438609157 | 0.0942108754524 | -0.06317972701379085 | 10128.726 | -639.9301436774857 | 0.12034002078738253 | 0.0761886224096671 | 0.04415139837771542 | 9470.641576999999 | 418.142069158682 | 0.7497287329238786 | 0.515052101 | 0.037000000000000005 | 0.092901995 | 0.0222 | 0.2502712670761213
Electrical Equipment | 119 | 1.143250093 | 0.14253953158840169 | 0.0895509302917 | 0.05298860129670169 | 26309.34 | 1394.0951276393655 | 0.2163486221419252 | 0.07872529671034133 | 0.1376233254315839 | 29508.10619 | 4061.003701056105 | 0.8392652702127151 | 0.546296312 | 0.037000000000000005 | 0.058680823 | 0.0222 | 0.16073472978728484
Electronics (Consumer & Office) | 24 | 1.083404984 | -0.04355421034645973 | 0.0861457435896 | -0.12969995393605974 | 3769.096 | -488.851577580587 | 0.057885611802422805 | 0.0761025735091849 | -0.01821696170676209 | 5444.6452659999995 | -99.18489431762549 | 0.8376093568045647 | 0.669406497 | 0.0405 | 0.038059152 | 0.0243 | 0.1623906431954353
Electronics (General) | 164 | 0.864158321 | 0.09219197071977792 | 0.0736706084649 | 0.01852136225487791 | 55660.78 | 1030.9134697690633 | 0.10741762258000737 | 0.06586549662822509 | 0.04155212595178227 | 64820.51965 | 2693.430396756778 | 0.8483578867734283 | 0.489119183 | 0.037000000000000005 | 0.088485489 | 0.0222 | 0.15164211322657167
Engineering/Construction | 48 | 1.181064019 | 0.021118377388405954 | 0.09170254268110001 | -0.07058416529269405 | 29040.394 | -2049.7919702609606 | 0.15453774381037966 | 0.07467286637872911 | 0.07986487743165055 | 23455.67 | 1873.2842096272427 | 0.7549776505226791 | 0.442309129 | 0.037000000000000005 | 0.151509873 | 0.0222 | 0.24502234947732096
Entertainment | 79 | 1.202356752 | 0.19562298201123077 | 0.0929140991888 | 0.10270888282243076 | 95095.611 | 9767.163967126458 | 0.3315342294664057 | 0.0762516709142528 | 0.25528255855215287 | 90646.47107 | 23140.463058473306 | 0.764369079636296 | 0.447072212 | 0.037000000000000005 | 0.054961688 | 0.0222 | 0.235630920363704
Environmental & Waste Services | 89 | 0.852223053 | 0.09839409692463597 | 0.07299149171569999 | 0.025402605208935974 | 21877.41 | 555.743209224028 | 0.2047892792615543 | 0.05874485706307244 | 0.14604442219848185 | 25836.21028 | 3773.2344021410768 | 0.7195074574227592 | 0.579383386 | 0.037000000000000005 | 0.050661097 | 0.0222 | 0.28049254257724077
Farming/Agriculture | 37 | 0.919292835 | 0.11572192764163947 | 0.0768077623115 | 0.03891416533013947 | 43071.595 | 1676.0951688628086 | 0.06725721848505169 | 0.05632225083424956 | 0.010934967650802124 | 97157.36278000001 | 1062.4126190365464 | 0.6248608144681963 | 0.411396952 | 0.037000000000000005 | 0.078907754 | 0.0222 | 0.3751391855318037
Financial Svcs. (Non-bank & Insurance) | 258 | 0.654507864 | -0.00102397405 | 0.0617414974616 | -0.0627654715116 | 26313.226 | -1651.5620368812924 | 0.0020823398418606254 | 0.024327449288939304 | -0.02224510944707868 | 5809607.804599999 | -129235.36145792947 | 0.08167223828911829 | 0.291975723 | 0.035 | 0.208048097 | 0.021 | 0.9183277617108817
Food Processing | 87 | 0.753736473 | 0.10912006300270595 | 0.0673876053137 | 0.04173245768900595 | 147442.556 | 6153.140229828891 | 0.19449061539379678 | 0.05757050263482886 | 0.13692011275896793 | 143443.7286 | 19640.331494478793 | 0.7883679786339006 | 0.309800861 | 0.035 | 0.146645236 | 0.021 | 0.21163202136609932
Food Wholesalers | 16 | 1.203724659 | 0.12371291553890185 | 0.0929919330971 | 0.030720982441801853 | 10889.534 | 334.5371828134043 | 0.2008991239010139 | 0.07412449228716003 | 0.12677463161385386 | 14836.62195 | 1880.9072821052682 | 0.7334803559600371 | 0.526582768 | 0.037000000000000005 | 0.117699908 | 0.0222 | 0.26651964403996287
Furn/Home Furnishings | 30 | 0.83564219 | 0.18611241385647467 | 0.072048040611 | 0.11406437324547468 | 14245.557 | 1624.9105307376847 | 0.18136167681073553 | 0.06083934091105787 | 0.12052233589967767 | 20795.697839999997 | 2506.346080340681 | 0.7751426222063241 | 0.429435947 | 0.037000000000000005 | 0.145757495 | 0.0222 | 0.2248573777936759
Green & Renewable Energy | 25 | 1.140302509 | -0.059855042508726315 | 0.08938321276210001 | -0.14923825527082632 | 4223.721 | -630.3407527907498 | 0.03781567200298601 | 0.046685243271510544 | -0.008869571268524536 | 11200.676950000001 | -99.34520246374504 | 0.3644547836408826 | 0.475992119 | 0.037000000000000005 | 0.042455057 | 0.0222 | 0.6355452163591174
Healthcare Products | 254 | 1.036305175 | 0.11903014300551568 | 0.08346576445750001 | 0.03556437854801567 | 128620.983 | 4574.325328629888 | 0.1649638625692516 | 0.07413879889578023 | 0.09082506367347137 | 144693.9913 | 13141.840972991213 | 0.847762194035955 | 0.565929946 | 0.037000000000000005 | 0.061189371 | 0.0222 | 0.152237805964045
Healthcare Support Services | 121 | 0.938830232 | 0.16459364853920283 | 0.0779194402008 | 0.08667420833840284 | 161547.309 | 14001.98511677434 | 0.4183811955880474 | 0.06435473150294782 | 0.35402646408509963 | 109385.7361 | 38725.445372828835 | 0.7565533923354559 | 0.50058688 | 0.037000000000000005 | 0.143061928 | 0.0222 | 0.24344660766454407
Heathcare Information and Technology | 125 | 0.950516269 | 0.10828343316350124 | 0.0785843757061 | 0.029699057457401243 | 50287.905 | 1493.5033800073352 | 0.1581026916308076 | 0.0689150809334107 | 0.08918761069739689 | 55447.70031 | 4945.247909314213 | 0.8285110963524738 | 0.524647648 | 0.037000000000000005 | 0.063230075 | 0.0222 | 0.1714889036475262
Homebuilding | 33 | 1.077566589 | 0.13122333567164662 | 0.08581353891409998 | 0.04540979675754664 | 38375.24 | 1742.611848922074 | 0.08705903423990194 | 0.05997566029667044 | 0.0270833739432315 | 68346.73241 | 1851.0601116580099 | 0.6013505966450384 | 0.337606557 | 0.035 | 0.272807214 | 0.021 | 0.3986494033549616
Hospitals/Healthcare Facilities | 38 | 1.097826003 | 0.04968670483438095 | 0.0869662995707 | -0.03727959473631905 | 14158.214 | -527.8124801100786 | 0.13441586835061706 | 0.046119706681768145 | 0.0882961616688489 | 86016.91048 | 7594.963033996984 | 0.3693233493393734 | 0.446744597 | 0.037000000000000005 | 0.120551503 | 0.0222 | 0.6306766506606266
Hotel/Gaming | 69 | 0.960901266 | 0.12734823696313755 | 0.0791752820354 | 0.048172954927737544 | 63718.974 | 3069.5312625436804 | 0.10714257778945316 | 0.058465719945591674 | 0.048676857843861485 | 150948.7946 | 7347.713016446446 | 0.6440144101543601 | 0.393155543 | 0.035 | 0.11230077 | 0.021 | 0.3559855898456398
Household Products | 129 | 0.796524584 | 0.22770496952371413 | 0.0698222488296 | 0.15788272069411413 | 76228.613 | 12035.180815178717 | 0.3103901053154139 | 0.06149135008993311 | 0.24889875522548077 | 91278.6317 | 22719.13780881511 | 0.8250628866881912 | 0.509059938 | 0.037000000000000005 | 0.090529543 | 0.0222 | 0.17493711331180883
Information Services | 64 | 0.981280223 | 0.2036080132855391 | 0.0803348446887 | 0.1232731685968391 | 97297.369 | 11994.154972765866 | 0.3640517696013522 | 0.07025788474698566 | 0.2937938848543665 | 82422.4048 | 24215.198505231187 | 0.8301679224984395 | 0.366468042 | 0.035 | 0.163691491 | 0.021 | 0.16983207750156046
Insurance (General) | 19 | 0.904797344 | 0.03390436138656833 | 0.07598296887360001 | -0.04207860748703168 | 167045.5 | -7029.042026974951 | 0.04371151074201026 | 0.06056994337295523 | -0.01685843263094497 | 206920.28149999998 | -3488.3516256439184 | 0.7196763685846488 | 0.303764905 | 0.035 | 0.183317855 | 0.021 | 0.2803236314153512
Insurance (Life) | 22 | 1.034403993 | 0.08056456136284622 | 0.0833575872017 | -0.0027930258388537826 | 194152.5 | -542.272949178059 | 0.0726826779812023 | 0.05737948218362017 | 0.015303195797582131 | 281912.4507 | 4314.16143083832 | 0.5834010553671389 | 0.278048566 | 0.035 | 0.229050458 | 0.021 | 0.416598944632861
Insurance (Prop/Cas.) | 50 | 0.8301207 | 0.0993899059434862 | 0.07173386783 | 0.0276560381134862 | 120161.8 | 3323.1993205851063 | 0.09364038740541203 | 0.059696789570739865 | 0.033943597834672164 | 157406.7517 | 5342.951476166899 | 0.7627407730947262 | 0.254108207 | 0.035 | 0.222733946 | 0.021 | 0.23725922690527376
Investments & Asset Management | 156 | 0.895979616 | 0.10847396534425466 | 0.0754812401504 | 0.032992725193854655 | 171448.282 | 5656.546052984498 | 0.05850746147089715 | 0.05471596622636701 | 0.003791495244530138 | 286589.69060000003 | 1086.6034490412637 | 0.6188546026722461 | 0.343028075 | 0.035 | 0.077059916 | 0.021 | 0.38114539732775393
Machinery | 127 | 1.062374576 | 0.1318046576404044 | 0.0849491133744 | 0.046855544266004384 | 65387.272 | 3063.756217629269 | 0.23847958706126327 | 0.07354850501197342 | 0.16493108204928986 | 64204.93077 | 10589.388704795845 | 0.8217237462593118 | 0.385939542 | 0.035 | 0.117293029 | 0.021 | 0.1782762537406882
Metals & Mining | 97 | 1.303872193 | -0.43327467027494554 | 0.0986903277817 | -0.5319649980566455 | 21500.186 | -11437.34640370752 | 0.037265263630283305 | 0.07560741455466438 | -0.03834215092438108 | 49984.48877 | -1916.5128122973713 | 0.6579819066563408 | 0.773569735 | 0.052000000000000005 | 0.011602166 | 0.031200000000000002 | 0.34201809334365924
Office Equipment & Services | 24 | 1.490142311 | 0.25152179799620905 | 0.10928909749589999 | 0.14223270050030906 | 4800.9 | 682.8449718319338 | 0.22716180700529015 | 0.07821176324476574 | 0.1489500437605244 | 9405.252604 | 1400.9127869445858 | 0.6480048484743268 | 0.338495552 | 0.035 | 0.16684141 | 0.021 | 0.35199515152567323
Oil/Gas (Integrated) | 7 | 1.080586115 | 0.00489490869634419 | 0.0859853499435 | -0.08109044124715581 | 357493.9 | -28989.338094166596 | -0.021909260396259844 | 0.07676106947425673 | -0.09867032987051658 | 426411.8798 | -42074.20084057307 | 0.8553855943815628 | 0.462978422 | 0.037000000000000005 | 0.01143716 | 0.0222 | 0.14461440561843722
Oil/Gas (Production and Exploration) | 330 | 1.377352122 | -0.3904578151975979 | 0.10287133574179999 | -0.4933291509393979 | 283687.568 | -139951.34705350272 | -0.07173260848420597 | 0.07996128956778731 | -0.1516938980519933 | 518952.52609999996 | -78721.93158803778 | 0.6803457625437956 | 0.750773728 | 0.052000000000000005 | 0.003206622 | 0.031200000000000002 | 0.31965423745620436
Oil/Gas Distribution | 78 | 1.195250343 | 0.019225320492041426 | 0.0925097445167 | -0.07328442402465857 | 216563.88 | -15870.759210345275 | 0.07372943082870012 | 0.061912281247316694 | 0.011817149581383427 | 484178.4065 | 5721.6086536863695 | 0.5648190235975644 | 0.45132626 | 0.037000000000000005 | 0.029253812 | 0.0222 | 0.4351809764024356
Oilfield Svcs/Equip. | 148 | 1.365760604 | -0.0840404964497909 | 0.10221177836760001 | -0.18625227481739093 | 212069.059 | -39498.34465713349 | 0.04381599319489227 | 0.08251319750557831 | -0.03869720431068604 | 250566.13580000002 | -9696.208950391703 | 0.7538039865640777 | 0.604987626 | 0.037000000000000005 | 0.041130841 | 0.0222 | 0.24619601343592235
Packaging & Container | 26 | 0.838636636 | 0.14707245140338893 | 0.0722184245884 | 0.07485402681498893 | 28233.656 | 2113.402843309173 | 0.14739235492347705 | 0.05382541322393867 | 0.09356694169953839 | 56921.09929 | 5325.933178741066 | 0.6408907241432998 | 0.295798439 | 0.035 | 0.24469677 | 0.021 | 0.35910927585670016
Paper/Forest Products | 23 | 1.118469839 | 0.2990290998581299 | 0.08814093383910002 | 0.2108881660190299 | 6336.079 | 1336.204080061689 | 0.07371792916538757 | 0.06595863326059175 | 0.007759295904795821 | 13022.3207 | 101.04403967844785 | 0.669615846695444 | 0.386747016 | 0.035 | 0.144583624 | 0.021 | 0.3303841533045559
Power | 68 | 0.544082068 | 0.04366801947520441 | 0.055458269669200005 | -0.011790250193995593 | 283132.946 | -3338.2082715030438 | 0.07316796469289187 | 0.0381384866693511 | 0.03502947802354077 | 626781.8877000001 | 21955.842360740553 | 0.5338915629269723 | 0.241059046 | 0.0305 | 0.19268079 | 0.0183 | 0.4661084370730277
Precious Metals | 109 | 1.251165831 | -0.09473369648418599 | 0.09569133578389999 | -0.190425032268086 | 21098.67 | -4017.7149155636976 | 0.06425574846252637 | 0.0831648116858494 | -0.01890906322332303 | 26434.30121 | -499.84787284425454 | 0.8057642325780794 | 0.783112468 | 0.052000000000000005 | 0.018393818 | 0.031200000000000002 | 0.19423576742192067
Publishing & Newspapers | 37 | 1.32027717 | 0.037369589504132904 | 0.09962377097299999 | -0.06225418146886708 | 22272.843 | -1386.577609949586 | 0.13418844094743176 | 0.07153152347476027 | 0.06265691747267149 | 23279.0148 | 1458.5913091686982 | 0.6371625000281074 | 0.480822181 | 0.037000000000000005 | 0.143162892 | 0.0222 | 0.3628374999718926
R.E.I.T. | 238 | 0.724807336 | 0.0855759518619984 | 0.0657415374184 | 0.019834414443598403 | 416128.284 | 8253.660846559418 | 0.030109105140737825 | 0.04473618025798981 | -0.014627075117251986 | 1191529.913 | -17428.597541903724 | 0.5572370057243687 | 0.246728323 | 0.0305 | 0.017204393 | 0.0183 | 0.4427629942756313
Real Estate (Development) | 18 | 0.684268152 | 0.09174317830327566 | 0.0634348578488 | 0.028308320454475663 | 4195.767 | 118.77511678831398 | 0.01575812955504497 | 0.047438171779364054 | -0.03168004222431908 | 7199.167212 | -228.0699212560935 | 0.6230295827445946 | 0.394546045 | 0.035 | 0.019684427 | 0.021 | 0.3769704172554053
Real Estate (General/Diversified) | 11 | 1.270788445 | 0.018527385406536895 | 0.0968078625205 | -0.0782804771139631 | 2426.84 | -189.97419307925023 | 0.051324132380901374 | 0.08144455944568937 | -0.030120427064788 | 3451.89152 | -103.97244676372019 | 0.8043087331437797 | 0.249892323 | 0.0305 | 0.153217991 | 0.0183 | 0.19569126685622024
Real Estate (Operations & Services) | 54 | 0.991680789 | 0.11245832001028142 | 0.0809266368941 | 0.031531683116181417 | 10060.883 | 317.23657462497664 | 0.11216263155259285 | 0.05544125634630431 | 0.05672137520628853 | 18419.03124 | 1044.75278190039 | 0.5660337132236481 | 0.501542171 | 0.037000000000000005 | 0.087764248 | 0.0222 | 0.4339662867763518
Recreation | 66 | 0.920928349 | 0.18302753601178934 | 0.0769008230581 | 0.10612671295368933 | 14137.523 | 1500.3688452971808 | 0.16443147647683393 | 0.06391894951435045 | 0.10051252696248347 | 24933.35158 | 2506.11417294983 | 0.7626749869931396 | 0.460117306 | 0.037000000000000005 | 0.132108366 | 0.0222 | 0.23732501300686037
Reinsurance | 3 | 0.747361371 | 0.09412776495290326 | 0.0670248620099 | 0.027102902943003257 | 13697.34 | 371.23767659731624 | 0.09150114255880364 | 0.05510820248871168 | 0.03639294007009196 | 17270.41679 | 628.5212432239799 | 0.7554295891332217 | 0.212270175 | 0.0305 | 0.193321427 | 0.0183 | 0.24457041086677836
Restaurant/Dining | 86 | 0.768290304 | 0.39799782605743517 | 0.06821571829760001 | 0.3297821077598352 | 30780.942 | 10151.003931593237 | 0.15882309393045188 | 0.05597326494661273 | 0.10284982898383915 | 95575.21023 | 9829.894027249975 | 0.7407123349511857 | 0.390963156 | 0.035 | 0.16474325 | 0.021 | 0.25928766504881434
Retail (Automotive) | 25 | 0.913034834 | 0.35642774139228117 | 0.0764516820546 | 0.27997605933768116 | 15258.369 | 4271.978024540235 | 0.10971991885010507 | 0.055681112708086566 | 0.0540388061420185 | 59576.84986 | 3219.4618401366824 | 0.6254294085062762 | 0.283012957 | 0.035 | 0.225780008 | 0.021 | 0.3745705914937239
Retail (Building Supply) | 6 | 1.298194393 | 0.5916132885626839 | 0.09836726096170001 | 0.4932460276009839 | 16826.5 | 8299.604283427956 | 0.25605446234867496 | 0.08448682915406444 | 0.17156763319461052 | 55307.31091 | 9488.944431187161 | 0.8205903681337904 | 0.396213283 | 0.035 | 0.201050762 | 0.021 | 0.17940963186620962
Retail (Distributors) | 88 | 1.104604532 | 0.13954694662659795 | 0.0873519978708 | 0.05219494875579794 | 34863.751 | 1819.7116968798991 | 0.12843744386592937 | 0.06371015659553945 | 0.06472728727038991 | 75258.29688000001 | 4871.265401632049 | 0.637127915522351 | 0.404782612 | 0.037000000000000005 | 0.169545711 | 0.0222 | 0.36287208447764896
Retail (General) | 19 | 1.048330546 | 0.16905612808164883 | 0.0841500080674 | 0.08490612001424883 | 128464.305 | 10907.405697877064 | 0.11574880353273297 | 0.06658538028044081 | 0.04916342325229216 | 242587.1234 | 11926.413423270227 | 0.7164709362450875 | 0.40003422 | 0.037000000000000005 | 0.222238312 | 0.0222 | 0.2835290637549125
Retail (Grocery and Food) | 14 | 0.690068758 | 0.237382742116702 | 0.0637649123302 | 0.17361782978650198 | 13564.12 | 2354.9730773636875 | 0.08097903058517351 | 0.046630180701669015 | 0.03434884
