Source: http://www.stern.nyu.edu/~adamodar/pc/blog/CountryBuybacks2018.xlsx

Sheet: Pivot 1
Country | Dividends | Buybacks | Buybacks as % of Cash Return | Buybacks as % of Mkt Cap | Buybacks as % of Net Income | sum(Total Debt) | sum(Total Debt incl leases (in US $)) | sum(Market Cap (in US $)) | sum(Net Income) | sum(Net Cap Ex) | sum(Dividends + Buybacks) | sum(Dividends) | sum(Invested Capital - 4 qtre ago) | sum(Trailing Operating Income (adj for leases)) | count
Antigua & Barbuda | 0 | 0 | NA | 0 | 0 | 0.052 | 0.2355177799769242 | 64.3 | -2.03 | -0.043 | 0 | 0 | 0.4155177799769244 | -2.266703555995385 | 1
Argentina | 1307.6029 | 388.712 | 0.22915084929101312 | 0.006511447615789882 | 0.06444951911398986 | 43528.561 | 44541.83789317076 | 59696.71 | 6031.263000000004 | 4114.195999999999 | -1696.3149 | -1307.6029 | 63701.05889317072 | 5408.116621365851 | 71
Australia | 51636.91100000002 | 9105.869999999995 | 0.1499086780369834 | 0.007444944134200854 | 0.13284266529665278 | 1047862.892 | 1125817.796235999 | 1223094.469999999 | 68546.27600000009 | 36963.76399999972 | -60742.78100000002 | -51636.91100000002 | 1522593.003235991 | 83201.58315280042 | 1558
Austria | 4270.025429999999 | 1648.264000000001 | 0.2785034458850386 | 0.013262347154406856 | 0.1755234483811035 | 120178.732 | 124795.2709617712 | 124281.47 | 9390.563000000004 | 9583.329999999998 | -5918.28943 | -4270.025429999999 | 195944.8469617713 | 12744.92120764576 | 60
Azerbaijan | 3.432 | 0 | 0 | 0 | 0 | 15.4 | 15.4 | 127.7 | 2.52 | 14.2 | -3.432 | -3.432 | 108.87 | 17 | 1
Bahamas | 18.535 | 13.015999999999998 | 0.412538429843745 | 0.01648678055583351 | 0.2508576494622827 | 0.2 | 0.5560839437395899 | 789.4810000000001 | 51.886 | 6.609999999999999 | -31.551 | -18.535 | 338.7900839437396 | 101.3087832112521 | 6
Bahrain | 1190.405 | 68.52500000000009 | 0.05443114390792188 | 0.0033481870196371624 | 0.03683644671415137 | 18259.5 | 18432.25133382022 | 20466.30000000001 | 1860.25 | 2020.56 | -1258.93 | -1190.405 | 27081.39233382023 | 772.2787332359554 | 24
Bangladesh | 1120.509490000001 | 0 | 0 | 0 | 0 | 18806.71799999999 | 18978.78519493439 | 39268.34000000001 | 2718.857000000001 | 2312.878000000002 | -1120.509490000001 | -1120.509490000001 | 22784.77819493438 | 2843.984561013121 | 310
Barbados | 116.1 | 3.0800000000000125 | 0.025843262292331033 | 0.001275851527335124 | 0.017781883263091117 | 655.4 | 696.4256231650795 | 2414.074 | 173.21 | 49.22 | -119.18 | -116.1 | -181.6243768349203 | 238.7248753669841 | 4
Belgium | 13158.4318 | 1062.8979999999992 | 0.07473970542473456 | 0.0031826047986213118 | 0.04678913419469399 | 416011.4759999999 | 424757.9585092523 | 333971.0919999999 | 22716.77000000001 | 5588.524000000001 | -14221.3298 | -13158.4318 | 552358.4895092526 | 32923.65449814947 | 134
Belize | 0.1 | 0.1 | 0.5 | 0.004629629629629629 | 0.0048543689320388345 | 0 | 0 | 21.6 | 20.6 | 1.3 | -0.2 | -0.1 | 29.09999999999999 | 0 | 1
Benin | 0 | 0 | NA | 0 | 0 | 0 | 0 | 147.6 | 26.7 | 0 | 0 | 0 | 0 | 0 | 1
Bermuda | 3434.577500000001 | 3047.096000000002 | 0.47010945552873046 | 0.016076088202659756 | 0.1867711129908184 | 105427.179 | 116368.1443496393 | 189542.13 | 16314.59999999998 | 11946.881 | -6481.673500000003 | -3434.577500000001 | 262177.8583496393 | 17075.04793007213 | 75
Botswana | 123.68 | 0 | 0 | 0 | 0 | 300.69 | 363.1312321253399 | 2334.7 | 189.87 | 72.011 | -123.68 | -123.68 | 357.4932321253399 | 101.717753574932 | 10
Brazil | 14641.17009999999 | 1658.9809999999998 | 0.10177703199328016 | 0.0032918950957652343 | 0.06632654897054352 | 371357.366 | 382248.533400008 | 503959.2549999996 | 25012.32199999995 | 18782.931 | -16300.15109999999 | -14641.17009999999 | 600890.1584000081 | 45298.54251999847 | 196
British Virgin Islands | 135.7 | 25.916000000000025 | 0.1603554103554105 | 0.009376995678028506 | -0.40749068381578357 | 746.2839999999999 | 755.1424332876874 | 2763.785000000001 | -63.59900000000001 | 69.21 | -161.616 | -135.7 | 1978.525433287687 | 75.61431334246252 | 24
Bulgaria | 96.36579999999998 | 13.191000000000017 | 0.12040329765016884 | 0.002564517314331554 | 0.037684049342650364 | 2058.136 | 2061.358498140111 | 5143.658000000002 | 350.042 | 148.8150000000001 | -109.5568 | -96.36579999999998 | 3457.58549814011 | 155.2645003719776 | 93
Burkina Faso | 0 | 0 | NA | 0 | 0 | 416.3 | 416.3 | 1189.2 | 113.6 | -56.1 | 0 | 0 | 1356.6 | 87.2 | 3
Cambodia | 129.6 | 0 | 0 | 0 | 0 | 290.6 | 314.1730473211541 | 4667.3 | 255.2 | 350.5 | -129.6 | -129.6 | 1223.973047321154 | 288.5153905357691 | 1
Cameroon | 23.4766 | 0 | 0 | 0 | 0 | 29.3 | 29.3 | 572.75 | 42.48 | -61 | -23.4766 | -23.4766 | 0 | 79.1 | 2
Canada | 54622.2620000001 | 38118.06499999988 | 0.4110193077063432 | 0.020783593031513184 | 0.31285661113570995 | 1678344.462000001 | 1772566.820403413 | 1834045.968000011 | 121838.7710000002 | 100056.7559999999 | -92740.32699999998 | -54622.2620000001 | 2376562.7694034 | 138529.2813193162 | 2745
Cayman Islands | 176.695 | 168.5959999999999 | 0.48827221097566964 | 0.013175546043999233 | -0.1264883933267162 | 4832.602999999999 | 10787.63128994686 | 12796.13 | -1332.896999999999 | 337.197 | -345.2909999999999 | -176.695 | 16184.00028994686 | 951.4213420106277 | 39
Channel Islands | 25 | 0 | 0 | 0 | 0 | 145.2 | 145.2 | 979.6 | 60.02 | 0 | -25 | -25 | 545.8599999999999 | 31.42 | 2
Chile | 8621.764200000007 | 176.73399999999856 | 0.02008683709226632 | 0.0007779841379522431 | 0.013177771594040958 | 220742.1029999999 | 232006.8029258374 | 227169.1559999999 | 13411.524 | 15298.45799999999 | -8798.498200000005 | -8621.764200000007 | 311362.3139258373 | 20199.68001483254 | 131
China | 302755.343099997 | 24047.333999999857 | 0.0735836505789753 | 0.0028989484262901296 | 0.03890765355353868 | 8013862.432000012 | 8238742.658070153 | 8295192.071000015 | 618061.7899999969 | 483584.2989999995 | -326802.6770999968 | -302755.343099997 | 10190953.5680702 | 595658.54278597 | 4384
Colombia | 4193.639999999999 | 0 | 0 | 0 | 0 | 89366.3 | 91839.49803342289 | 93404.14800000002 | 7737.097999999998 | 5840.490999999998 | -4193.639999999999 | -4193.639999999999 | 135954.5920334229 | 13041.89039331542 | 31
Costa Rica | 0 | 0 | NA | 0 | 0 | 21.8 | 24.69764729321894 | 552 | -34.9 | 0.772 | 0 | 0 | 2.897647293218938 | -19.64152945864379 | 1
Croatia | 382.8423999999999 | 33.1810000000001 | 0.07975753286954555 | 0.0016868469606684236 | 0.042953529254899245 | 5475.870000000002 | 5639.268766666899 | 19670.427 | 772.486 | 641.9529999999997 | -416.0234 | -382.8423999999999 | 19608.2037666669 | 895.4132466666202 | 65
Curaçao | 322.1 | 0 | 0 | 0 | 0 | 4421.1 | 6919.098007721106 | 12508.51 | 495.82 | 343.664 | -322.1 | -322.1 | 12766.90800772111 | 1021.100398455779 | 3
Cyprus | 366.216 | 0 | 0 | 0 | 0 | 14224.322 | 14306.05403187442 | 8976.167000000005 | 253.8619999999998 | 940.9609999999999 | -366.216 | -366.216 | 19024.65103187442 | 2347.358593625116 | 52
Czech Republic | 1372.4515 | 286.9000000000001 | 0.17289887043221408 | 0.009376460476045744 | 0.13113390375895864 | 19614.21 | 19807.05192173092 | 30597.9 | 2187.84 | 45.37500000000009 | -1659.3515 | -1372.4515 | 27291.01892173092 | 1936.321615653818 | 11
Denmark | 9772.047470000007 | 7644.833000000004 | 0.43893239166267295 | 0.020180092718002952 | 0.344418505242394 | 371547.3430000002 | 389420.3036090902 | 378830.4200000002 | 22196.34800000001 | 12062.309 | -17416.88047000001 | -9772.047470000007 | 439950.2336090901 | 21491.46687818197 | 161
Dominican Republic | 0 | 0 | NA | 0 | 0 | 0.161 | 0.161 | 1.828 | -0.053 | 0 | 0 | 0 | -0.004000000000000007 | -0.041 | 3
Ecuador | 0 | 0 | NA | 0 | 0 | 21.7 | 21.7 | 1874.4 | 43.2 | 0 | 0 | 0 | 448.8 | 0 | 2
Egypt | 1838.9195 | 9.745999999998958 | 0.005271911008237544 | 0.00025411746030741766 | 0.0028187874817604446 | 16833.61000000001 | 16859.46206028612 | 38352.34299999996 | 3457.514999999998 | -47752.54599999995 | -1848.665499999999 | -1838.9195 | 20412.42206028611 | 3517.212587942774 | 192
Estonia | 272.2866 | 3.231999999999857 | 0.011730605483622009 | 0.0010811931930324115 | 0.013779225430173847 | 1478.08 | 1707.874280557175 | 2989.29 | 234.556 | 71.558 | -275.5185999999999 | -272.2866 | 3058.965280557174 | 287.3241438885651 | 17
Falkland Islands | 0 | 0 | NA | 0 | 0 | 0 | 0 | 7.88 | 0.118 | 0 | 0 | 0 | 28.722 | -0.342 | 1
Finland | 13237.8449 | 309.41100000000006 | 0.022839385502417507 | 0.0011462033364296512 | 0.020559169598547648 | 333580.3130000003 | 346429.0897692581 | 269944.2500000002 | 15049.781 | 3712.016999999998 | -13547.2559 | -13237.8449 | 418208.8267692582 | 17162.80464614838 | 158
France | 66522.64284200002 | 12545.661999999851 | 0.15866866028137977 | 0.005815176162105379 | 0.084604905957015 | 2412382.207000001 | 2542021.040364387 | 2157400.162999999 | 148285.2780000003 | 112534.1089999999 | -79068.30484199987 | -66522.64284200002 | 2771803.477364383 | 211954.4603271222 | 665
Gabon | 24.8 | 0 | 0 | 0 | 0 | 2.16 | 2.16 | 644 | 108 | -142.5 | -24.8 | -24.8 | 1836.2 | 157.4 | 1
Gambia | 0 | 0 | NA | 0 | #DIV/0! | 0 | 0 | 9.39 | 0 | 0 | 0 | 0 | 0 | 0 | 1
Germany | 55600.75670099997 | 10026.834999999985 | 0.15278383283790692 | 0.005770510672878986 | 0.07325604492499597 | 1706045.372 | 1816110.372242381 | 1737599.246999999 | 136873.8239999999 | 143953.2049999998 | -65627.59170099995 | -55600.75670099997 | 2257805.878242379 | 179611.424951524 | 625
Ghana | 57.4122 | 0 | 0 | 0 | 0 | 836.35 | 1208.079267286427 | 4649.72 | 432.2950000000001 | 162.471 | -57.4122 | -57.4122 | 470.5332672864271 | 292.8511465427146 | 18
Gibraltar | 35.6 | 1.5 | 0.04043126684636118 | 0.0017677630726079217 | -0.7575757575757571 | 13.6 | 41.52975196079262 | 848.5300000000001 | -1.980000000000001 | 5.639 | -37.1 | -35.6 | -29.85624803920738 | 74.38004960784149 | 5
Greece | 1386.84184 | 370.44000000000005 | 0.21080283854751497 | 0.009408627241816124 | 0.1895085791460759 | 79275.695 | 82010.9149331384 | 39372.37499999999 | 1954.739999999998 | 1229.167999999999 | -1757.28184 | -1386.84184 | 157798.1629331385 | 5896.130013372317 | 163
Greenland | 8.406 | 0 | 0 | 0 | 0 | 4.05 | 4.05 | 150.7 | 14.6 | 0 | -8.406 | -8.406 | 124.06 | 0 | 1
Guernsey | 1102.5903 | 193.59299999999985 | 0.14935619059433944 | 0.014138705865795886 | 0.1583492151778629 | 5952.880999999999 | 6202.841963577942 | 13692.413 | 1222.57 | 912.9910000000001 | -1296.1833 | -1102.5903 | 12720.11796357794 | 1021.606807284412 | 37
Hong Kong | 54317.02710000001 | 3206.8119999999763 | 0.05574753093974177 | 0.0017210344271882721 | 0.01901518525380614 | 1092033.300000001 | 1179357.886242728 | 1863304.969 | 168644.7940000001 | 37000.01699999986 | -57523.83909999998 | -54317.02710000001 | 2304664.311242733 | 195351.3727514545 | 1493
Hungary | 737.235 | 87.48099999999988 | 0.10607409095979693 | 0.0033037137956118162 | 0.03213117066238741 | 8877.928000000004 | 9127.850847188214 | 26479.594 | 2722.621 | 961.5159999999998 | -824.7159999999999 | -737.235 | 21686.66084718822 | 2122.220430562357 | 35
Iceland | 283.78 | 330.28999999999996 | 0.5378702753757715 | 0.0332977125401994 | 0.44722624673337563 | 9055.800000000003 | 9543.182947909445 | 9919.300000000001 | 738.5300000000001 | 564.887 | -614.0699999999999 | -283.78 | 11361.90294790945 | 633.7114104181109 | 21
India | 20002.95470999997 | 6958.132000000001 | 0.2580805467837171 | 0.0033564877827829153 | 0.11866155241326161 | 601343.9620000018 | 651141.5997116773 | 2073039.572999997 | 58638.47099999984 | 2733.119999999983 | -26961.08670999997 | -20002.95470999997 | 926586.150711675 | 125698.1744576648 | 3570
Indonesia | 9309.862 | 529.1760000000031 | 0.05378330686394371 | 0.0011764673502008972 | 0.0241008741107619 | 119977.828 | 129386.0976248066 | 449800.8380000001 | 21956.71399999999 | 13101.58700000001 | -9839.038000000002 | -9309.862 | 237713.3056248064 | 27168.65707503869 | 562
Ireland | 12444.9745 | 13099.836999999989 | 0.5128179160766168 | 0.021598508701694004 | 0.5449348239441346 | 206064.2179999999 | 221288.0353540866 | 606515.81 | 24039.273 | 16947.015 | -25544.81149999999 | -12444.9745 | 334465.4333540868 | 44666.78352918263 | 85
Isle of Man | 379.77 | 274.4150000000001 | 0.41947614206990386 | 0.03488910220142779 | -0.7721799666269907 | 4124.553000000001 | 4198.649565538667 | 7865.35 | -355.377 | 1419.912 | -654.1850000000001 | -379.77 | 6367.286565538666 | 621.1386868922667 | 19
Israel | 4433.489040000001 | 1488.2979999999998 | 0.2513258227536665 | 0.008344140840764779 | 0.11053855812606922 | 181567.0410000001 | 187930.1239240053 | 178364.4390000002 | 13464.062 | 8620.567 | -5921.787040000001 | -4433.489040000001 | 192947.4309240053 | 16874.73841519894 | 481
Italy | 24675.08459999999 | 1309.7790000000095 | 0.050405459892427895 | 0.0023275569621434506 | 0.028871098156650902 | 1064152.835999998 | 1082571.5093109 | 562726.9370000003 | 45366.44199999998 | 8229.640000000007 | -25984.8636 | -24675.08459999999 | 1355981.161310901 | 66402.71033781982 | 337
Ivory Coast | 19.68325 | 0 | 0 | 0 | 0 | 307.6 | 307.6 | 3390.369999999999 | 374.74 | -187.079 | -19.68325 | -19.68325 | 374.353 | 313.8500000000001 | 31
Jamaica | 231.0872999999999 | 10.626999999999981 | 0.04396512742522882 | 0.0009491062218391763 | 0.016014551285142467 | 4883.871999999998 | 4986.7481024101 | 11196.85 | 663.5840000000002 | 260.5559999999999 | -241.7142999999999 | -231.0872999999999 | 6407.147102410105 | 527.1057795179796 | 54
Japan | 117489.7760120001 | 41031.337999999785 | 0.25883831473007285 | 0.007782292325120831 | 0.09324488685565509 | 6025851.69199999 | 6197789.585575562 | 5272397.423000005 | 440038.477 | 353376.5659999998 | -158521.1140119999 | -117489.7760120001 | 5946607.803575545 | 516831.368284886 | 3801
Jersey | 940.1831999999999 | 50.767000000000166 | 0.05123062692756928 | 0.0019141224244304024 | 0.036589936416093434 | 5077.193 | 5437.208976841926 | 26522.337 | 1387.458 | 1262.341 | -990.9502000000001 | -940.1831999999999 | 17734.29497684192 | 2382.524804631615 | 38
Jordan | 1069.71 | 10.332999999999856 | 0.009567211675831293 | 0.0004774459575348883 | 0.007378996033780598 | 6469.784 | 7016.560555979861 | 21642.23999999999 | 1400.326000000001 | 579.0769999999993 | -1080.043 | -1069.71 | 11519.97555597986 | 726.2066888040272 | 155
Kazakhstan | 266.29 | 34.39999999999998 | 0.11440353852805207 | 0.007847311394775191 | 0.06752008918932707 | 2126.602 | 2136.750574074312 | 4383.667 | 509.478 | 403.54 | -300.69 | -266.29 | 4850.501574074313 | 461.7512851851375 | 14
Kenya | 987.4095000000001 | 0.09199999999987085 | 9.316441544632677e-05 | 4.548153101307535e-06 | 5.832681911513832e-05 | 5894.100000000002 | 6761.985086537203 | 20227.99099999999 | 1577.319 | 608.8980000000001 | -987.5015 | -987.4095000000001 | 15515.35908653721 | 1547.852982692559 | 53
Kuwait | 3230.704999999999 | 155.33299999999917 | 0.045874558997861 | 0.0018261485597770141 | 0.02943015394782346 | 88952.14999999995 | 89799.64409901224 | 85060.44000000003 | 5278.022000000004 | 1566.463 | -3386.037999999998 | -3230.704999999999 | 122428.9070990123 | 3127.474180197545 | 146
Kyrgyzstan | 0 | 0 | NA | 0 | 0 | 21.5 | 21.64519437911495 | 137 | -18.1 | 13.7 | 0 | 0 | 36.94519437911495 | -7.472038875822991 | 1
Latvia | 71.622 | 0 | 0 | 0 | 0 | 167.328 | 177.5269924980303 | 773.3879999999999 | 69.87399999999997 | 16.074 | -71.622 | -71.622 | 920.7019924980302 | 69.87120150039394 | 13
Lebanon | 133.608 | 0 | 0 | 0 | 0 | 14137.8 | 14171.55918380572 | 4149 | 631.0000000000001 | -18.2 | -133.608 | -133.608 | -6363.340816194274 | -95.77183676114477 | 4
Liechtenstein | 92.1 | 0.8340000000000032 | 0.008974110659177515 | 0.00030150753768844337 | 0.0047386363636363815 | 3520.1 | 3554.93645653493 | 2766.1 | 176 | 68.80000000000001 | -92.934 | -92.1 | -2832.56354346507 | 2.252708693013938 | 2
Lithuania | 244.979 | 0.1489999999999725 | 0.0006078456969418936 | 4.0282790597070034e-05 | 0.00046178640054538045 | 1789.056 | 2288.371929932544 | 3698.85 | 322.6600000000001 | 337.518 | -245.128 | -244.979 | 4897.744929932544 | 311.1248140134911 | 25
Luxembourg | 3109.929999999998 | 565.0079999999998 | 0.1537462672839651 | 0.0038692936858472447 | 0.05135386877299987 | 79140.8 | 86285.75751580276 | 146023.5500000001 | 11002.24799999999 | 7909.620000000001 | -3674.937999999998 | -3109.929999999998 | 149982.2665158027 | 17818.20149683945 | 56
Macau | 2170.2953 | 24.399999999999636 | 0.011117716431980165 | 0.0004463110244584778 | 0.010392840866013126 | 7220.216999999999 | 7321.509241110602 | 54670.39499999999 | 2347.77 | 54.30200000000001 | -2194.6953 | -2170.2953 | 11925.9122411106 | 3442.93655177788 | 14
Macedonia | 4.05 | 0 | 0 | 0 | 0 | 1.56 | 1.576890146829796 | 247.4 | 12.7 | 2.672 | -4.05 | -4.05 | 18.2568901468298 | 21.91562197063404 | 1
Malawi | 22.721 | 0 | 0 | 0 | 0 | 211.4 | 211.4 | 1238.8 | 115.09 | -279.4359999999999 | -22.721 | -22.721 | 176.877 | 95.31000000000002 | 7
Malaysia | 13501.8734 | 457.6320000000087 | 0.03278282337997508 | 0.0011313760330841282 | 0.019650822094945838 | 198593.7720000001 | 213160.0654092839 | 404491.5099999998 | 23288.18600000002 | 18132.07699999999 | -13959.50540000001 | -13501.8734 | 376994.6724092832 | 24037.67731814327 | 933
Mali | 0 | 0 | NA | 0 | 0 | 0 | 0 | 66.1 | 13.6 | 0 | 0 | 0 | 51.4 | 0 | 1
Malta | 181.9849 | 1.5 | 0.008175059637060052 | 0.00017223759602245987 | -0.003566461000748956 | 4109.46 | 4414.190389466131 | 8708.899999999996 | -420.5850000000001 | 94.93099999999998 | -183.4849 | -181.9849 | 8805.300389466129 | 34.30292210677412 | 32
Marshall Islands | 0 | 0 | NA | 0 | 0 | 0 | 0 | 4.45 | -1.87 | -0.153 | 0 | 0 | 1.59 | -2.19 | 1
Mauritius | 240.8358 | 31.30500000000012 | 0.11503236559898444 | 0.003216479719378724 | 0.0578218853203894 | 5547.552999999999 | 6765.714643006188 | 9732.690000000002 | 541.4040000000003 | 329.325 | -272.1408000000001 | -240.8358 | 11635.13664300619 | 273.8496713987623 | 64
Mexico | 9164.649000000001 | 1849.2559999999994 | 0.16790193850409998 | 0.005514304454446798 | 0.08782310117383141 | 213730.074 | 229731.4647745398 | 335356.1659999999 | 21056.601 | 18176.76600000001 | -11013.905 | -9164.649000000001 | 324892.1817745399 | 37174.01784509201 | 114
Monaco | 121.1962 | 36.202 | 0.23000263027150245 | 0.006958310108213043 | -0.08172009029345371 | 11219.1 | 11715.30938979897 | 5202.7 | -443 | 548.6 | -157.3982 | -121.1962 | 16962.92738979896 | 572.7881220402071 | 9
Mongolia | 0 | 0 | NA | 0 | 0 | 475.1 | 475.1728866593397 | 255.6 | 308 | 53.597 | 0 | 0 | 1257.83488665934 | 116.8204226681321 | 2
Montenegro | 0 | 0 | NA | 0 | #DIV/0! | 0 | 0 | 0.046 | 0 | 0 | 0 | 0 | 0 | 0 | 1
Morocco | 1725.993771 | 12.733000000000175 | 0.007323174757743564 | 0.00021695108164588691 | 0.0037756023676612303 | 35861.29099999999 | 35893.4883104407 | 58690.65000000001 | 3372.442 | 339.296 | -1738.726771 | -1725.993771 | 48242.73831044071 | 3364.556537911855 | 66
Mozambique | 0 | 0 | NA | 0 | 0 | 5.41 | 5.41 | 2.29 | -5.08 | 0.152 | 0 | 0 | 10.92 | -2.66 | 1
Myanmar | 0 | 0 | NA | 0 | 0 | 0 | 0.2797338896141268 | 33.8 | -6.43 | 4.869999999999999 | 0 | 0 | 0.2797338896141268 | -2.265946777922825 | 1
Namibia | 53.582 | 4.790000000000006 | 0.08205989172891122 | 0.0019475028053798267 | 0.04075069761110738 | 365.01 | 375.8335107011893 | 2459.56 | 117.544 | 32.853 | -58.37200000000001 | -53.582 | 1021.743510701189 | 46.61329785976216 | 6
Netherlands | 28613.58380000001 | 15024.891999999967 | 0.344303776072765 | 0.017937819665735124 | 0.298719526810553 | 523639.6660000003 | 576487.2708135425 | 837609.7139999997 | 50297.65599999998 | 16884.42599999998 | -43638.47579999998 | -28613.58380000001 | 863752.3538135422 | 89003.91303729152 | 135
Netherlands Antilles | 0 | 0 | NA | 0 | 0 | 0.122 | 0.122 | 0.124 | -0.471 | 0 | 0 | 0 | -0.191 | -0.691 | 1
New Zealand | 3114.490799999998 | 109.8449999999998 | 0.03406748143292019 | 0.0012026982485113438 | 0.028988371927316972 | 29412.24299999999 | 33763.97824491899 | 91332.13599999997 | 3789.278 | 2178.680000000001 | -3224.335799999998 | -3114.490799999998 | 75181.898244919 | 6045.291951016201 | 123
Niger | 0 | 0 | NA | 0 | 0 | 0 | 0 | 88.5 | 13.1 | 0 | 0 | 0 | 0 | 0 | 1
Nigeria | 1620.827 | 4.417999999999893 | 0.0027183593858156113 | 0.0001471786146074972 | 0.001407964592463053 | 18424.349 | 18469.74386144861 | 30017.94800000001 | 3137.863 | 2217.242999999999 | -1625.245 | -1620.827 | 21727.18286144861 | 2465.568027710277 | 121
Norway | 10564.63405600001 | 1621.7700000000004 | 0.13308027475106715 | 0.005984034354143572 | 0.09295132448344103 | 304110.5260000002 | 327094.2242399071 | 271016.1579999997 | 17447.51899999998 | 13130.27100000001 | -12186.40405600001 | -10564.63405600001 | 417929.677239907 | 31394.91835201855 | 200
Oman | 1012.899 | 220.0899999999989 | 0.17850118695300532 | 0.013502238614598717 | 0.15738431262621272 | 21463.327 | 21583.75636390064 | 16300.26 | 1398.424 | 1413.513 | -1232.988999999999 | -1012.899 | 22681.16836390063 | 1918.204127219872 | 71
Pakistan | 3025.236020000001 | 0 | 0 | 0 | 0 | 32487.68399999999 | 32996.10418761679 | 56847.81199999997 | 6048.941000000003 | 5198.671000000001 | -3025.236020000001 | -3025.236020000001 | 66263.54918761678 | 6548.649962476649 | 396
Palestinian Authority | 147.987 | 0 | 0 | 0 | 0 | 746.4130000000001 | 748.1227699574006 | 2923.610000000001 | 234.319 | -48.062 | -147.987 | -147.987 | 500.4327699574004 | 174.7160460085199 | 26
Panama | 167.8 | 2.4399999999999977 | 0.014332706766917279 | 0.0006059994943381263 | 0.00546007876834944 | 3931.702 | 4377.545673199268 | 4026.406 | 446.88 | 132.06 | -170.24 | -167.8 | 5834.893673199267 | 436.8332653601464 | 5
Papua New Guinea | 152.17 | 8.240000000000009 | 0.051368368555576395 | 0.0010409166129786143 | 0.024113309141987616 | 3713.894 | 3908.221521337281 | 7916.1 | 341.72 | 792.1560000000001 | -160.41 | -152.17 | 8166.858521337279 | 626.5464957325439 | 5
Peru | 2791.866 | 32.3119999999999 | 0.011441205193157052 | 0.0004495036074848569 | 0.007876075154215002 | 34272.61000000002 | 35294.41693424574 | 71883.739 | 4102.550999999999 | 3342.643999999999 | -2824.178 | -2791.866 | 48491.12693424575 | 4861.256613150853 | 53
Philippines | 4244.283700000001 | 973.6420000000007 | 0.18659560445638396 | 0.003870865452159486 | 0.06828906039751131 | 149886.1329999999 | 161972.6778556412 | 251530.83 | 14257.65700000001 | 13438.12599999999 | -5217.925700000002 | -4244.283700000001 | 222149.7978556414 | 22999.91302887175 | 240
Poland | 4089.912580000002 | 341.78700000000026 | 0.07712323315922964 | 0.0021564475514846532 | 0.024975522253430228 | 90471.18099999984 | 95230.03166931117 | 158495.392 | 13684.87900000001 | 10859.58499999997 | -4431.699580000002 | -4089.912580000002 | 184648.8576693111 | 15012.84486613774 | 688
Portugal | 2630.1957 | 5.721000000000004 | 0.0021704024258429725 | 0.00010461301522687154 | 0.0018797696567522874 | 54351.615 | 59824.26513245574 | 54687.26799999999 | 3043.458 | 285.5400000000004 | -2635.9167 | -2630.1957 | 85664.42813245574 | 6015.375973508856 | 41
Qatar | 5673.356999999998 | 75.19999999999891 | 0.013081543768288103 | 0.0004651079365845053 | 0.0071127293831579 | 103435.115 | 105127.8256524201 | 161682.9 | 10572.594 | -566.233 | -5748.556999999997 | -5673.356999999998 | 163558.7926524201 | 3767.507869515977 | 46
Republic of the Congo | 0 | 0 | NA | 0 | 0 | 55.6 | 55.6 | 78.1 | -15 | 12.89 | 0 | 0 | 71.22 | -10.1 | 1
Reunion | 2.45 | 0 | 0 | 0 | 0 | 85.2 | 152.7626457653032 | 78.1 | 27.4 | 0.4000000000000004 | -2.45 | -2.45 | 218.8626457653032 | 20.61747084693936 | 1
Romania | 1531.2394 | 365.57000000000016 | 0.19272890570871282 | 0.018177146955150124 | 0.13042423464018016 | 4661.447 | 4887.674347800288 | 20111.51700000001 | 2802.93 | 359.5669999999999 | -1896.8094 | -1531.2394 | 24492.91834780029 | 2823.933530439944 | 71
Russia | 20282.28740000001 | 958.7400000000016 | 0.04513623479436786 | 0.002795206768215023 | 0.01574807495330722 | 230402.208 | 248803.8287193732 | 342994.3040000002 | 60879.82199999999 | 39738.99699999998 | -21241.02740000001 | -20282.28740000001 | 705426.8227193739 | 79058.07285612535 | 189
Saint Lucia | 0.591 | 0 | 0 | 0 | 0 | 18.73 | 18.73 | 130.406 | 4.957 | 0 | -0.591 | -0.591 | 9.249 | 9.722 | 4
Saudi Arabia | 17279.02629000001 | 293.22999999999956 | 0.016687100117408964 | 0.0005939012260213106 | 0.01049931412334449 | 175410.1270000001 | 193142.33727989 | 493735.3 | 27928.49100000001 | 16706.743 | -17572.25629000001 | -17279.02629000001 | 386007.03027989 | 22961.16694402202 | 191
Senegal | 0 | 0 | NA | 0 | 0 | 983.6 | 983.6 | 2959 | 318.8 | -310.9 | 0 | 0 | 998.8000000000001 | 548.9000000000001 | 3
Serbia | 79.64999999999999 | 0.36599999999999966 | 0.004574085182963403 | 0.00013725770358861373 | 0.001014496770795797 | 1195.226 | 1244.170074832566 | 2666.517000000001 | 360.77 | 249.2089999999999 | -80.01599999999999 | -79.64999999999999 | 4361.224074832566 | 377.1111850334869 | 36
Singapore | 17490.65030000001 | 2322.916000000001 | 0.11723866187582797 | 0.005423498539321757 | 0.07014407655335736 | 338689.0129999995 | 354966.295891254 | 428305.8219999994 | 33116.35299999994 | 25555.94000000001 | -19813.56630000001 | -17490.65030000001 | 591528.5228912523 | 28459.8594217493 | 560
Slovakia | 266.658 | 197.24 | 0.4251796731177974 | 0.02965858939755051 | 0.43769833344428916 | 5623.1 | 5652.837899716563 | 6650.349999999999 | 450.63 | 131.458 | -463.898 | -266.658 | 7785.279899716564 | 158.7914200566875 | 6
Slovenia | 369.188192 | 12.288999999999987 | 0.03221424572088175 | 0.001676068324777277 | 0.02119151166921305 | 2762.573000000001 | 3132.863069528582 | 7332.04 | 579.902 | 161.0370000000001 | -381.477192 | -369.188192 | 10818.16006952858 | 749.9069860942839 | 24
Solomon Islands | 0 | 0 | NA | 0 | 0 | 1.7 | 1.7 | 20.3 | -4.98 | 2.984 | 0 | 0 | 6.69 | -4.49 | 1
South Africa | 17064.77780000001 | 1298.8819999999905 | 0.07073110775010058 | 0.0028700576040409207 | 0.037636032644154396 | 175733.221 | 196707.2988372692 | 452563.042 | 34511.66100000001 | 15681.08100000001 | -18363.6598 | -17064.77780000001 | 344609.1278372688 | 30225.53443254618 | 279
South Korea | 24383.06631 | 9476.136000000002 | 0.27986884963327424 | 0.006992023503239003 | 0.06799052468487729 | 1344574.764000003 | 1355559.628825302 | 1355278.053000001 | 139374.3619999997 | 145243.7579999999 | -33859.20231 | -24383.06631 | 2267532.896825303 | 192231.0170349402 | 2171
Spain | 25725.87190000001 | 8161.382999999983 | 0.2408393074058054 | 0.011942266467910365 | 0.14479849523083335 | 898572.62 | 935849.3116383837 | 683403.1900000006 | 56363.72799999997 | 9802.796000000004 | -33887.25489999999 | -25725.87190000001 | 1220565.041638384 | 55470.9996723232 | 174
Sri Lanka | 537.5399400000001 | 78.91699999999969 | 0.12801705176682693 | 0.005576278969824526 | 0.042955414373301554 | 16497.09200000001 | 17217.90292218375 | 14152.26900000002 | 1837.184000000001 | 1542.015000000001 | -616.4569399999998 | -537.5399400000001 | 27513.61292218375 | 1605.434815563247 | 255
Sudan | 22.1 | 0 | 0 | 0 | 0 | 277.6 | 277.6 | 172.2 | 65.2 | 153.98 | -22.1 | -22.1 | 881.5000000000001 | 86.4 | 2
Sweden | 22546.46980000002 | 2709.5280000000203 | 0.10728255606674213 | 0.00423242256987503 | 0.042865725179799544 | 574624.6420000007 | 608236.745797131 | 640183.7139999997 | 63209.66200000005 | 29504.03 | -25255.99780000004 | -22546.46980000002 | 745241.860797131 | 49266.02724057389 | 705
Switzerland | 50687.90248999996 | 35750.68600000008 | 0.4135963650555912 | 0.022140327756930554 | 0.3054806126540087 | 1063748.57 | 1113973.214307046 | 1614731.560999999 | 117030.9490000001 | 91430.70700000001 | -86438.58849000004 | -50687.90248999996 | 1355164.672307046 | 108229.4961385909 | 267
Taiwan | 45850.18809999985 | 1312.407000000021 | 0.027827285526110176 | 0.001247508797912888 | 0.017540423416934 | 516275.1929999993 | 599009.8708309778 | 1052022.239999998 | 74821.85400000024 | 54029.64900000002 | -47162.59509999987 | -45850.18809999985 | 937089.361830977 | 86219.39243380431 | 1878
Tanzania | 190.452 | 0 | 0 | 0 | 0 | 320.782 | 600.9195234603317 | 3432.091999999999 | 167.38 | 109.385 | -190.452 | -190.452 | 1708.229523460331 | 137.7954953079337 | 12
Thailand | 16790.8463 | 182.78899999998976 | 0.010768995372487463 | 0.0003677505022731808 | 0.006010865655217039 | 205957.4760000001 | 221447.0246167113 | 497046.2279999995 | 30409.76299999998 | 29856.74500000001 | -16973.63529999999 | -16790.8463 | 387758.1146167125 | 33608.85627665771 | 722
Togo | 0 | 0 | NA | 0 | 0 | 1939.5 | 1939.5 | 944.1 | 178.6 | 201.9 | 0 | 0 | 1755.4 | 0 | 1
Trinidad & Tobago | 449.23 | 9.375 | 0.020442428669552228 | 0.0007535931320536317 | 0.011607319730586369 | 3018.23 | 3082.241711110687 | 12440.4 | 807.6800000000002 | 187.481 | -458.605 | -449.23 | 6199.174711110687 | 617.7116577778626 | 18
Tunisia | 288.8489999999998 | 9.261000000000081 | 0.03106571399818887 | 0.0011586246033765736 | 0.01582243878436666 | 1712.2 | 1712.2 | 7993.097999999998 | 585.308 | 145.645 | -298.1099999999999 | -288.8489999999998 | 2464.368 | 376.063 | 78
Turkey | 5164.68 | 175.86999999999898 | 0.03293106515246538 | 0.001180095306233482 | 0.007557900427551855 | 265031.505 | 267536.1773000562 | 149030.3360000002 | 23269.68999999998 | 9961.358999999999 | -5340.549999999999 | -5164.68 | 392539.0283000562 | 18164.77553998877 | 398
Turks & Caicos Islands | 0 | 0 | NA | 0 | 0 | 0 | 0 | 0.106 | 1.07 | 0.404 | 0 | 0 | 3.967 | 0.417 | 1
Uganda | 30.156 | 0 | 0 | 0 | 0 | 215.25 | 219.0628687023318 | 772.27 | 78.76600000000002 | -11.96 | -30.156 | -30.156 | 424.0158687023318 | 81.21642625953363 | 6
Ukraine | 73.765 | 0.42799999999999727 | 0.005768738290674286 | 0.00014477615171458168 | 0.006925230166820337 | 1380.209 | 1773.316791469069 | 2956.288 | 61.803 | 327.8380000000001 | -74.193 | -73.765 | 2815.963791469069 | 319.6424417061862 | 19
United Arab Emirates | 13344.752 | 1754.3850000000002 | 0.11619107767549895 | 0.008068299122330425 | 0.09238441344084647 | 152451.217 | 157410.0710212465 | 217441.74 | 18990.054 | 4136.074000000003 | -15099.137 | -13344.752 | 242467.8370212464 | 15111.49919575071 | 95
United Kingdom | 109433.5049000001 | 37607.4269999994 | 0.25576162034647393 | 0.012758318540762172 | 0.17053040052246468 | 2531139.136999999 | 2721155.696266599 | 2947678.950000002 | 220532.0979999998 | 110252.8229999998 | -147040.9318999995 | -109433.5049000001 | 3266440.146266605 | 252011.7081466797 | 1281
United States | 536039.0866000013 | 815970.1099999937 | 0.603524082566878 | 0.03033010539330916 | 0.6906295149177883 | 17012785.92400009 | 17929200.62237094 | 26902976.41299978 | 1181487.458000004 | 967899.360999999 | -1352009.196599995 | -536039.0866000013 | 20751483.7973711 | 1743014.26532581 | 7209
Uruguay | 10.6 | 28.299999999999997 | 0.7275064267352185 | 0.017140088425897884 | 0.30627705627705626 | 639.42 | 1352.54618160481 | 1651.1 | 92.39999999999999 | 186.37 | -38.9 | -10.6 | 1573.226181604811 | 78.67476367903794 | 2
Venezuela | 10.11 | 0 | 0 | 0 | 0 | 2098.677 | 2098.677 | 579972.9 | 70111.9 | 14306.8 | -10.11 | -10.11 | 175453.643 | 330.9 | 23
Vietnam | 3126.325070000002 | 501.74699999999984 | 0.1382957643396537 | 0.00384272240163628 | 0.06842874523638298 | 43719.39200000004 | 46059.68784949933 | 130570.7120000002 | 7332.401000000001 | 6607.535999999997 | -3628.072070000002 | -3126.325070000002 | 54748.84884949927 | 6552.582830100134 | 661
Zambia | 58.023 | 0 | 0 | 0 | 0 | 1384 | 1400.545542497921 | 1728.09 | 286.33 | 259.461 | -58.023 | -58.023 | 2264.115542497922 | 453.2008915004158 | 8
Zimbabwe | 47.56799999999999 | 0 | 0 | 0 | 0 | 64.704 | 99.8935241749347 | 5090 | 119.46 | 33.587 | -47.56799999999999 | -47.56799999999999 | 215.1515241749347 | 90.73209516501306 | 6
