Source: http://www.stern.nyu.edu/~adamodar/pc/blog/SectorMultiples2018.xlsx

Sheet: Sheet1
PE ratios | EBIT & EBITDA | Book Value | Revenue
Industry Group | Number of firms | Aggregate PE | q1(Trailing PE) | median(Trailing PE) | q3(Trailing PE) | EV/EBIT | EV/EBITDA | Price to Book | EV/ Invested Capital | EV/Sales | Price to Sales
Advertising | 258 | 27.285902740475446 | 17.71484375 | 26.5429822043628 | 48.98850574712644 | 15.087433081072843 | 9.681960814731264 | 2.490799655895356 | 4.3330712466111345 | 1.5682618280736973 | 1.2298194748479534
Aerospace/Defense | 229 | 27.839412632329925 | 17.43153594771242 | 24.12213740458015 | 42.66990291262136 | 20.513367623054833 | 14.775911992143243 | 5.008310899678328 | 6.091297492001446 | 1.8130889044270557 | 1.6038421981793927
Air Transport | 155 | 16.782299369619544 | 9.808695652173913 | 14.48415418879313 | 22.87540628385699 | 16.36800742624776 | 7.619938309885992 | 2.433698291625835 | 1.6538438297494351 | 1.6897989130999946 | 1.0408496287746332
Apparel | 1160 | 31.171983928382076 | 11.96531791907514 | 19.55600358422939 | 35.23300970873786 | 19.26058991498452 | 12.462306261235709 | 2.991880529507219 | 2.7690805159498835 | 2.0436682548023577 | 1.7921858087148759
Auto & Truck | 133 | 12.610508561004217 | 10.75426528826672 | 16.61281154865029 | 30.04370629370629 | 16.417214468153183 | 9.498636870657535 | 1.3858432104363636 | 1.217842798109242 | 0.9832460762944222 | 0.5998914946735109
Auto Parts | 687 | 17.389590838077066 | 10.67419738406659 | 17.86883972751681 | 32.42361111111111 | 13.214597164225916 | 8.349877062285701 | 1.943653629439467 | 1.9492220083430625 | 0.9994829698109213 | 0.9079045405659537
Bank (Money Center) | 615 | 11.951042648867856 | 8.307988980716255 | 11.86643835616438 | 15.75342465753425 | NA | NA | 1.0790236869037269 | 1.0523452465861702 | 8.510354999657121 | 3.4721755678469335
Banks (Regional) | 853 | 14.554731145971598 | 12.09745762711865 | 16.34932687862058 | 20.46153846153846 | NA | 388.13006723726556 | 1.1230875991802556 | 1.1520623214908705 | 5.753490507101092 | 3.6299082756537158
Beverage (Alcoholic) | 222 | 31.01000094479372 | 16.84015998814903 | 26.39350638958256 | 42.72020725388602 | 21.141600862066518 | 16.6472265879563 | 3.7049393081488953 | 2.8650152381600127 | 4.400157153220297 | 3.7082565066538615
Beverage (Soft) | 101 | 31.435766254035418 | 18.14859926918392 | 26.39002556377611 | 45.05010728259498 | 20.905255969402965 | 16.112801896044697 | 6.231973112801942 | 4.583653234733162 | 3.1865530721188415 | 2.7104482019066563
Broadcasting | 139 | 27.742396778889454 | 10.98145814581458 | 16.23340961098398 | 30.45555555555556 | 13.98518064463886 | 10.081692955499777 | 2.638022608373773 | 2.439661497477027 | 2.359486413170869 | 1.617232031562382
Brokerage & Investment Banking | 555 | 17.752063039566778 | 10.03251524151946 | 17.56923076923077 | 34.28571428571428 | NA | NA | 1.4898152405273413 | 1.1671749482228673 | 7.628729092994581 | 2.9626267655797958
Building Materials | 432 | 22.723252114113073 | 11.61538461538462 | 18.09537812738461 | 28.33333333333333 | 16.54408519479811 | 11.083786299273214 | 2.3528632135105445 | 2.484574982450212 | 1.5049620477085524 | 1.268986918964118
Business & Consumer Services | 834 | 29.75062630963422 | 14.85380116959064 | 23.42302341554355 | 39.2378752886836 | 19.89545730771948 | 13.20804748387457 | 4.316151834172793 | 4.9615749832739 | 1.7618176372385879 | 1.4948393440345955
Cable TV | 65 | 36.36447885320094 | 13.57126436781609 | 24.32128641538505 | 37.7910447761194 | 22.87757974931285 | 10.9934702841788 | 3.2223414178259357 | 2.651004549188091 | 3.708211559736491 | 2.4236599602024715
Chemical (Basic) | 787 | 16.66703592348249 | 12.15508021390374 | 20.28864790032303 | 37.77338129496403 | 14.505291833830695 | 9.75852829369018 | 1.9341191170162413 | 1.777930546832485 | 1.5419245588592214 | 1.3369450655652706
Chemical (Diversified) | 75 | 21.687025271553455 | 10.25859076709476 | 16.37914354585605 | 25.23994921709691 | 16.141276277286682 | 10.247743792057857 | 1.7731799756752042 | 1.998800307109594 | 1.7862968539212478 | 1.474276774779006
Chemical (Specialty) | 770 | 25.99471894087353 | 13.78125 | 24.45214576277695 | 38.5483870967742 | 19.64681615853354 | 13.20221708784365 | 2.959575804848918 | 2.656866604105903 | 2.182931527251136 | 1.887820875506677
Coal & Related Energy | 254 | 13.004592518076608 | 7.560317753556254 | 12.25535168195719 | 20.17377049180328 | 9.957738922606909 | 6.772180857654105 | 1.4569318022825313 | 1.3619679372721285 | 1.70416852788924 | 1.4069240591064274
Computer Services | 931 | 21.504396316769963 | 13.69960622538909 | 20.80448408871745 | 37.89406779661017 | 17.4288851454714 | 12.414918843907003 | 3.4523465830948235 | 4.226596938270282 | 1.2899417915159523 | 1.1595570598050209
Computers/Peripherals | 331 | 16.81402892337158 | 12.66666666666667 | 17.31779267886296 | 28.47790507364975 | 13.535176346793058 | 9.680647653175297 | 2.8857013539925833 | 2.793555867487539 | 1.6608867370480893 | 1.521693031430699
Construction Supplies | 763 | 23.726077575672434 | 11.83664921465969 | 19.26044094583905 | 36.95723014256619 | 19.38455379144079 | 12.278997487983595 | 1.9283565931021065 | 1.8204784319169915 | 1.67628256484765 | 1.3126057483893094
Diversified | 349 | 17.54480296522502 | 8.86687306501548 | 14.62385943279901 | 23.11571551476914 | 13.149545816209427 | 9.752574787304686 | 1.2419928065335892 | 1.341934162324717 | 1.6889089969919748 | 1.1594313402287844
Drugs (Biotechnology) | 952 | 74.96176338380502 | 19.4393063583815 | 36.68992248062015 | 72.21834061135371 | 37.18379942743959 | 27.108667637187484 | 5.529830588465882 | 5.169806345989937 | 7.933389689403578 | 7.28895401578964
Drugs (Pharmaceutical) | 1036 | 31.15542690732138 | 17.13235294117647 | 27.17056283502085 | 46.57043073341094 | 20.98599910219486 | 14.632913546137418 | 3.435485562895883 | 3.7650333177776454 | 3.9417290199102686 | 3.541918529848773
Education | 185 | 32.61437086151972 | 14.97740112994351 | 23.21151004666461 | 40.43421052631579 | 21.059730748466826 | 12.279821511017321 | 2.489231600218268 | 2.9356277576079846 | 2.3506267657928155 | 2.050027221907705
Electrical Equipment | 909 | 29.020366568146784 | 13.98916967509025 | 25.71679197994987 | 44.78448275862069 | 23.032048173346073 | 12.952767907409212 | 2.6325972295904765 | 2.7910078679119215 | 1.8367430402184695 | 1.6139506812676618
Electronics (Consumer & Office) | 152 | 34.50995817274316 | 15.00355145165586 | 25.80073402417962 | 44.82673267326733 | 16.52976407024253 | 9.079836161456708 | 1.9220048038493929 | 1.8377925425572492 | 0.7557639309032519 | 0.673725071893999
Electronics (General) | 1298 | 24.909734153438 | 14.04907975460123 | 23.34231786731787 | 42.92763157894737 | 19.31481840195196 | 12.153504229949455 | 2.4255585272339903 | 2.596147612675061 | 1.5319369967688312 | 1.4977889512439055
Engineering/Construction | 1185 | 19.300121264414567 | 8.957911515099298 | 14.52711223203027 | 26.3855421686747 | 14.921930613728478 | 10.283626090891941 | 1.5212133823134832 | 1.4550407624840087 | 0.7199234471014627 | 0.5346774566040561
Entertainment | 374 | 24.423294669247646 | 15.12418300653595 | 30.09120521172638 | 54.96335078534031 | 16.998121381728673 | 12.259193002202942 | 2.815161331274753 | 3.4836951884217857 | 2.8999415777412483 | 2.330653387763494
Environmental & Waste Services | 320 | 34.527748540539605 | 15.8235294117647 | 28.10699588477366 | 47.02222222222222 | 22.733608917180405 | 13.667358669334865 | 3.2850820770124143 | 3.395891095859401 | 2.5858193489851042 | 2.098064330910118
Farming/Agriculture | 412 | 22.157878454913945 | 10.40710382513661 | 18.61830857028938 | 37.66990291262136 | 21.464904967331513 | 13.621613905425507 | 1.9266081356807765 | 1.5837176715503554 | 1.196279178072927 | 0.8530199574591556
Financial Svcs. (Non-bank & Insurance) | 1030 | 10.707944362752778 | 10.73619631901841 | 17.22447439831604 | 31.33035714285714 | NA | NA | 1.4647869294449178 | 1.0634644795623964 | 16.26325987632786 | 2.4077059544284114
Food Processing | 1270 | 25.82920473530721 | 12.13461538461539 | 19.84226190476191 | 34.071964017991 | 18.727911038092344 | 13.27362448501054 | 2.77462179878894 | 2.8418910719345516 | 1.6893593061179493 | 1.4171505367669077
Food Wholesalers | 148 | 26.607174580487754 | 11.52486187845304 | 20.48387096774194 | 31.33177132146204 | 17.804022688400583 | 10.530778438282791 | 1.9398315702411564 | 1.9677309938510894 | 0.4610373105469089 | 0.31154778127763344
Furn/Home Furnishings | 316 | 19.92696391245474 | 11.80084745762712 | 19.76044226044226 | 31.84566500226963 | 17.034706510333933 | 12.065295478047313 | 2.8403087903913877 | 3.0213802139966925 | 1.4083415541878863 | 1.3069677676078295
Green & Renewable Energy | 181 | 23.84375950091971 | 12.82312418544033 | 19.50757575757576 | 41.19469026548673 | 20.097879226658776 | 11.855102081882002 | 1.6482534012962449 | 1.3083628719281115 | 7.369379479348403 | 4.318006132260295
Healthcare Products | 696 | 40.06346424697044 | 19.97811447811448 | 32.63774820351549 | 47.93060718711276 | 27.97117269004519 | 18.39650581853521 | 3.668310090530092 | 5.055839842847628 | 4.095408403513525 | 3.723227851715788
Healthcare Support Services | 355 | 23.419807106765965 | 15.72748267898383 | 23.64623710963212 | 42.11678832116788 | 14.46762553569168 | 11.125392228821553 | 2.897912784349101 | 5.210382445010763 | 0.6906148248998036 | 0.5934747607203608
Heathcare Information and Technology | 339 | 62.184208761786344 | 26.12648221343874 | 40.00283416733008 | 72.01389766266581 | 39.790941949169444 | 24.10772020576779 | 4.42531870109821 | 6.105492404093608 | 5.050501823982067 | 4.569894344266756
Homebuilding | 171 | 16.406867140334924 | 9.1 | 12.2448363947201 | 17.46376811594203 | 13.046725822452853 | 11.42557291973043 | 1.8605681352388093 | 1.6280554226109452 | 1.338755868422162 | 1.0516270870834628
Hospitals/Healthcare Facilities | 198 | 39.72916704449955 | 17.10819009100101 | 28.25551596026992 | 42.61986301369863 | 20.112079296443298 | 11.321303435743099 | 3.107303023312241 | 2.1013200796562757 | 1.905275470297412 | 1.083652086952845
Hotel/Gaming | 658 | 32.42601780360184 | 14.21969696969697 | 21.77558835168416 | 40.58695652173913 | 21.97717252489683 | 13.493146259523405 | 2.6807234688866086 | 2.2658875474399003 | 3.1409587769613823 | 2.471862669964413
Household Products | 531 | 25.451261493672774 | 16.80882352941176 | 27.6935817805383 | 43.515 | 19.727888685675847 | 16.35606868305561 | 5.408264192031746 | 5.568350991049681 | 3.0707119021444567 | 2.7650609021820545
Information Services | 193 | 38.64890428112041 | 16.76646706586826 | 25.97580914247581 | 39.88864142538975 | 23.820680373171697 | 18.653317235662417 | 7.138616579538083 | 9.422989223883308 | 5.644125861421814 | 5.116845289318393
Insurance (General) | 220 | 17.860700659319672 | 9.898163606010018 | 13.85886264148389 | 23.2013201320132 | 12.22179635923535 | 10.253251247653301 | 1.2578081625427193 | 1.3554895954960435 | 0.9712963271359167 | 0.8256752556215391
Insurance (Life) | 128 | 17.57518675087105 | 9.441044600015731 | 12.75 | 20.62051356871899 | 11.56436508996242 | 10.66166880299196 | 1.2594445273738808 | 1.2808236684305123 | 0.9519327956636636 | 0.8554503339267492
Insurance (Prop/Cas.) | 225 | 18.121195312565472 | 9.241743666828773 | 14.43433029908973 | 22.04188481675393 | 13.773181268438345 | 11.60533417107177 | 1.3890750477856308 | 1.4335536823924406 | 1.1279729969191548 | 0.9826472024357518
Investments & Asset Management | 1065 | 17.69429520438165 | 8.722428042177258 | 16.58582089552239 | 37.94012511170688 | 25.90231922218055 | 23.578040967176438 | 1.6062733702309149 | 1.4628410440553685 | 5.0136803100437035 | 3.3480246923835173
Machinery | 1309 | 28.533640995763445 | 15.06944444444444 | 24.38461538461538 | 42.23728813559323 | 20.815624538612365 | 14.724576026128304 | 3.013348063654435 | 3.2332659627530016 | 2.0153923652231813 | 1.8736395214751855
Metals & Mining | 1594 | 23.812043573487756 | 10.12449799196787 | 21.2344081358274 | 51.04395604395604 | 14.674755151964893 | 9.040835806266655 | 1.8937144262488328 | 1.6520594335966752 | 1.8200144020089517 | 1.4657446173919355
Office Equipment & Services | 157 | 32.25150581018154 | 14.06930693069307 | 19.49494949494949 | 35.13945172824791 | 17.160713613846976 | 9.417639938645621 | 2.56572931460357 | 2.5282829655869525 | 1.246267033971683 | 1.048837533397386
Oil/Gas (Integrated) | 48 | 21.16398139468365 | 8.0624879086864 | 20.82488427429318 | 36.24508940139933 | 19.520038524882242 | 7.171310974459024 | 1.1689838697533355 | 1.1412322292913888 | 1.1565369839400124 | 0.8989446458180046
Oil/Gas (Production and Exploration) | 928 | NA | 5.270270270270271 | 12.93722627737226 | 29.82954545454545 | 50.940545241746854 | 8.95619301436214 | 1.5248631901737844 | 1.3657787779485828 | 3.8696633331238606 | 2.8503629791887457
Oil/Gas Distribution | 143 | 35.40694045394573 | 11.68946188340807 | 17.43251965038043 | 35.7439024390244 | 22.98982513970926 | 13.738693414982158 | 1.562786948056866 | 1.4293079402741438 | 2.965671959023895 | 1.6976973323737055
Oilfield Svcs/Equip. | 524 | 30.972790442399294 | 9.035087719298245 | 14.91880341880342 | 37.69633507853403 | 18.49480356095647 | 10.178214654099435 | 1.735519268191434 | 1.685048209926279 | 0.9493003814861473 | 0.730495522481984
Packaging & Container | 390 | 22.11448602796168 | 10.82777777777778 | 18.20689655172414 | 30.61224489795918 | 17.046444874359228 | 10.35647522490469 | 2.7454483102431224 | 2.3192199820030033 | 1.5255253259200443 | 1.11223923510687
Paper/Forest Products | 295 | 19.22938063661742 | 10.89869281045751 | 17.14677640603567 | 33.4639175257732 | 16.153341364377088 | 9.457631209957178 | 1.6143218124889895 | 1.4320288381355202 | 1.4248194714361087 | 1.0154443299958638
Power | 563 | 15.645509851118819 | 9.679220129978336 | 17.19486967314853 | 24.7734693877551 | 17.53580981814638 | 9.411011579620052 | 1.3504946524211998 | 1.2357254568154181 | 2.143453308870921 | 1.1767947692656924
Precious Metals | 961 | 46.137368632732574 | 6.306590257879655 | 15.61277158135982 | 35.70049751243781 | 22.269279742168035 | 9.646949222905407 | 1.7045241144919046 | 1.600667872708451 | 2.703867067713359 | 2.369573038566998
Publishing & Newspapers | 371 | 214.3035626482271 | 11.93069306930693 | 18.5341078249063 | 32.89772727272727 | 18.098115963568368 | 10.438550927708054 | 1.7051446218656177 | 2.003034251083659 | 1.2932484096242345 | 1.1230585608259374
R.E.I.T. | 714 | 19.088170933037283 | 10.16234887737478 | 17.22560263855505 | 28.89641434262948 | 35.192648808450954 | 23.97613771208954 | 1.5845882168556626 | 1.303792367625451 | 12.1962348402988 | 7.216764875955848
Real Estate (Development) | 784 | 12.672172745871928 | 8.5 | 14.69482288828338 | 29.03225806451613 | 14.852476216668624 | 13.949282289277846 | 1.1617443280134438 | 1.0955009117968058 | 2.6768740201758052 | 1.5507821616589432
Real Estate (General/Diversified) | 415 | 11.845616736757405 | 7.52 | 13.15286624203821 | 25.15151515151515 | 18.16866579816264 | 13.593247288261482 | 0.8769850590295055 | 0.9233865738066157 | 3.4945566366387792 | 2.2215681908765803
Real Estate (Operations & Services) | 628 | 10.937993784962748 | 7.361741980800748 | 13.50402618435507 | 26.86910994764398 | 22.573379073797817 | 19.58443811939099 | 1.171508778569696 | 1.1344416415633531 | 6.393015608477559 | 4.133619912147003
Recreation | 321 | 33.654940428134 | 14.47222222222222 | 25.70491803278689 | 44.83225806451613 | 20.804712028914015 | 13.43068369096312 | 2.7241957407426693 | 2.547410572527766 | 2.277782468417245 | 2.0127820802026
Reinsurance | 38 | 19.569747807208422 | 8.010899182561307 | 11.46277215234152 | 18.49546044098573 | 14.604251396810266 | 13.512640381548144 | 1.0209628714236134 | 1.0800305137537354 | 0.7926310776884968 | 0.7409319109537169
Restaurant/Dining | 364 | 27.44712099885631 | 18.66666666666666 | 26.94228959749085 | 42.28915662650602 | 20.713085670654454 | 12.784603210333495 | 7.563258016234024 | 3.8448673059564853 | 2.453135010778895 | 1.900532095615587
Retail (Automotive) | 169 | 18.02070077719575 | 9.620967741935484 | 13.8916689834121 | 24.51086956521739 | 16.100628859220187 | 10.957222857536053 | 2.89447278775757 | 1.9047428382762834 | 0.7552068437340012 | 0.4816034574283395
Retail (Building Supply) | 53 | 24.548337337353995 | 13.8421052631579 | 21.79818797851881 | 35.09803921568628 | 16.982533496710545 | 12.66523088975309 | 9.547794936805056 | 4.387441390948773 | 1.7344873465477906 | 1.4595068478666953
Retail (Distributors) | 976 | 17.678479080929563 | 10.53103448275862 | 16.28919915151094 | 30.77868852459016 | 19.709044819067156 | 12.724186487149462 | 1.4969591976243104 | 1.3372088589610442 | 0.803017344038291 | 0.5078343210687285
Retail (General) | 217 | 25.20871380465229 | 15.25301204819277 | 23.28649012814167 | 35.50731707317073 | 17.934919354402677 | 9.866584994968932 | 2.5406941597039383 | 2.020288903266399 | 0.8185310043873844 | 0.5927404835933238
Retail (Grocery and Food) | 168 | 22.32748334596113 | 14.70261437908497 | 20.93457943925234 | 31.739336492891 | 17.18017014084507 | 8.484467628794592 | 2.0722958625021843 | 1.8851052900340899 | 0.642020172789882 | 0.447688514286351
Retail (Online) | 200 | 87.52432295285 | 19.8 | 33.02113237639553 | 70.46829268292683 | 74.39451872652495 | 31.13225170889045 | 7.837077258696816 | 7.463147568219886 | 3.160261221334133 | 2.9385693871631706
Retail (Special Lines) | 503 | 22.28995480327101 | 12.92397660818713 | 19.36133111368949 | 29.65625 | 17.062807592329616 | 9.108633219593184 | 3.1875373650803542 | 2.5812629420208464 | 1.0512304681180216 | 0.8190209551768036
Rubber& Tires | 94 | 16.627943764275255 | 10.38961038961039 | 16.4152754590985 | 26.59978768577495 | 12.922266071871201 | 7.936390417280362 | 1.8279911733392462 | 1.6534201960227237 | 1.2537303934220654 | 1.000954284180142
Semiconductor | 542 | 23.23126907963566 | 16.38866930171278 | 25.63426688632619 | 48.46774193548387 | 19.44830454601525 | 11.801352463719587 | 3.075168164235009 | 3.357486007104452 | 3.8662893411825983 | 3.646436614596537
Semiconductor Equip | 284 | 20.61040229105233 | 12.31958762886598 | 17.43518518518518 | 31.05151477475237 | 17.49382905437287 | 13.602511349421091 | 3.923846535386839 | 4.321836654117151 | 3.1985028843555074 | 3.132329930968943
Shipbuilding & Marine | 342 | 127.75802843007818 | 10.31272727272727 | 16.95447409733124 | 32.16494845360825 | 26.966787350862436 | 11.18347679968891 | 1.3433617493975454 | 1.231724981536143 | 1.8186659363907662 | 1.169489474988446
Shoe | 85 | 25.819472198068183 | 12.59036144578313 | 22.70327226841885 | 34.82903981264637 | 21.42170585181083 | 14.81863927396006 | 4.052945907210673 | 3.5872902053080513 | 2.042202167491594 | 1.9356824874711356
Software (Entertainment) | 128 | 35.702047655600055 | 18.68591426071741 | 29.40199788583509 | 48.32919254658385 | 27.381208926123012 | 22.105931049549987 | 4.326918167812894 | 8.129217831252516 | 5.283168294524014 | 5.596836591867523
Software (Internet) | 880 | 38.17573712361017 | 19.50819672131148 | 33.43529411764706 | 65.48387096774194 | 35.305565615917324 | 26.245905357122854 | 5.581616674888693 | 6.72291667580861 | 7.815213017025044 | 7.764209465119147
Software (System & Application) | 1075 | 46.148478181739314 | 19.15969738651994 | 32.54826254826255 | 56.13125 | 36.32481514362736 | 25.984190915769343 | 5.896794907128456 | 7.535966130131067 | 6.364026129307831 | 5.947588139239361
Steel | 735 | 15.608222223783772 | 8.689800844900423 | 13.88586956521739 | 29.58500669344043 | 12.73008805037415 | 7.747307244873679 | 1.286672109920524 | 1.2263846678594126 | 1.0231558075220162 | 0.7134343349893573
Telecom (Wireless) | 106 | 22.09241517188854 | 12.55963302752293 | 19.63499005922689 | 33.86524822695036 | 17.70644534634059 | 6.639394292714987 | 1.738993181452984 | 1.5509531420090639 | 2.266143354906387 | 1.505407711266178
Telecom. Equipment | 505 | 40.22639315947646 | 14.65921787709497 | 28.18147070262731 | 53.21052631578947 | 25.512002475908584 | 16.79149108685447 | 2.8756658730485887 | 3.506060420971728 | 2.3674478749805568 | 2.1945543182102285
Telecom. Services | 289 | 19.346016525529308 | 12.99786912900648 | 19.50639028676412 | 32.58132749817651 | 14.250622692757686 | 6.569438894887869 | 1.956143230607287 | 1.829326638153026 | 2.1455452912230975 | 1.364950105176914
Tobacco | 62 | 18.06651946069285 | 12.68280420817429 | 17.9756533808546 | 28.71851851851852 | 18.111891899558334 | 15.85586238581683 | 11.354578735581018 | 7.828491737565333 | 5.624739151993223 | 5.024388066701085
Transportation | 235 | 23.506151963677002 | 12.45508982035928 | 18.82166381080851 | 33.26111111111111 | 18.067167610812543 | 10.875646671131983 | 2.383571337567379 | 2.2235938356027063 | 1.5153979451800645 | 1.169508878699834
Transportation (Railroads) | 51 | 19.730430306413623 | 15.04254996971533 | 19.80832610581093 | 27.48110676355506 | 16.134366306646953 | 10.813880509876252 | 2.6146816295565154 | 1.8561491519338251 | 3.7131029489186425 | 2.749349047403345
Trucking | 199 | 26.51621488837869 | 11.41025641025641 | 17.34456928838951 | 31.36612021857923 | 21.439759491536925 | 10.136920917608316 | 2.08756982472875 | 1.5904336884523576 | 1.3453999270571075 | 0.8330195057508879
Utility (General) | 55 | 28.06614795463474 | 14.08345221112696 | 20.47587939698493 | 25.8309968847352 | 18.27460076624305 | 9.811609638722182 | 1.6780209322197293 | 1.4461647889653602 | 1.7824584521708258 | 1.0075074617954882
Utility (Water) | 103 | 18.908945285040996 | 13.64285714285714 | 18.54919908466819 | 29.71022727272727 | 18.56226137534187 | 12.832210641103776 | 1.9406849149862444 | 1.5391333287509628 | 4.983508892925326 | 3.352725076687612
