Source: http://www.stern.nyu.edu/~adamodar/pc/blog/CountryMultiples2018.xlsx

Sheet: Sheet1
PE ratios | EBIT & EBITDA | Book Value | Revenue
Country | Number of firms | PE | q1(Trailing PE) | median(Trailing PE) | q3(Trailing PE) | EV/EBIT | EV/EBITDA | Price to Book | EV/ Invested Capital | EV/Sales | Price to Sales
Anguilla | 3 | NA | NA | NA | NA | NA | NA | NA | NA | 196.99016550883132 | 199.81415929203538
Antigua & Barbuda | 1 | NA | NA | NA | NA | NA | 3626.4849200531266 | 83.20693391115925 | 272.78199505894577 | NA | NA
Argentina | 79 | 23.90648992809838 | 13.00956022944551 | 22.49467649467649 | 40.38509316770186 | 25.04810916108382 | 13.550074907506366 | 3.325529324870615 | 2.1798077671713063 | 2.5310568637381743 | 1.9391777303813746
Australia | 1638 | 22.071255844422904 | 12.00182016745541 | 19.71993224167137 | 34.09090909090909 | 30.9733731736014 | 18.88092388700027 | 2.107249238705076 | 1.5622705835432757 | 3.5976815611082578 | 2.1451977928837302
Austria | 68 | 18.083598974141676 | 11.22903412377097 | 16.47200447928332 | 25.8177570093458 | 21.58723467604257 | 13.235524084266395 | 1.2885621434479828 | 1.2049220353782883 | 1.7288453667718415 | 1.097845741080377
Azerbaijan | 1 | 60.146699266503674 | 60.14669926650367 | 60.14669926650367 | 60.14669926650367 | 14.316849816849818 | 3.1143426294820715 | 0.6157697121401752 | 0.7180123082575549 | 1.1215208034433286 | 0.7058823529411765
Bahamas | 6 | NA | 14.7438524590164 | 14.7438524590164 | 14.7438524590164 | 13.301690554536938 | 9.289197400035368 | 0.8131730457538011 | 0.8973302335958074 | 2.559115753377528 | 1.6766501263796503
Bahrain | 23 | 9.530467149202623 | 5.651340996168582 | 10.83552490628192 | 15.05620608899297 | 53.52412935138185 | 27.72931462503279 | 0.8525723564967072 | 0.8897683136637257 | 3.0447288884632067 | 2.563840124696029
Bangladesh | 300 | 16.20269712424264 | 12.02777777777778 | 17.1046725158131 | 27.2463768115942 | 18.95004586255727 | 16.488854229965387 | 2.2872008097065892 | 2.046424879050785 | 2.7905400854730895 | 2.5335728507731123
Barbados | 3 | 12.707149853085212 | 6.318101933216169 | 11.5531914893617 | 15.42204496011602 | 1.6024303186974485 | 1.4311543875491435 | 1.0613113010757087 | 14.316966531122231 | 0.22609971146321106 | 1.479277122170914
Belgium | 146 | 21.42621360253139 | 12.61306532663317 | 17.80161290322581 | 27.8449408672799 | 26.953297926549244 | 20.435210444998432 | 1.8881500146564316 | 1.3943786449033055 | 3.964126397850603 | 2.162960072623279
Belize | 2 | 3.1305555555555555 | 2.861111111111111 | 2.861111111111111 | 2.861111111111111 | NA | NA | 0.5233746130030961 | -0.058075601374570504 | -0.04152334152334155 | 0.8307125307125307
Benin | 1 | 10.033333333333333 | 10.03333333333333 | 10.03333333333333 | 10.03333333333333 | NA | NA | NA | NA | 4.622866894197951 | 4.622866894197951
Bermuda | 82 | 13.522721505495817 | 6.941896024464831 | 15.27519656897784 | 33.46998158379374 | 20.086601236390027 | 12.96683712499246 | 0.7830210370117124 | 0.8543127213958613 | 1.743775821907651 | 1.2911008599650797
Botswana | 12 | 13.40135800626772 | 11.55148095909732 | 14.3879781420765 | 20.74166666666667 | 25.792558861546606 | 15.21790203914939 | 1.8718603439291297 | 2.263857661454653 | 1.2609764449921064 | 1.4415683441688738
Brazil | 195 | 25.457447589420845 | 11.40418118466899 | 18.15910694322339 | 33.06306306306306 | 20.61810986831202 | 14.729216648264696 | 2.152392728917858 | 1.5704301148785857 | 2.4903580315583933 | 1.4522108238995746
British Virgin Islands | 23 | NA | 3.923913043478261 | 9.581825252011605 | 19.30693069306931 | 231.29712665403736 | 67.91642501969281 | 1.720468377563905 | 1.8384401599680869 | 7.287497343189067 | 7.434889259177147
Bulgaria | 111 | 18.090461179585795 | 10.91025641025641 | 18.71710526315789 | 40 | 13.551802653726487 | 8.351819322908572 | 1.1023276889376865 | 1.2331859373654224 | 0.749584513113946 | 0.9224038472356839
Burkina Faso | 3 | 15.741304347826087 | 12.67410714285714 | 15.3586387434555 | 18.39490445859873 | 35.870170015455955 | 20.851752021563346 | 3.3923635511829473 | 1.7859176606387073 | 3.3825972890249236 | 2.110771024631978
Cambodia | 1 | 16.036736641221374 | 16.03673664122137 | 16.03673664122137 | 16.03673664122137 | 14.14364382267942 | 11.424737357388858 | 2.4579890310786108 | 2.634750205693161 | 4.984389447049424 | 5.213742826120677
Cameroon | 1 | NA | NA | NA | NA | NA | NA | NA | NA | NA | NA
Canada | 2850 | 19.79775133853988 | 9.340632603406325 | 17.17391304347826 | 35.86121673003802 | 28.69166006927606 | 16.090888825114025 | 1.6831811139293487 | 1.472129919580323 | 2.996543211902773 | 1.8099011012326238
Cayman Islands | 42 | NA | 14.27413127413127 | 18.77305408187505 | 30.40056022408963 | 20.7875212575804 | 14.08150214646394 | 2.857915684958279 | 2.5104700173588457 | 2.4272092416035522 | 2.220065010875261
Channel Islands | 77 | 18.115470459763323 | 8.242811501597444 | 13.56338028169014 | 27.70588235294118 | 17.054963613183954 | 15.432800796494899 | 1.7354081679724565 | 1.544739866529272 | 2.8007274725078735 | 2.2593436793434285
Chile | 136 | 21.727747303802932 | 11.87601957585644 | 16.45826771653543 | 26.50113895216401 | 24.7624665487752 | 15.24881055251101 | 1.486606729106102 | 1.312363997778205 | 2.409238457964184 | 1.4384200988651126
China | 4103 | 18.939249582089833 | 23.3094688221709 | 38.23329128607332 | 61.83018867924528 | 34.1802165267423 | 21.623040047407443 | 1.8076049253189335 | 1.4670894653065671 | 2.4186689054247097 | 1.6581952196909928
Colombia | 38 | 15.83623613691584 | 10.15407568154076 | 14.42725988700565 | 30.93939393939394 | 17.465596221922855 | 11.46662617613224 | 1.1483100368423422 | 1.1598830778458626 | 1.9582399871538945 | 1.1906316078913186
Costa Rica | 1 | NA | NA | NA | NA | NA | NA | NA | NA | NA | NA
Croatia | 97 | 28.029855805946706 | 11.46039603960396 | 16.33973589435774 | 24.01162790697674 | 25.46310107643155 | 11.934797226373563 | 1.250247496591371 | 1.2165229723297322 | 1.6366188724522486 | 1.400439170342685
Curaçao | 3 | 19.483791340334232 | 19.35284105786855 | 26.13356338607714 | 32.91428571428572 | 18.782119485765826 | 8.692025699258274 | 1.343922390907209 | 1.2618783547251924 | 1.9078673122204222 | 1.5471913138973497
Cyprus | 68 | NA | 4.6484375 | 8.21677646025472 | 20.67669172932331 | 12.322137102542518 | 6.796278538619962 | 0.5701119540822172 | 0.6410822249138746 | 1.2074766996565998 | 0.9107349904936829
Czech Republic | 11 | 13.125082931487267 | 10.92273730684327 | 14.79382876204596 | 17.19486967314853 | 19.690108824277363 | 10.641527798239574 | 1.5660407140260586 | 1.4027231055931497 | 2.1825941865216203 | 1.7077723936844411
Denmark | 152 | 26.076687917990732 | 9.058673469387754 | 15.3109756097561 | 24.97401633259094 | 31.36817977092167 | 20.212386073740074 | 3.322068138387124 | 1.751238723568423 | 4.283671354023227 | 2.517815776676878
Dominican Republic | 2 | NA | NA | NA | NA | NA | NA | NA | NA | NA | NA
Ecuador | 2 | 45.70342205323194 | 5.292775665399239 | 5.292775665399239 | 5.292775665399239 | NA | NA | NA | NA | 5.680529300567108 | 5.680529300567108
Egypt | 196 | 13.035880299720294 | 5.855395683453238 | 9.77226593614904 | 15.61224489795918 | 14.263434184144906 | 10.483975969496068 | 1.7703891840753183 | 1.8646423392985825 | 1.6112042603320416 | 1.5670791106249904
Estonia | 18 | 13.771203962861234 | 8.974358974358974 | 12.45 | 17.3961937716263 | 14.84362449011976 | 7.982462248010549 | 1.416939496679013 | 1.41656690632523 | 1.062047834981975 | 0.9032175179147515
Falkland Islands | 1 | 134.49275362318838 | 134.4927536231884 | 134.4927536231884 | 134.4927536231884 | NA | NA | 0.31564625850340133 | 0.29949167885244754 | NA | NA
Finland | 147 | 22.505816583061176 | 15.16228748068006 | 20.74050631675551 | 27.96407185628743 | 18.99293942762557 | 11.58797668300221 | 2.1849580026681554 | 2.169359195411577 | 1.5922055616925825 | 1.3631586890790899
France | 696 | 18.944318454701385 | 12.70923379174853 | 20.32294068586567 | 31.55140186915888 | 23.665656453243628 | 14.253941511393176 | 1.5122205300911484 | 1.4529552111670778 | 1.9509008548775626 | 1.1131138324937346
Gabon | 1 | 25.652459016393443 | 25.65245901639344 | 25.65245901639344 | 25.65245901639344 | NA | 3.78079571537873 | 0.4799116726982764 | 0.5382311295065897 | 0.9687316212507351 | 0.766908449323662
Germany | 665 | 19.894147558852254 | 13.55160390516039 | 22.08814182412082 | 35.24802110817942 | 20.3671888937007 | 12.435122780598867 | 1.9159405806267777 | 1.5444625859565235 | 1.6082884051774033 | 0.9638603506274086
Ghana | 20 | 16.6703686189091 | 9.781431334622823 | 14.14888663967611 | 16.84507042253521 | 19.295910872075936 | 14.305163117710586 | 2.268925455420183 | 11.09703325459715 | 0.6611173565717423 | 1.0755969845653142
Gibraltar | 7 | NA | 118.051724137931 | 118.051724137931 | 118.051724137931 | 22.19605896350687 | 16.987868008169006 | 14.256827048114436 | NA | 2.3599879411716542 | 2.5710845329581122
Greece | 180 | 25.64341184353919 | 10.30847457627119 | 16.113074204947 | 27.90055248618784 | 26.493440597848128 | 13.910594819055893 | 0.6644490006514 | 0.850304517814324 | 1.8517604565507972 | 0.7079940617353256
Greenland | 1 | 12.904109589041097 | 12.9041095890411 | 12.9041095890411 | 12.9041095890411 | NA | NA | 1.2644295302013424 | 1.31758826374335 | 3.5304535637149033 | 4.069114470842333
Hong Kong | 1436 | 15.574673139920394 | 8.166083916083917 | 14.85515041380504 | 30.50561797752809 | 17.83807468187892 | 10.980399512662132 | 1.1039030223491737 | 1.1117965452356813 | 2.291783345077503 | 1.7154910400333312
Hungary | 36 | 11.217042819610185 | 12.63778487283937 | 16.79113853707095 | 28.14741035856574 | 15.836904204417053 | 8.710970144977278 | 1.4416395217974844 | 1.440494210651411 | 1.385648635690924 | 1.1884042636626728
Iceland | 19 | 16.592939695417268 | 10.06034482758621 | 12.54212454212454 | 24.60439560439561 | 17.22616345955573 | 11.93040840625515 | 2.019621613569133 | 1.9495459168604317 | 1.7605024999878367 | 1.287582763486378
India | 3511 | 35.66372773336909 | 16.11354961832061 | 27.67724420849421 | 51 | 27.3394404523225 | 18.183683405069317 | 4.6175966350076765 | 2.8715255543822567 | 2.6268663091730677 | 2.15021434340514
Indonesia | 512 | 23.48681343526033 | 9.33085501858736 | 16.08372331308412 | 32.91139240506329 | 21.929307760095018 | 14.23718645704253 | 2.469144197129343 | 2.148188261542353 | 2.6527304667553815 | 2.3393600435315265
Ireland | 85 | 48.23450504541047 | 13.25917159763314 | 21.73358836737258 | 32.35449043023065 | 22.001077103010903 | 13.691324588500038 | 2.0584943180486523 | 2.575876753084173 | 2.66512581455589 | 2.0655485512640044
Isle of Man | 14 | 15.064908411443977 | 8.958333333333334 | 11.65289256198347 | 13.69651554889472 | 15.427452466644747 | 10.544241339787245 | 2.008473987919972 | 1.9847534804963607 | 3.71614993078479 | 3.505672199273645
Israel | 499 | 16.30298864339117 | 9.55223880597015 | 13.70285714285714 | 21.24553571428572 | 15.64544694938683 | 11.252036948740127 | 1.5871721376480976 | 1.406304671448027 | 1.8299753818331044 | 1.3599717161076446
Italy | 320 | 37.7207910763006 | 15.41037735849057 | 24.13559322033898 | 34.26124197002141 | 28.40212596916957 | 16.849175626895697 | 1.2341467424217072 | 1.1657372334252887 | 2.5511488884512947 | 1.0838104166270435
Ivory Coast | 34 | 17.466326677295417 | 9.025510204081632 | 11.4171592775041 | 22.40425531914893 | 14.95534660192012 | 25.429045544929455 | 63.645630952380955 | 49.32613646799522 | 1.1668237313173444 | 1.1614166232186307
Jamaica | 51 | 14.983367976018782 | 14.06347554630593 | 18.52047556142668 | 27.96296296296296 | 28.49231674340935 | 22.93172204798951 | 2.2303135508985465 | 1.7029700076816403 | 2.8062837031240697 | 2.0998086766288253
Japan | 3755 | 17.790205680413 | 11.77838577291382 | 17.29078674292232 | 28.13679245283019 | 17.12424306961188 | 10.161471373119763 | 1.3274727326128244 | 1.2813905287463678 | 1.1534148492701781 | 0.8956389695491965
Jordan | 161 | 17.29480841513554 | 10.13071895424837 | 15.43434343434343 | 28.72062663185379 | 17.114721384066325 | 9.721524114455773 | 0.9973808013874845 | 1.0049612964551866 | 0.81432758771553 | 1.564635542813221
Kazakhstan | 12 | 10.30802241434184 | 2.917933130699088 | 9.317294281729428 | 10.6060398078243 | 8.511000928822314 | 5.130150312161652 | 0.8715151704968783 | 0.87153151606921 | 1.921804149350051 | 1.9246723072202006
Kenya | 55 | 15.166880698921696 | 7.559375 | 10.02578796561605 | 17.19298245614035 | 18.92798781236144 | 11.913350187596524 | 2.2223901687026104 | 1.8837650179327978 | 2.1516536883162956 | 1.8049382530317881
Kuwait | 155 | 14.869301676494956 | 8.13167259786477 | 11.58555809982661 | 17.51051779935275 | 38.611891082236674 | 21.840884115307052 | 1.0120229269370802 | 1.0182676691234893 | 3.7784722042581884 | 2.24244585811414
Kyrgyzstan | 1 | NA | NA | NA | NA | NA | NA | 3.044198895027624 | 3.003006369497009 | NA | NA
Laos | 1 | 6.554858934169279 | 6.554858934169279 | 6.554858934169279 | 6.554858934169279 | NA | 39.111828459620995 | 0.5502631578947368 | 0.6709578788121782 | 1.1662864510549633 | 0.6997991967871485
Latvia | 16 | 15.983940205630873 | 8.77526753864447 | 11.21951219512195 | 13.54054054054054 | 17.63987277790533 | 9.497467841913563 | 1.360210424681601 | 1.3321355307225637 | 1.5353847792356008 | 1.3329850929713976
Lebanon | 4 | 6.616210937499999 | 4.304749086714094 | 5.544204322200393 | 5.579826732673268 | -93.29630483191009 | -62.77938363428347 | 0.6223998320143838 | NA | -3.947072372593687 | 2.0878274268104775
Liechtenstein | 2 | 12.350537634408601 | 12.16494845360825 | 12.31109404052131 | 12.45723962743438 | NA | -402.6561786481531 | 0.7960633468482518 | NA | -4.608816380137216 | 3.190998749826364
Lithuania | 29 | 10.339376420301429 | 6.038647342995169 | 10.49157648031985 | 13.4601226993865 | 13.558902072624853 | 6.959546517292912 | 1.2694909028047885 | 1.1873069245313728 | 1.2975799058796231 | 0.9591089597864638
Luxembourg | 53 | 14.117726322365701 | 9.990556867101791 | 21.4061135371179 | 50.20373831775701 | 16.416248199074438 | 9.676811466386525 | 1.4733515707007612 | 1.3986242831685873 | 1.6882767732751618 | 1.180582610051287
Macau | 13 | 34.95566948427032 | 12.98461538461538 | 21.91890271460229 | 48.46682394573871 | 32.0435884497679 | 22.179092346280424 | 12.341016866716464 | 6.130361609028878 | 5.558308915094553 | 5.043813721223619
Macedonia | 1 | NA | NA | NA | NA | NA | NA | NA | NA | 4.822857142857143 | 4.822857142857143
Malawi | 7 | 18.375086187083426 | 10.64034151547492 | 10.87572631329301 | 17.80530973451327 | 7.1874344355758275 | 5.558536155202822 | 2.0463271051958025 | 3.024262691493905 | 1.0856665518429214 | 1.3770237685153293
Malaysia | 937 | 18.868206471194 | 10.7361963190184 | 16.43890599627708 | 27.95652173913044 | 23.491464203321595 | 14.247308671948005 | 1.4393386584832886 | 1.3578892187834644 | 2.518576479234596 | 1.988683951410798
Mali | 1 | 8.734939759036143 | 8.734939759036143 | 8.734939759036143 | 8.734939759036143 | NA | NA | NA | NA | 2.6268115942028984 | 2.6268115942028984
Malta | 23 | NA | 20.75 | 23.1487029180296 | 28.27586206896552 | NA | 30.79204678386426 | 1.2844519541135644 | 1.1840614890769527 | 45.52771133465906 | 31.475951040537108
Marshall Islands | 3 | NA | NA | NA | NA | NA | NA | 2.2200218660395654 | 1.9640889381540771 | NA | NA
Mauritius | 78 | 19.617932387337518 | 9.72176759410802 | 15.96182085168869 | 26.06015037593985 | 26.42733218660078 | 17.87284028123074 | 0.99224950694399 | 1.0024994856095588 | 2.1658016519396175 | 1.7004509718672198
Mexico | 118 | 16.524431583651907 | 9.402173913043478 | 13.72221716286641 | 22.2293986636971 | 18.865927731067544 | 11.168878797783114 | 2.034040665249623 | 1.6863316676183278 | 2.067669110963877 | 1.3907617901662934
Monaco | 10 | NA | 10.41722972972973 | 15.69684210526316 | 47.34828496042216 | 44.41385070123948 | 13.730891713340267 | 0.8620715052555363 | 0.9486791309237363 | 5.589250419590404 | 2.265504232005774
Mongolia | 2 | 1.8541300527240772 | 1.250570515746235 | 1.250570515746235 | 1.250570515746235 | 14.105720194246503 | 8.523174921688147 | 0.4942670447540377 | 0.6746081399243339 | 2.5393665885670997 | 1.1970737533592117
Montenegro | 1 | NA | NA | NA | NA | NA | NA | NA | NA | NA | NA
Morocco | 65 | 21.475737804769754 | 15.09615384615384 | 18.3987915407855 | 21.93193717277487 | 28.723791746000472 | 21.516025358014076 | 2.6329548327472563 | 1.8523216644758471 | 4.00035124150265 | 2.7366646493975018
Mozambique | 1 | NA | NA | NA | NA | NA | NA | 0.3336448598130841 | 0.35158032788905674 | 0.2510366863244983 | 0.2318181818181818
Myanmar | 1 | NA | NA | NA | NA | NA | NA | 1.1646778042959427 | 1.2054182792497763 | NA | NA
Namibia | 4 | 13.902931283037 | 11.80598802395209 | 14.39650050548254 | 26.95473251028806 | 38.674688343735 | 30.556126315407695 | 2.7314954682779455 | 2.3792338194739187 | 4.275802800073997 | 3.8913248150638866
Netherlands | 139 | 24.93024339678853 | 11.74830653717457 | 18.09606481481481 | 27.38248244674521 | 21.67432254162027 | 10.74224021972972 | 1.8806982752312564 | 1.6407013941875948 | 1.4463912361540283 | 1.0043362876041146
Netherlands Antilles | 1 | NA | NA | NA | NA | NA | NA | NA | NA | NA | NA
New Zealand | 139 | 19.398803955354868 | 10.14285714285714 | 14.26018808777429 | 23.5158371040724 | 19.38503058663119 | 12.758970230174066 | 1.8661953493869772 | 1.665633643858728 | 2.1129503410314956 | 1.5866363969827777
Niger | 1 | 9.524590163934427 | 9.524590163934427 | 9.524590163934427 | 9.524590163934427 | NA | NA | NA | NA | 3.7006369426751595 | 3.7006369426751595
Nigeria | 138 | 6.394775851809433 | 4.869991289198607 | 7.670536209632679 | 18.62815884476534 | 16.475315370803393 | 12.313433623752356 | 1.697522751262779 | 1.6521247876089418 | 1.860532758308364 | 1.660480363716749
Norway | 204 | 20.634317550725 | 5.029201101928375 | 11.74692118226601 | 19.55152504079327 | 24.92188107916832 | 11.655990897142756 | 1.662812978769232 | 1.29823670902866 | 2.8632729064482914 | 1.5212395973029815
Oman | 62 | 11.97422532210326 | 9.903345724907062 | 10.95317278287462 | 16.37888198757764 | 19.74282967226541 | 11.179265550996877 | 0.9729797239723533 | 0.9856506515871045 | 1.5818128378557308 | 1.3099737074146156
Pakistan | 401 | 9.012273938154372 | 6.363636363636363 | 9.56060606060606 | 15.29219409282701 | 10.32790688241863 | 11.038550886514788 | 1.7472121004416525 | 1.444931164092293 | 1.1221446792818435 | 0.8073999255395088
Palestinian Authority | 27 | 13.945307568746443 | 10.82089552238806 | 13.67590226764612 | 20.69408740359897 | 9.735323928393031 | 5.3632824300772 | 1.2588038822743526 | 1.933138602730879 | 0.7384984939321052 | 1.6509875425949252
Panama | 6 | 14.716055903144555 | 8.376543209876543 | 14.17536813922356 | 15.6722268557131 | 13.906899709352047 | 11.178837978544754 | 0.9378764104874502 | 0.9739661823306716 | 4.393079526857847 | 1.772768873118806
Papua New Guinea | 5 | 42.21703518227729 | 12.90933694181326 | 14.19452086943062 | 47.96326952922917 | 22.250221549015947 | 12.458102989486408 | 1.906627464359506 | 1.562011006990293 | 8.366072104180656 | 6.258123368248874
Peru | 58 | 17.616565183271433 | 8.987089201877934 | 14.79859894921191 | 25.45260663507108 | 17.278619612242235 | 11.813543336041695 | 2.0155053584793077 | 1.8515949689478426 | 2.1531965161302704 | 1.8567796668398644
Philippines | 242 | 21.382577133989866 | 11.67084639498433 | 19.39365101757033 | 38.97360703812317 | 16.826708418387803 | 11.940731207166355 | 1.7506499452963236 | 1.5207502619238353 | 2.619809342459442 | 1.9036924313224557
Poland | 753 | 16.749709744312618 | 8.342342342342342 | 14.02610114192496 | 25.7051282051282 | 16.926236337499603 | 10.582298116451089 | 1.3666309775294614 | 1.31886540222417 | 1.47947051771078 | 1.1282741132663534
Portugal | 46 | 14.131056805215271 | 10.1751503006012 | 12.36204633228153 | 20.18248175182481 | 21.26127739380221 | 10.957074728191952 | 1.3452242628966458 | 1.257150817887138 | 1.4784541032348228 | 0.8153436098044509
Qatar | 45 | 13.26153054939174 | 10.88740458015267 | 13.52597690362608 | 23.11571551476914 | 46.62251578762147 | 24.240142230114543 | 1.2185692507523682 | 1.1554746462340522 | 5.054847274786756 | 3.3603130955915654
Reunion | 1 | 6.6683673469387745 | 6.668367346938775 | 6.668367346938775 | 6.668367346938775 | 8.752214595000266 | 5.238188893335522 | 1.9277286135693215 | 1.3477573996341776 | 1.468659445691171 | 0.7434584755403867
Romania | 77 | 9.193784515403632 | 7.994100294985251 | 11.72555205047319 | 16.56716417910448 | 9.073720833252944 | 5.721053507644442 | 0.9033522516093289 | 0.9055025034560789 | 1.265982409137723 | 1.3134139625566363
Russia | 197 | 6.644323081431071 | 3.898814749780509 | 6.84211078296768 | 11.69898379566053 | 8.36428175031449 | 5.368846117626069 | 0.7006586951770696 | 0.7756867358683425 | 1.054042103542707 | 0.7474385046822699
Saint Lucia | 2 | NA | NA | NA | NA | NA | NA | 1.049346879535559 | 1.036760730889826 | NA | NA
Saudi Arabia | 186 | 16.214480853042534 | 12.04823580034423 | 15.95248606465998 | 26.37119113573407 | 27.084151564737617 | 13.462425560853498 | 1.546711054874522 | 1.4073209038479906 | 3.3045965789474265 | 2.6778147320891645
Senegal | 4 | 13.714438181636261 | 11.53354632587859 | 12.38424586184725 | 13.23494539781591 | 8.381923159170292 | 5.800468615119004 | 4.187372708757637 | 4.159900946316442 | 2.189350214112828 | 2.105380748463973
Serbia | 51 | 7.352361133598943 | 4.297356828193832 | 9.600000000000001 | 15.38349514563107 | 7.799868019520491 | 5.235439971421449 | 0.750688361807302 | 0.7904349527139658 | 0.9573157182252579 | 0.7643538128285436
Singapore | 583 | 17.71445981812824 | 9.819209039548024 | 15.04566210045662 | 24.45714285714286 | 28.354851654802296 | 17.44727698610922 | 1.3029128838025015 | 1.2767110034989864 | 2.55045429691425 | 1.8198398190721614
Slovakia | 14 | 12.858787186470426 | 11.09818569903949 | 13.67614879649891 | 22.48152059134108 | 32.284485455233984 | 21.715437561441405 | 1.5517303695671822 | 1.2708827008385832 | 2.534047519245062 | 1.4824341632438378
Slovenia | 28 | 12.361545285971573 | 6.918300653594771 | 8.8061797752809 | 13.58812729498164 | 12.747567892255912 | 6.4852549581117716 | 0.8885046744318436 | 0.9425847167840673 | 0.6443986947050591 | 0.44429930337991275
Solomon Islands | 1 | NA | NA | NA | NA | NA | 6.522442731863583 | 15.671641791044776 | 14.559687681125371 | 308.17351681279536 | 306.56934306569343
South Africa | 283 | 21.057156415651775 | 8.31304347826087 | 13.19638648860958 | 22.15859897678079 | 25.210537109856194 | 15.184465318432043 | 2.201041014026298 | 1.883570082112586 | 2.3305660820789442 | 1.8907070807237751
South Korea | 2123 | 14.097079001348447 | 10.0328947368421 | 16.74242424242424 | 32.88617886178862 | 15.328649666256766 | 9.839208833107934 | 1.1104032281244722 | 1.0824566646645488 | 1.2702886375765325 | 0.7853354537554875
Spain | 176 | 15.920637752254004 | 13.13414634146342 | 17.20054863569315 | 27.89345172031076 | 31.248047367697787 | 17.251289372206923 | 1.4659478059279496 | 1.296631847563452 | 2.8598503364402856 | 1.4353622510665256
Sri Lanka | 262 | 10.211846637938494 | 5.918367346938775 | 9.468954999878967 | 15.53030303030303 | 18.6311204080509 | 12.591533236959503 | 1.0355010065714803 | 1.0222677174415744 | 1.6512013712566957 | 0.9198368295160987
Sudan | 2 | 4.249594813614262 | 3.503030303030303 | 4.012577098417806 | 4.522123893805309 | 3.805486284289277 | 2.338100102145046 | 0.3747855917667238 | 0.5113941018766756 | 0.859395532194481 | 0.49220949877980097
Sweden | 601 | 14.624741690147559 | 11.08294930875576 | 18.05854708385156 | 28.38607594936709 | 28.090936374272044 | 20.951804703074977 | 2.0428892827679093 | 1.449630616919429 | 3.163741458415735 | 1.6868286653413715
Switzerland | 266 | 18.23814261827056 | 16.05952380952381 | 22.41186229780174 | 32.01728395061728 | 23.707778638906284 | 16.42132709502403 | 2.1243672765519497 | 1.854719964021111 | 2.335232641397141 | 1.7483616748875643
Taiwan | 1873 | 16.875442122685552 | 12.77969762419006 | 17.63782225853304 | 28.11188811188811 | 19.403908085815683 | 10.594689538770332 | 1.7283556212056292 | 1.5221077578918825 | 1.396621879118005 | 1.1032520873293317
Tanzania | 13 | 19.242756811789274 | 8.583798882681565 | 9.808695652173913 | 24.4089068825911 | 21.410392275885126 | 12.6052728877578 | 3.0729254790005816 | 2.6479855493953854 | 2.8102788327441344 | 2.5919554656811474
Thailand | 700 | 19.660400986006135 | 13.35135135135135 | 19.40886699507389 | 35.40372670807454 | 26.282755317063433 | 14.801798113911426 | 2.0353729179440316 | 1.7381545019856135 | 2.202703418918438 | 1.712427341727849
Togo | 1 | NA | NA | NA | NA | NA | NA | 0.5587454527578408 | 0.5463229719484458 | 1.1292310906811533 | 1.1874216464688674
Trinidad & Tobago | 21 | 15.022078103715959 | 11.07680250783699 | 14.86061857175303 | 20.19448946515397 | 19.97509967309926 | 15.781848305372392 | 1.6235335213271347 | 1.6784283918418865 | 1.9822080383318468 | 2.04837174268406
Tunisia | 77 | 17.897298439859092 | 9.378427787934186 | 12.93981900452489 | 20.93908629441624 | 29.00841870872913 | 16.29149135397865 | 7.715283328169842 | 3.7498124797059793 | 1.731540866738973 | 1.4552618854389727
Turkey | 397 | 10.773766336002131 | 7.494923857868021 | 10.91364631151916 | 21.17647058823529 | 26.52962242210834 | 18.65688792892784 | 1.3018245933037274 | 1.1431738869660004 | 2.063315317133016 | 1.0305530336077937
Turks & Caicos Islands | 1 | NA | NA | NA | NA | 0.09909909909909909 | 0.07565337001375516 | 0.026865671641791048 | 0.013864381144441643 | 0.008112094395280236 | 0.01592920353982301
Uganda | 7 | 7.382739757914338 | 5.715328467153284 | 7.63036417662912 | 10.91185410334346 | 30.58692130935961 | 15.125636818526237 | 1.3494601733827363 | 1.368692590931454 | 1.054814146555119 | 1.097005245863838
Ukraine | 16 | 111.19578095035153 | 5.346007604562737 | 8.296515937731654 | 12.49134948096886 | 110.00639482761646 | 10.657265809527257 | 0.9568196819902018 | 0.9993157884654823 | 0.5451861274185211 | 0.4486229461970689
United Arab Emirates | 95 | 20.275374939396755 | 7.01834862385321 | 11.86227359442154 | 15.83945435466947 | 25.028221287405415 | 16.52202151865347 | 1.3215251835980681 | 1.2637295830144732 | 4.326777372058639 | 3.277934734616116
United Kingdom | 1328 | 24.14045535308014 | 12.2508038585209 | 20.6217294917439 | 35.2620578778135 | 23.747132780953706 | 14.392188394662709 | 2.035597836322994 | 1.6543324018919716 | 2.3379329991207447 | 1.4834399612410736
United States | 7247 | 25.911996473485917 | 15.40905057675244 | 21.78981191222571 | 34.37974683544304 | 29.11371512954898 | 18.189220590969853 | 3.0205316752209126 | 2.0957806234421263 | 3.102822247592842 | 2.0483232084273713
Uruguay | 3 | 32.1945046999277 | 26.97037037037037 | 26.97037037037037 | 26.97037037037037 | 21.508523533994516 | 8.544650253316188 | 4.788624612202689 | 2.138680985012441 | 1.0510337954143638 | 0.7072972313283216
Vietnam | 685 | 20.13974350742503 | 7.141148325358852 | 10.715859030837 | 16.93582887700535 | 24.149809767037915 | 17.88874704148197 | 2.596194684585505 | 2.2990961278053414 | 2.0419042308395463 | 1.8461555138975465
Zambia | 12 | 19.383139848023724 | 12.33870967741936 | 13.75 | 16.34366925064599 | 9.688244663048788 | 6.292578584132609 | 2.2704296866092535 | 1.9206508346880335 | 1.3238575180262782 | 1.1287884513642206
Zimbabwe | 9 | 30.857226489653513 | 21.00389105058366 | 27.20183486238532 | 33.86524822695036 | 20.326071504779613 | 12.173172938122473 | 3.646797565044665 | 3.657454296912664 | 2.445592568836767 | 2.4281680722220162
