Source: http://www.stern.nyu.edu/~adamodar/pc/blog/debtcountry2017.xlsx

Sheet: Sheet1
Country | Book D/E | Book D/(D+E) | Market D/E | Market D/(D+E) | Debt/EBITDA
Anguilla | NA | NA | 0.022047906971825366 | 0.02157228327696498 | NA
Argentina | 1.7223378830337914 | 0.6326686682677342 | 0.6921207529428529 | 0.4090256275972921 | 3.6654688958282793
Australia | 0.7415336873607359 | 0.425793478898773 | 0.3762475091139328 | 0.2733865141424827 | 3.197869579512598
Austria | 0.6910593784145161 | 0.4086547091341237 | 0.5980293720432918 | 0.3742292741957754 | 2.5649053208798187
Azerbaijan | 0.5562579013906448 | 0.35743298131600326 | 1.3173652694610778 | 0.5684754521963824 | 1.8106995884773662
Bahamas | 0.43084011980525194 | 0.30110989609649225 | 0.6186038450588774 | 0.38218360035860127 | 3.4785281854017143
Bahrain | 0.19154559713571895 | 0.16075389611288338 | 0.2682101649477328 | 0.21148715911671206 | 1.2877422581469664
Bangladesh | 0.5557003022477852 | 0.35720267036322506 | 0.208627228527967 | 0.17261503266152792 | 2.5138615482926587
Barbados | 0.5576326094049683 | 0.3580000868227776 | 0.7341538940376372 | 0.4233499094640925 | 2.898231834627076
Belgium | 1.3586226089951396 | 0.5760237368257752 | 0.46794171453053035 | 0.31877404252401476 | 4.930488836846844
Bermuda | 0.5948862172284849 | 0.37299602366759993 | 1.0174106565073207 | 0.5043150997669119 | 4.962267045142151
Botswana | 0.41116407529131715 | 0.2913651803433541 | 0.1759307822159963 | 0.14960981111869653 | 1.3637634958206777
Brazil | 1.0302136182435138 | 0.507440994871676 | 0.5448816577434128 | 0.35270122796286796 | 3.7671223350230734
British Virgin Islands | 0.625339540156886 | 0.38474394100848924 | 0.9377346450646016 | 0.48393346707868695 | 7.546013381771312
Bulgaria | 0.3336600891306246 | 0.2501837551036923 | 0.3121185034205525 | 0.23787371537471116 | 3.0780768940915606
Burkina Faso | NA | NA | 0 | 0 | NA
Cambodia | 0.021156412620070335 | 0.020718092114593373 | 0.012865325707117983 | 0.01270191147883973 | 0.07415340211495514
Cameroon | NA | NA | 0.00019233576171450153 | 0.00019229877578298455 | 0.001247412628513321
Canada | 0.9866180265959783 | 0.49663197121316993 | 0.5321253199186093 | 0.34731187651600015 | 4.50086492787541
Cayman Islands | 1.3191755405840824 | 0.5688122858745954 | 0.5140721535743003 | 0.33952949491919515 | 4.692615020912109
Channel Islands | 0.5360815986608968 | 0.34899291751703443 | 0.4037820395400509 | 0.2876386990051177 | 3.433761290265731
Chile | 0.7882276680400667 | 0.4407870888744161 | 0.7504392550463569 | 0.4287148227982827 | 3.9968528044256675
China | 0.752665566082279 | 0.42944049375301363 | 0.35779936603990486 | 0.2635141648971645 | 4.666565059518774
Colombia | 0.7835673651136815 | 0.4393259152640631 | 0.7763403601801587 | 0.4370448240569286 | 3.354170550815942
Croatia | 0.3864068507128222 | 0.27871100789364306 | 0.2779763796244649 | 0.21751292438295977 | 3.2960209173262793
Curaçao | 0.604897050578018 | 0.3769070734849683 | 0.3952135413812145 | 0.28326383715425124 | 2.2791026367866145
Cyprus | 1.0738804866001392 | 0.5178121369764312 | 2.3881199203115666 | 0.7048510609069465 | 5.920987534059035
Czech Republic | 0.5544106639773668 | 0.356669364683051 | 0.5040549948620747 | 0.3351306944120735 | 2.39663762955154
Denmark | 0.6738297495301016 | 0.4025676743523452 | 0.21038243205262744 | 0.17381484271533115 | 1.7740544176838475
Dominican Republic | NA | NA | 0 | 0 | NA
Ecuador | NA | NA | 0 | 0 | NA
Egypt | 0.6566613467076284 | 0.39637633123549754 | 0.8211918660394335 | 0.45090903454630993 | 2.8293722359721336
Estonia | 0.7100972539889118 | 0.4152379359317514 | 0.6146313489998145 | 0.38066357957223407 | 3.0545213229585513
Falkland Islands | 0 | 0 | 0 | 0 | NA
Finland | 0.5710235858733111 | 0.36347231894414034 | 0.30243737394084225 | 0.23220876488344627 | 2.6861406659470153
France | 0.9425012706371119 | 0.48519982194296596 | 0.5810251997718208 | 0.36749901257467393 | 3.5272473650226766
Gabon | 0.2049360689860244 | 0.17008045012585757 | 0.46485903143126944 | 0.3173404549221844 | 1.68921568627451
Georgia | 0.4092585194129027 | 0.290406986209599 | 0.16030863663639044 | 0.1381603407702867 | 2.8878075603528575
Germany | 1.078229990201208 | 0.5188213023991713 | 0.5375396160219117 | 0.34961025421425707 | 3.2221731758162067
Ghana | 0.7325056351341526 | 0.4228013001974638 | 0.27196010015455113 | 0.2138118169913555 | 1.6857398637907666
Gibraltar | 0.12501098742178524 | 0.11111979244600619 | 0.018639008105959046 | 0.01829795242243483 | 0.29690904398106205
Greece | 1.079312456501694 | 0.5190717985297727 | 1.442869027054354 | 0.5906452663138415 | 4.428698872153651
Hong Kong | 0.5194595831631008 | 0.3418712737865179 | 0.5680325769010899 | 0.36225814773803694 | 3.6002752808941376
Hungary | 0.42342051278845644 | 0.29746691788147894 | 0.4084471639585463 | 0.2899982153470173 | 1.5178946270631577
Iceland | 0.9584484971606532 | 0.48939172949924703 | 0.4516030143261819 | 0.31110641812480044 | 3.6612235741632366
India | 0.949178762725354 | 0.4869634231999359 | 0.25024285111343486 | 0.20015539452241207 | 2.2340021430911605
Indonesia | 0.7677384090358444 | 0.43430544084550526 | 0.3125965262970647 | 0.2381512673806348 | 3.05946581551845
Ireland | 0.6975933506825714 | 0.4109307746770343 | 0.37201123899415556 | 0.271142996807288 | 3.7997299519575543
Isle of Man | 0.4586898214233932 | 0.3144532954756636 | 0.2564715757032341 | 0.20412047567386443 | 2.0065291317528766
Israel | 1.3944220493464694 | 0.5823626831899001 | 0.8634355195416135 | 0.46335680010758307 | 5.763354701335613
Italy | 0.9884320992840158 | 0.4970912004689148 | 0.7533579018999826 | 0.429665786479546 | 3.3209150842808826
Ivory Coast | 0.35906622627778095 | 0.2642006837747663 | 0.017351971236956944 | 0.017056015742378115 | 0.20217494089834512
Jamaica | 0.8746565970952715 | 0.46656896972519 | 0.3936746136398523 | 0.2824724005065246 | 2.895596946554659
Japan | 0.7069227429041194 | 0.4141504036095841 | 0.5632083988768829 | 0.3602900286881332 | 3.143161316711785
Jordan | 0.41117299560231707 | 0.2913696597679154 | 0.346466108769215 | 0.25731513516215765 | 2.5708936409936953
Kazakhstan | 0.20949287008322987 | 0.1732071972187929 | 0.2769478419988168 | 0.21688265792070888 | 1.0947715350916551
Kenya | 1.07499036169795 | 0.5180700506089546 | 0.3188412659453767 | 0.24175863629564529 | 1.824543134514089
Kuwait | 0.8232856344961593 | 0.45153958267414496 | 0.9185908481680664 | 0.4787841290107096 | 5.763140220487754
Kyrgyzstan | 0.00377391767432032 | 0.0037597287674740985 | 0.003190510111140367 | 0.0031803631304156777 | NA
Laos | 0.46811151904040466 | 0.3188528343857518 | 0.5343968415607745 | 0.3482781162513283 | 6.137073260839997
Latvia | 0.2110037453855672 | 0.17423872237355176 | 0.35266831024632384 | 0.2607204645624485 | 1.5592981933945549
Lebanon | 0.32352217354924445 | 0.24444031238378577 | 0.33220458910340644 | 0.24936454341970485 | 4.294113804141896
Lithuania | 0.6433239932229583 | 0.39147727160074103 | 0.5567901011176256 | 0.35765264740436353 | 3.1414637543759993
Luxembourg | 0.9361869957012804 | 0.4835209604133286 | 0.5872944539139651 | 0.36999716874572897 | 3.9663050889652878
Macau | 1.06575150419823 | 0.5159146693260547 | 0.12549280643599472 | 0.11150031854346759 | 2.3711968935632437
Macedonia | NA | NA | 0 | 0 | NA
Malawi | NA | NA | 0 | 0 | 0
Malaysia | 0.6568770780406288 | 0.39645492520026365 | 0.5265792926235903 | 0.3449406756452246 | 4.037923885808839
Malta | 0.8036921862813301 | 0.44558167540676724 | 0.36755740806902665 | 0.26876927133027123 | 5.241776611036447
Marshall Islands | 2.073776470844896 | 0.6746672994978299 | 3.8726008659626423 | 0.7947707954112434 | 5.901806925419552
Mauritius | 0.40084527471743475 | 0.286145288099922 | 0.5753151575995644 | 0.3652063873213909 | 4.5558483642228556
Mexico | 1.009083578418194 | 0.5022606273118179 | 0.48757359586153204 | 0.3277643521086784 | 3.0195807984940095
Monaco | 1.3319827500194408 | 0.5711803614363513 | 2.1915407034402263 | 0.6866717072033329 | 7.516316429163291
Mongolia | 4.717970596253175 | 0.8251127767856534 | 1.6555285476050916 | 0.6234271324622522 | NA
Montenegro | NA | NA | 0 | 0 | NA
Morocco | 1.0978674181511465 | 0.5233254535783288 | 0.28556336655437126 | 0.22213091472865468 | 2.6750362297176347
Mozambique | 0.23738476468338615 | 0.19184393687288254 | 2.090872430654991 | 0.6764667509140491 | NA
Namibia | 0.3855049101899377 | 0.2782414608239022 | 0.17013407757298468 | 0.1453970795602036 | 1.1988823570024127
Netherlands | 0.9897583517300113 | 0.4974264090257282 | 0.5000049167475739 | 0.3333355185473145 | 3.9334114440761185
Netherlands Antilles | NA | NA | 0.027986348122866895 | 0.027224435590969456 | NA
New Zealand | 0.6990402861524284 | 0.41143243738819407 | 0.41680678186082926 | 0.29418745533769725 | 3.1651270945654186
Nicaragua | NA | NA | 0 | 0 | NA
Nigeria | 0.6919898848267365 | 0.4089799182798293 | 0.28732714147463667 | 0.22319667799864973 | 2.8426851165678535
Norway | 1.0625996324422693 | 0.5151749354207309 | 0.6734986627801229 | 0.40244947770753753 | 2.969260301816269
Oman | 0.9042586552833769 | 0.47486125520527683 | 0.5459968521760868 | 0.3531681525790704 | 2.7970386881844793
Pakistan | 0.5884257039011166 | 0.3704458461330386 | 0.23141580392361408 | 0.1879266151906306 | 2.063183224118417
Palestinian Authority | 0.2168061780321313 | 0.17817642772225165 | 0.17859479722821767 | 0.1515319748977607 | 1.1019162297793603
Panama | 1.3668572293088768 | 0.5774988082859563 | 3.3305865584282603 | 0.769084398497062 | 8.7824002105999
Papua New Guinea | 0.959723307254346 | 0.48972388280616935 | 0.5642506198462488 | 0.3607162514033137 | 5.165707468468394
Peru | 0.655334664156383 | 0.3958925517278191 | 0.44015319565244176 | 0.305629426772918 | 2.8575903750431486
Philippines | 0.9522739908018962 | 0.4877768157996869 | 0.6205813246496371 | 0.3829374775646043 | 3.951967103103421
Poland | 0.4577349981498224 | 0.3140042591628698 | 0.4483694886341469 | 0.30956844379328363 | 2.532081200711065
Portugal | 1.437183931507953 | 0.5896903852548904 | 1.0547243640662163 | 0.5133167165930517 | 4.850089845258473
Qatar | 0.6746534748114967 | 0.40286153819818604 | 0.46114308207648974 | 0.3156043290580007 | 4.878329833926701
Reunion | 2.195423583386295 | 0.6870524442520802 | 1.73241685226792 | 0.6340236303366396 | 4.755162512978516
Romania | 0.15882477880226548 | 0.13705676794935565 | 0.24255550207455623 | 0.19520697600194792 | 0.6529806815735365
Russia | 0.4520553581414129 | 0.3113210220304755 | 0.643930340483166 | 0.3917017191214495 | 2.125995402852297
Saudi Arabia | 0.8959798665174965 | 0.4725682389039379 | 0.5304125149084573 | 0.3465814019040378 | 4.413471929356382
Senegal | 0.28452845284528455 | 0.22150420429772655 | 0.06877961512426264 | 0.06435341220113552 | 0.35763670647391577
Serbia | 0.4954089456753064 | 0.33128660030289336 | 0.5604793295916899 | 0.3591712616522406 | 2.6894128286766104
Singapore | 0.6767686749339967 | 0.40361481285463346 | 0.6216958924565268 | 0.38336157558787964 | 5.6208858707453135
Slovakia | 0.2547964389361089 | 0.2030579869609293 | 0.22141333077288003 | 0.18127633389491105 | 1.0445285197274583
Slovenia | 0.5948477737204629 | 0.3729809098537356 | 0.7420114352280099 | 0.42595095544300426 | 2.8936402825075307
South Africa | 0.6728500536649089 | 0.4022177912424472 | 0.3230086742273916 | 0.24414705702214815 | 2.7254692458430685
South Korea | 0.5511468292290669 | 0.3553157050277384 | 0.5988996182962498 | 0.37456986757831817 | 2.625395009583504
Spain | 1.2857204243017484 | 0.562501174960851 | 0.7038330302579872 | 0.41308803019942375 | 4.633863098160066
Sri Lanka | 0.6411987581988488 | 0.39068927818501353 | 0.5628823834366805 | 0.36015658593510885 | 3.051808029686167
Sudan | 0.5490909090909091 | 0.3544600938967136 | 1.5558099599313109 | 0.6087346024636059 | 1.6314525810324132
Sweden | 0.7304900764095786 | 0.42212901788214796 | 0.331164250395459 | 0.24877790272468445 | 3.0096970801426974
Switzerland | 0.6098247321714909 | 0.3788143640636574 | 0.23245034554068741 | 0.18860828461101958 | 2.3951940295546694
Taiwan | 0.6599111564238312 | 0.3975581186197737 | 0.40573853457579506 | 0.28863015745544274 | 2.8518788079363313
Tanzania | 0.20289202560126093 | 0.1686701892464921 | 0.04878526763965127 | 0.046515973426519606 | 0.4684096424718907
Thailand | 0.7904654944866202 | 0.44148602523796204 | 0.39819591983228114 | 0.28479264900161216 | 3.192811956027881
Trinidad & Tobago | 0.18232990122513615 | 0.15421237425882994 | 0.09940457521562236 | 0.09041673780202933 | 1.2692406398121863
Tunisia | 1.1720756288083254 | 0.5396108741625013 | 0.2910746294264519 | 0.2254514361851872 | 2.409482073946721
Turkey | 0.9089178955518575 | 0.4761430010530099 | 0.8184921585104853 | 0.45009386192839385 | 5.033834843202009
Turks & Caicos Islands | 0.0028103044496487124 | 0.0028024287716020557 | 0.10434782608695652 | 0.09448818897637795 | 0.01016949152542373
Uganda | 1.0608899297423886 | 0.5147727272727273 | 0.7803617571059431 | 0.43831640058055155 | 2.1653919694072656
Ukraine | 0.511281593365356 | 0.33830994541978276 | 0.607736272018837 | 0.3780074397747471 | 1.4929541689889145
United Arab Emirates | 0.7451808188247359 | 0.42699347298955875 | 0.48950017513553273 | 0.32863384866067036 | 3.4134483371361832
United Kingdom | 1.1149111872728623 | 0.5271669061009219 | 0.4937577836725177 | 0.33054742145582433 | 3.59535066643651
United States | 1.1496768603666332 | 0.5348138046062201 | 0.35688868752131137 | 0.26301987097648794 | 3.4577255182989792
Uruguay | 3.693769922895641 | 0.7869516366530619 | 1.0969633124858824 | 0.5231199353628498 | 3.1001610952469867
Venezuela | 0.08656761124807852 | 0.07967070834059117 | 0.06258045786922575 | 0.05889479465368418 | NA
Vietnam | 0.6864653393608648 | 0.40704384687859696 | 0.3481013214401988 | 0.2582159930444371 | 3.231536935068772
Zambia | 0.1430516169882395 | 0.1251488689243605 | 0.4476926332833086 | 0.30924563888120343 | NA
Zimbabwe | 0.20469706328201556 | 0.16991579835377804 | 0.09848136408450602 | 0.08965228478553403 | 0.8827277204260192
