Source: http://www.stern.nyu.edu/~adamodar/pc/blog/IndustryDebt2020.xlsx

Sheet: Raw Data
Industry Group | count | sum(Trailing Net Income) | sum(Trailing Operating Income (adj for leases)) | sum(Trailing Revenues) | sum(Total Debt incl leases (in US $)) | sum(Book Value of Equity - 4 qtrs ago) | sum(EBITDA) | sum(Trailing EBITDA (adj for leases)) | mean(Effective Tax Rate) | sum(Current Invested Capital) | sum(PV of lease debt) | sum(Total Debt) | sum(Cash) | sum(Interest expense) | sum(Interest Income) | sum(EBIT) | sum(Debt Repaid) | sum(Debt Issued) | q1(Market Debt to capital ratio) | median(Market Debt to capital ratio) | q3(Market Debt to capital ratio) | q1(Book Debt to capital ratio) | median(Book Debt to capital ratio) | q3(Book Debt to capital ratio) | sum(Current Book Value of Equity) | sum(Market Cap (in US $))
Advertising | 312 | 5678.112000000001 | 13181.48556566917 | 145135.9180000001 | 90560.05617165417 | 77491.44200000002 | 18053.62600000001 | 21335.323 | 0.1625162113572115 | 76903.08917165404 | 17028.67717165417 | 73531.379 | 26112.57599999999 | 2526.935999999999 | 885.6180000000003 | 12674.92500000001 | 19064.15700000002 | 21406.592 | 0.004712428319990915 | 0.09565125209067754 | 0.3064748201438849 | 0.05269184461984944 | 0.2093171665603063 | 0.41796875 | 83290.61099999996 | 128055.322
Aerospace/Defense | 238 | 43173.564 | 69808.10185311642 | 725328.5369999999 | 301430.288734418 | 195933.424 | 90162.23499999997 | 98011.33799999997 | 0.1135587674647699 | 256942.4597344179 | 23308.71073441805 | 278121.578 | 75070.20400000001 | 10424.914 | 1612.512 | 69640.74100000002 | 63691.21499999999 | 76464.76999999999 | 0.01130696283165424 | 0.1207633414424349 | 0.2784621304655123 | 0.08470927720958393 | 0.2895006339980249 | 0.4792470391414025 | 235814.1199999999 | 880460.6929999999
Air Transport | 159 | 31952.41200000001 | 52317.22144199468 | 670330.2840000002 | 602607.6627900267 | 272154.0359999998 | 102907.106 | 133905.7320000001 | 0.1607994844267989 | 778273.7177900263 | 167877.9577900266 | 434729.7050000001 | 71585.676 | 15088.93 | 2911.442 | 56716.77599999999 | 97825.952 | 87773.62599999995 | 0.1519607843137255 | 0.4233739488587609 | 0.7152717875610104 | 0.3554142818403179 | 0.6088113387075513 | 0.7515479876160991 | 282385.3919999999 | 383592.0339999999
Apparel | 1161 | 35031.88099999998 | 69007.73566502516 | 584008.5579999994 | 306721.1016748741 | 295364.9639999996 | 84302.737 | 102551.435 | 0.1471966318820909 | 512303.0426748738 | 70956.47667487412 | 235764.6249999999 | 70251.54100000003 | 7444.259000000001 | 2184.223 | 67380.20599999995 | 90245.56399999984 | 87073.46500000004 | 0.08049060942889996 | 0.3282710280373832 | 0.6092026473369051 | 0.1367989056087551 | 0.3470826670564508 | 0.531496062992126 | 368449.9689999999 | 801536.8229999981
Auto & Truck | 134 | 81058.049 | 105554.5249847077 | 2191929.54 | 1219906.037076461 | 948514.487 | 201695.5910000001 | 195411.722 | 0.1357179244622655 | 1926286.407076461 | 20363.71007646128 | 1199542.327 | 300270.309 | 12644.86799999999 | 3509.201 | 104911.044 | 450473.8949999999 | 494530.39 | 0.0194942943411549 | 0.2623972779985261 | 0.4904080807366584 | 0.05892296546727844 | 0.3089380486864382 | 0.5160165673006302 | 1031834.981 | 924821.8019999994
Auto Parts | 682 | 26912.51500000002 | 48234.29923737494 | 895530.4720000002 | 215179.2268131252 | 386745.1 | 92628.17799999987 | 91619.08799999997 | 0.1744893042492342 | 509667.9618131249 | 13139.60381312525 | 202039.6229999999 | 92394.91599999994 | 6790.549000000005 | 4578.526999999996 | 47816.65699999997 | 76467.84800000003 | 89973.74399999996 | 0.06039076376554174 | 0.2411022146507666 | 0.5183530162783275 | 0.1176505731657602 | 0.3090192671781601 | 0.4820593868437167 | 426383.3480000001 | 426602.9459999999
Beverage (Alcoholic) | 216 | 44061.46900000001 | 72876.41779151603 | 337075.155 | 274484.99004242 | 286071.541 | 88932.189 | 92170.299 | 0.1764016531539689 | 505655.6270424199 | 10600.73104242007 | 263884.259 | 54209.05400000001 | 9960.095999999998 | 3198.699 | 72806.68300000005 | 29376.27400000001 | 33696.81299999999 | 0.008414453060551065 | 0.1031911976812004 | 0.2920560747663551 | 0.04452145338687286 | 0.2137092910180841 | 0.4201174833525381 | 334715.5200000001 | 971366.3219999997
Beverage (Soft) | 94 | 25916.672 | 31830.25086455115 | 196631.854 | 125859.1086772443 | 96733.954 | 37602.13300000001 | 40652.17600000001 | 0.1073907472089848 | 145694.7346772443 | 4399.580677244292 | 121459.528 | 22573.987 | 3884.967 | 1016.74 | 31526.92200000001 | 41842.603 | 35704.523 | 0 | 0.07044080993232835 | 0.2226211849192101 | 0.06075318366721276 | 0.2456991514105538 | 0.5144927536231884 | 106077.279 | 577804.8949999999
Broadcasting | 138 | 24530.46 | 22882.78653490014 | 133531.548 | 115419.0033254993 | 77241.01900000001 | 29143.41499999999 | 31615.532 | 0.1709174400156804 | 156544.2453254993 | 10341.36732549935 | 105077.636 | 16242.835 | 4427.628999999999 | 578.2350000000001 | 22912.325 | 13426.277 | 34117.26399999999 | 0.03062324778951908 | 0.2641545701417363 | 0.5499703326472287 | 0.06781933764652874 | 0.2528524107471476 | 0.5320952023692617 | 109852.069 | 113544.293
Building Materials | 426 | 18723.74300000001 | 29543.20388024277 | 359615.5299999998 | 130977.7955987861 | 184200.811 | 42757.81400000002 | 46186.14400000001 | 0.1881642205222173 | 223915.831598786 | 11487.87559878618 | 119489.9200000001 | 33342.77099999998 | 3970.583999999998 | 969.8639999999995 | 28803.23599999999 | 46237.67799999998 | 46918.48800000003 | 0.04923076923076923 | 0.20805921515681 | 0.4436475409836065 | 0.09436493738819321 | 0.2805194805194806 | 0.4564755838641189 | 189382.9530000001 | 320233.7360000004
Business & Consumer Services | 868 | 28011.333 | 48619.14835558711 | 545350.020000001 | 230771.7092220644 | 197527.7010000001 | 64128.23400000004 | 106548.232 | 0.1726273071980028 | 238631.1352220644 | 29070.55822206449 | 201701.1510000001 | 56060.63600000008 | 7597.116999999995 | 1141.293 | 46724.97900000006 | 61879.34800000001 | 61508.56700000005 | 0.01269974799058356 | 0.1372828386245675 | 0.3502736141680584 | 0.08591296545536115 | 0.3210133321834062 | 0.5182119327683176 | 207962.45 | 687679.5340000007
Cable TV | 61 | 33986.23899999999 | 43807.97763886728 | 262435.573 | 380578.5458056635 | 177744.81 | 82765.091 | 87762.00900000002 | 0.1436926821404594 | 395472.1378056635 | 12371.06680566354 | 368207.479 | 28599.26699999999 | 17041.56199999999 | 1378.045000000001 | 43809.209 | 69877.04699999998 | 93579.173 | 0.05268947056044065 | 0.3234245631021431 | 0.4378965121951242 | 0.2338709677419355 | 0.378422952513729 | 0.5832542964832853 | 220410.124 | 463645.8869999999
Chemical (Basic) | 793 | 36622.67499999998 | 57193.26098082087 | 719383.2339999997 | 286824.1540958956 | 450345.5739999998 | 110701.53 | 95251.67700000003 | 0.1645181208144411 | 662254.1220958963 | 10376.89009589554 | 276447.2640000002 | 86800.05599999998 | 10058.243 | 4850.656 | 56959.57799999996 | 135936.3249999999 | 145093.9019999998 | 0.03237095363079615 | 0.1776061776061776 | 0.3917995444191344 | 0.0732120186203978 | 0.2560595575419018 | 0.4145114942528736 | 496565.0569999999 | 573692.0020000004
Chemical (Diversified) | 73 | 19407.17 | 21984.17367667651 | 258879.36 | 109488.2306166175 | 155067.55 | 40764.2 | 38066.677 | 0.1887568818456606 | 239984.2636166174 | 5965.066616617432 | 103523.164 | 20510.002 | 2743.082 | 765.5219999999999 | 21809.6 | 27161.15100000001 | 29894.10799999999 | 0.076012981897195 | 0.2343971326261524 | 0.4335215292881648 | 0.1851771589554665 | 0.3413457310628287 | 0.4437460581076174 | 173021.783 | 149506.323
Chemical (Specialty) | 829 | 58875.69500000004 | 83433.62119215357 | 774243.6690000002 | 349023.6010392323 | 537862.3970000002 | 133211.5469999998 | 133971.9259999999 | 0.1585296143611569 | 663176.0900392317 | 20257.08403923238 | 328766.5170000002 | 83748.37699999998 | 13939.93899999999 | 3596.022999999999 | 82656.50200000001 | 120003.0159999999 | 132069.9550000001 | 0.01822522881018702 | 0.1430594900849858 | 0.3332310974848905 | 0.05640612409347301 | 0.2332345224091771 | 0.4021346971806784 | 573989.5650000004 | 1068988.275
Coal & Related Energy | 224 | 21594.677 | 34871.37496152549 | 209142.782 | 99678.04819237265 | 165404.2059999999 | 54270.407 | 50745.872 | 0.09956022983167348 | 246290.5421923726 | 1506.990192372595 | 98171.05800000003 | 52257.47 | 5909.240000000003 | 2555.831 | 34804.47899999999 | 40515.321 | 36542.585 | 0.006622516556291391 | 0.1622226458160837 | 0.5366855159299434 | 0.02197533707491467 | 0.1995391095090054 | 0.4132743316237394 | 202633.6680000001 | 150266.6330000002
Computer Services | 969 | 48131.81899999997 | 72793.37618894299 | 1003784.448000001 | 256580.1410552851 | 293622.015 | 91508.60399999993 | 102053.271 | 0.1720908829062652 | 319666.2450552854 | 30500.54405528518 | 226079.5969999999 | 86648.42599999998 | 7010.730999999996 | 3239.364000000002 | 70652.78000000001 | 110800.8960000001 | 138099.546 | 0.01525957870293581 | 0.1037199842876989 | 0.320017383764461 | 0.05977237615483609 | 0.2238805970149254 | 0.4237248100597241 | 317216.1830000002 | 874457.4020000005
Computers/Peripherals | 332 | 97820.74300000005 | 121561.9294729234 | 1212738.575 | 351466.1856353832 | 538172.9020000001 | 208943.6100000001 | 186291.543 | 0.1250460398264842 | 598734.0186353828 | 22961.16263538303 | 328505.023 | 171711.424 | 11934.354 | 10640.245 | 121192.793 | 137811.78 | 125378.643 | 0.01762901735043796 | 0.1232777321914274 | 0.3192856922834199 | 0.05793132618825976 | 0.2113166117604158 | 0.4571794944455475 | 537476.3769999999 | 1846485.181
Construction Supplies | 747 | 66221.64100000002 | 108893.851828652 | 1039222.15 | 492332.3278567403 | 550469.392 | 147879.7040000001 | 157079.316 | 0.1539054245748709 | 883659.7898567406 | 20885.11585674013 | 471447.2120000006 | 162383.2269999999 | 20372.56300000002 | 7313.210999999997 | 108004.6639999999 | 215179.1199999998 | 211785.2860000001 | 0.05672203071137574 | 0.2579097627213058 | 0.4668605641396689 | 0.1300248653128885 | 0.3023822939019256 | 0.4654561558901683 | 663443.4990000001 | 846780.808999999
Diversified | 319 | 99211.47300000001 | 184954.8530817902 | 1627216.165000001 | 1168134.784591048 | 1203790.434 | 212246.5819999999 | 262698.6540000001 | 0.1498171065434469 | 2161579.903591048 | 61536.14959104898 | 1106598.635 | 302582.6479999998 | 54112.58399999999 | 10138.364 | 184014.835 | 390339.181 | 414617.463 | 0.07130060910068076 | 0.3175377203607689 | 0.6231094978826376 | 0.1351902173913044 | 0.3447368843898128 | 0.5177884318076202 | 1586856.882 | 1364258.583
Drugs (Biotechnology) | 1024 | -3606.107000000017 | 15283.48625973514 | 173041.662 | 160944.6847013241 | 174501.5909999998 | 30732.89199999999 | 28521.89600000004 | 0.02015007450355437 | 200103.8927013237 | 10614.3837013239 | 150330.301 | 98613.36800000006 | 6681.255000000002 | 3050.325000000001 | 15527.09299999998 | 21214.2 | 15791.277 | 0.00258654289055026 | 0.03004228124139604 | 0.1270423277548883 | 0.0207242088466 | 0.102233676975945 | 0.2860375913518032 | 193859.0149999999 | 1231657.533000001
Drugs (Pharmaceutical) | 1263 | 104775.774 | 176058.5920378206 | 970887.8720000006 | 650938.1388108972 | 950319.9840000006 | 243057.8040000001 | 259268.6509999999 | 0.1003813237663606 | 1010160.647810898 | 28301.96981089709 | 622636.1690000006 | 199544.167 | 23173.78400000001 | 7445.806000000002 | 175622.5259999999 | 152719.81 | 207944.4619999999 | 0.004744597149646214 | 0.07149411599400417 | 0.23450756805492 | 0.02850761954808197 | 0.1628222523744912 | 0.3797867993127403 | 971905.1839999998 | 3069761.542999994
Education | 211 | 4017.155 | 4582.55377437989 | 40998.662 | 30325.73112810056 | 34159.837 | 6316.463 | 8276.610999999999 | 0.1342247590715921 | 45725.12912810054 | 8079.416128100563 | 22246.315 | 10851.641 | 1107.449 | 443.4290000000002 | 4687.698 | 6058.022999999999 | 6108.148000000001 | 0.01293984094273939 | 0.1222850375816499 | 0.3312273507572822 | 0.07210886018930297 | 0.2519640614117161 | 0.4757918856109701 | 40140.38999999999 | 169153.185
Electrical Equipment | 902 | 23683.66200000001 | 58668.00036192439 | 603985.2339999997 | 250589.2621903783 | 353674.307 | 64998.19499999999 | 91233.10900000008 | 0.1281254302192484 | 439309.3321903779 | 57786.06319037814 | 192803.1990000001 | 89850.31600000002 | 8247.136999999997 | 3635.643000000005 | 42722.62699999997 | 85812.87499999987 | 94533.31200000002 | 0.01553627719189098 | 0.1373846582864556 | 0.3268348178116879 | 0.0695428203477141 | 0.2371827296520973 | 0.4107837687604225 | 380792.8230000001 | 756780.0369999999
Electronics (Consumer & Office) | 142 | 13651.038 | 16299.73566494976 | 325059.106 | 81322.97967525119 | 103943.857 | 26689.61700000001 | 29100.905 | 0.10601193987062 | 161721.3286752513 | 4493.226675251183 | 76829.753 | 38840.08400000003 | 2557.748 | 2491.967 | 15682.344 | 29434.463 | 31550.40499999998 | 0.01605281678340427 | 0.1767610357794485 | 0.3378378378378378 | 0.0556975516912815 | 0.2216932764681429 | 0.4319168910482167 | 128200.49 | 173709.6069999999
Electronics (General) | 1345 | 43188.81999999997 | 64162.58860691966 | 1042750.575 | 255767.1019654022 | 546358.782 | 113607.169 | 110279.077 | 0.134424663542996 | 624981.1289654013 | 11058.54196540195 | 244708.5600000001 | 178607.3929999999 | 8773.429000000002 | 6866.206000000003 | 63136.83100000003 | 140060.6370000001 | 154127.281 | 0.0172995415621486 | 0.1003650532820356 | 0.2873563218390804 | 0.05084845081147395 | 0.1879008738838883 | 0.3774955476440091 | 607845.8209999999 | 1246482.609999997
Engineering/Construction | 1208 | 52893.59499999995 | 99552.90735228953 | 1843621.741999999 | 693297.7232385522 | 552567.3080000003 | 128704.525 | 138063.3969999999 | 0.1775554790656222 | 1031189.963238554 | 25819.76323855235 | 667477.9599999994 | 275095.5650000002 | 24067.20799999997 | 11825.639 | 97452.67100000013 | 321725.5000000001 | 365595.1659999996 | 0.03668127008292963 | 0.2472487855775823 | 0.5260075424479935 | 0.09726636999364273 | 0.2931910392461352 | 0.5018257472826088 | 686948.5379999994 | 596109.6289999997
Entertainment | 660 | 20448.78600000001 | 30298.78704858383 | 269311.385 | 182763.3427570807 | 224541.602 | 44099.82100000003 | 49948.081 | 0.09404780117436137 | 254170.2857570808 | 32497.54475708078 | 150265.7979999999 | 67366.99899999998 | 5296.664000000002 | 2611.036000000001 | 31697.37399999999 | 59441.615 | 69964.58 | 0.004208105341640025 | 0.06369578163544806 | 0.2547675334909378 | 0.0338471224984388 | 0.1558669001751314 | 0.3924860540676111 | 288054.0559999998 | 906518.5560000006
Environmental & Waste Services | 325 | 5949.171000000001 | 13900.15647070162 | 130320.565 | 92323.41164649186 | 77056.55099999999 | 21358.17599999999 | 23027.24500000001 | 0.1340778842560811 | 113299.5056464919 | 5120.027646491909 | 87203.38399999998 | 19154.042 | 3410.048000000002 | 491.0089999999998 | 13590.09599999999 | 30375.86299999999 | 42118.19399999998 | 0.03348873348873349 | 0.2116588178790003 | 0.4408502772643254 | 0.1445825159680534 | 0.3501903208265362 | 0.5556614265074151 | 84685.81300000002 | 240627.7230000001
Farming/Agriculture | 406 | 11057.998 | 19257.26833121695 | 404653.0620000001 | 190099.7843439154 | 163899.543 | 34216.38799999999 | 32715.839 | 0.1231257520312976 | 324457.4133439151 | 6222.863343915325 | 183876.921 | 27206.57199999999 | 5224.870999999998 | 2087.947 | 19031.68900000001 | 81265.57100000001 | 88167.4 | 0.01977546019262552 | 0.2462594289376661 | 0.4846924177396281 | 0.08306294613887086 | 0.3109438332368269 | 0.5068337129840547 | 176656.768 | 266603.1970000001
Food Processing | 1262 | 48643.05100000001 | 108375.2517424898 | 1267531.888000002 | 493877.7902875501 | 612569.5300000003 | 146463.1100000001 | 156839.8359999999 | 0.1597884182365533 | 818881.3692875498 | 28560.81628755077 | 465316.9739999999 | 96032.37299999999 | 19081.96800000001 | 4522.952 | 108107.115 | 185553.0650000001 | 192206.714 | 0.03979757590903411 | 0.2153189853644651 | 0.4663518299881936 | 0.1157282286967672 | 0.3083115682758012 | 0.484792231900614 | 654647.829 | 1564320.412999999
Food Wholesalers | 151 | 3372.503000000001 | 8373.66059939915 | 337361.365 | 73946.12100300426 | 36950.839 | 11589.129 | 14078.141 | 0.1745891613062479 | 88009.14200300422 | 10674.62700300425 | 63271.49400000001 | 10637.784 | 2273.285 | 273.819 | 8150.207999999999 | 19443.907 | 19294.482 | 0.03436411170568828 | 0.2354747759540832 | 0.5071966362480428 | 0.08802779385968994 | 0.3064307804724928 | 0.5649572781954549 | 47790.92300000001 | 60373.53499999997
Furn/Home Furnishings | 328 | 15752.47 | 22892.81075286438 | 298751.3769999999 | 79352.88223567815 | 110455.372 | 29383.46700000001 | 31495.65599999999 | 0.1635503720587892 | 117046.6942356781 | 8846.40123567816 | 70506.48100000003 | 54993.88699999999 | 3219.049999999998 | 263.913 | 22188.384 | 46957.94299999995 | 46216.476 | 0.02456022039215114 | 0.1615837664927566 | 0.366490765171504 | 0.07907014269967831 | 0.2515224555686983 | 0.4338952416387863 | 121578.0889999999 | 283642.8080000001
Green & Renewable Energy | 213 | 10171.859 | 18029.96969423069 | 51742.68200000002 | 158279.3605288466 | 97515.54999999997 | 28677.11899999998 | 29918.35899999999 | 0.116135233600536 | 262430.0175288465 | 3341.84652884653 | 154937.514 | 14053.724 | 7968.953999999998 | 2020.073 | 18445.175 | 54437.797 | 64441.38999999999 | 0.05569219957835558 | 0.350584307178631 | 0.564138307221431 | 0.312143777995361 | 0.5323600702711557 | 0.6707766439909297 | 119421.485 | 198721.2480000001
Healthcare Products | 739 | 34407.94499999999 | 54938.02408208773 | 365524.3069999998 | 216466.8495895613 | 354905.444 | 76658.476 | 81787.70000000003 | 0.0774492324422598 | 321066.8675895612 | 12321.95458956137 | 204144.895 | 66262.38900000001 | 6419.018000000007 | 1943.881 | 54357.25099999996 | 56227.39899999998 | 72297.87800000001 | 0.004857365318305456 | 0.05670504088106726 | 0.1883706844336765 | 0.04763301600444504 | 0.1999359788249858 | 0.396988561216668 | 381620.6160000003 | 1510253.743
Healthcare Support Services | 402 | 38539.694 | 85947.5022476725 | 1950473.291999999 | 438559.1077616373 | 314015.5459999999 | 96210.064 | 119594.351 | 0.1506843540656906 | 412862.6337616373 | 60594.54876163739 | 377964.559 | 85008.15699999999 | 14110.75400000001 | 2610.455 | 87781.09899999996 | 195240.5630000001 | 215621.6779999999 | 0.0229453162771466 | 0.1607188252379131 | 0.3384650190657852 | 0.1423261716979422 | 0.3653376729048006 | 0.5292164674634794 | 414125.3919999998 | 923948.9890000003
Heathcare Information and Technology | 389 | 11320.43700000001 | 16718.86596823721 | 134460.1169999999 | 85085.74115881382 | 111153.8339999999 | 24290.83099999998 | 27095.508 | 0.07797312388263422 | 111689.0391588138 | 7188.455158813853 | 77897.286 | 23418.13799999999 | 3172.215999999999 | 846.5840000000001 | 16544.77599999999 | 23898.20899999998 | 25906.623 | 0.001986994219653179 | 0.03639371381306865 | 0.131467669595877 | 0.0416514908642636 | 0.1787971082166163 | 0.3728177102758788 | 127610.078 | 651529.0100000013
Homebuilding | 167 | 19775.18899999999 | 25618.85083435854 | 256702.036 | 99603.09182820727 | 133928.3659999999 | 28828.99100000001 | 31362.104 | 0.2205593297312432 | 201237.1238282073 | 17987.88082820734 | 81615.21099999995 | 34257.91400000002 | 1174.919 | 556.2940000000001 | 27453.222 | 31332.874 | 33258.74400000001 | 0.1072594825420749 | 0.3336206896551724 | 0.5957305046439471 | 0.2035755478662053 | 0.4016093545362234 | 0.5750951477848634 | 145728.4070000001 | 162622.3549999998
Hospitals/Healthcare Facilities | 206 | 7280.367999999997 | 18394.55374395936 | 197122.2769999999 | 200446.8642802032 | 56550.31599999998 | 29275.75899999999 | 34877.51500000001 | 0.163633058408456 | 206591.5172802031 | 33340.45128020319 | 167106.413 | 13406.252 | 7584.754000000004 | 284.982 | 20380.40599999999 | 45888.431 | 55876.94600000001 | 0.06815056996404367 | 0.232868742440662 | 0.4499742176446159 | 0.1731932532457125 | 0.3854562286284803 | 0.6540603568537053 | 73090.90900000001 | 194650.8649999999
Hotel/Gaming | 639 | 32754.738 | 47886.00751771255 | 359468.4020000004 | 401809.3254114374 | 286218.5619999999 | 76601.94100000005 | 85876.32900000006 | 0.1409812493939444 | 563225.0434114366 | 56428.36741143718 | 345380.9580000004 | 71554.90200000002 | 14924.678 | 2558.91 | 51502.04499999998 | 106020.608 | 118312.8770000001 | 0.04203025014543339 | 0.2433159879224157 | 0.5365486858163716 | 0.08920627487707797 | 0.3257389162561576 | 0.5656300901565778 | 318807.0539999999 | 479301.5530000002
Household Products | 536 | 36944.38299999998 | 74614.9530071758 | 451988.3960000002 | 200162.4289641212 | 226621.9350000002 | 88784.12 | 94357.23500000002 | 0.1343852941119821 | 270816.8759641211 | 17981.14496412106 | 182181.284 | 53883.63399999998 | 5740.167000000006 | 2127.081000000001 | 74080.91400000008 | 53299.019 | 44876.24099999999 | 0.001880795647981716 | 0.08215896063402281 | 0.2738808600634473 | 0.05296722763507528 | 0.191151919866444 | 0.402786190187765 | 233432.7570000001 | 1251265.591
Information Services | 215 | 34659.184 | 51026.52008700524 | 200592.0919999999 | 182072.4205649739 | 126817.531 | 57643.08200000001 | 62703.98499999999 | 0.1289350235988707 | 177519.769564974 | 9322.354564973944 | 172750.066 | 55428.37999999999 | 4776.427999999999 | 1778.744 | 50809.88600000002 | 88904.796 | 124206.876 | 0.01230918540138954 | 0.09271721460082985 | 0.2528108433791607 | 0.05882352941176471 | 0.2585105775604646 | 0.4968197879858657 | 239418.056 | 1359276.634999999
Investments & Asset Management | 1066 | 46084.14300000009 | 52566.56776090355 | 288018.3080000001 | 762026.3911954823 | 449711.1530000001 | 52821.86200000004 | 63073.36399999998 | 0.07489222923901273 | 1085165.777195481 | 23999.58619548199 | 738026.8049999997 | 190594.3939999999 | 13702.27700000002 | 3114.403000000001 | 54059.74000000001 | 151597.627 | 186971.5920000001 | 0 | 0.0111477979993525 | 0.1635858255536496 | 0 | 0.04629209629931239 | 0.2383274254979341 | 614835.5720000002 | 666653.7792000001
Machinery | 1332 | 45955.6370000001 | 75490.54632825784 | 786450.2100000005 | 271258.5443587108 | 444854.8779999999 | 102760.0729999999 | 108834.868 | 0.1742282153633771 | 528703.1953587113 | 25131.75835871087 | 246126.7859999999 | 114421.6639999999 | 8423.290999999997 | 3759.860999999999 | 70928.00799999999 | 107079.8829999998 | 126013.1880000002 | 0.02017910243369797 | 0.1314106548775224 | 0.3280139271724938 | 0.05424718408251025 | 0.219495200057879 | 0.4097456673418861 | 484550.6219999993 | 954053.6770000007
Metals & Mining | 1529 | 39621.69400000003 | 78999.53358235968 | 874989.355 | 377470.9900882009 | 524114.1729999995 | 147390.1020000001 | 135486.522 | 0.04333045730728437 | 829126.4930882008 | 10384.83708820136 | 367086.1529999997 | 106286.5979999999 | 17957.91600000002 | 5144.169000000006 | 78445.24 | 134473.489 | 138885.312 | 0 | 0.01225649956600849 | 0.1918714555765595 | 0 | 0.02268560953253896 | 0.2615729927881493 | 576576.5429999994 | 611137.4380000016
Office Equipment & Services | 146 | 2014.968000000001 | 3872.62120735803 | 52102.69099999998 | 15716.04896320985 | 21927.93 | 5370.227000000001 | 5861.194 | 0.1649839370239732 | 26287.26796320983 | 1771.363963209843 | 13944.685 | 6813.245999999999 | 571.799 | 171.498 | 3771.276 | 4953.495 | 4594.214000000001 | 0.02146985962014864 | 0.1553812885893573 | 0.4824980094184874 | 0.05174825174825175 | 0.2698231602966343 | 0.4593453123446645 | 22965.75800000001 | 35278.54199999997
Oil/Gas (Integrated) | 49 | 251966.708 | 415858.3514006959 | 3221318.819999999 | 998014.2979965203 | 1780444.48 | 703375.848 | 676411.6429999998 | 0.2330348007856833 | 2917526.12399652 | 148373.5779965203 | 849640.72 | 233135.062 | 27604.84800000001 | 13706.922 | 422313.594 | 339134.138 | 361920.5319999999 | 0.1973192704900022 | 0.3547238619529178 | 0.4282261962300629 | 0.228458499549457 | 0.361890036837449 | 0.4692025606422966 | 2190313.868 | 2749675.660000001
Oil/Gas (Production and Exploration) | 773 | 37131.57500000002 | 86372.23297025135 | 388075.042 | 408821.909148743 | 596707.3939999999 | 190764.624 | 205354.2919999999 | 0.05642054485279514 | 987396.7921487434 | 22284.60514874307 | 386537.3039999998 | 52345.55699999996 | 20124.965 | 3291.205000000002 | 85304.08899999993 | 100693.885 | 113036.373 | 0 | 0.108784065157138 | 0.4816124869065788 | 0.005723994494405918 | 0.1836582371202248 | 0.4236768405061238 | 648017.9129999995 | 376577.0270000005
Oil/Gas Distribution | 160 | 14708.401 | 34352.71873668853 | 250758.1940000001 | 327048.3653165572 | 204214.6809999999 | 48485.414 | 55141.02899999999 | 0.1015598350049158 | 505285.2963165573 | 11279.14631655739 | 315769.2190000001 | 18979.35599999999 | 14410.056 | 1047.303 | 34514.62400000001 | 66134.75600000004 | 79772.08400000005 | 0.1187356698329512 | 0.379666769545055 | 0.5976681587194126 | 0.2002830856334041 | 0.4589720468890893 | 0.5797986653093542 | 259790.8100000001 | 425651.7240000004
Oilfield Svcs/Equip. | 508 | 73.81500000002724 | 66286.08312479476 | 1627264.815999999 | 460446.6993760265 | 508988.7850000001 | 129094.2939999999 | 123852.327 | 0.1035372040714211 | 844664.8163760253 | 43644.67437602624 | 416802.0249999999 | 82779.31799999994 | 19547.391 | 4308.234 | 65290.842 | 141096.4770000001 | 160415.8 | 0.06960727269034593 | 0.3091820891399679 | 0.5788534279327077 | 0.1490271611386785 | 0.3496287973722994 | 0.5335207979841736 | 578036.4609999994 | 475346.7420000001
Packaging & Container | 400 | 10503.561 | 24377.02919614563 | 267677.8809999999 | 141942.4640192718 | 105885.025 | 38379.696 | 40622.49799999999 | 0.1770792660197616 | 193903.7990192719 | 7486.729019271849 | 134455.7349999999 | 17783.58100000001 | 5680.131999999999 | 656.4189999999995 | 23947.411 | 54078.55600000002 | 63225.83499999999 | 0.08629441624365482 | 0.291449665605123 | 0.5362522613893942 | 0.1297071129707113 | 0.3454600747369432 | 0.4938931297709924 | 115317.5920000001 | 221923.572
Paper/Forest Products | 279 | 7323.025999999997 | 16252.04512485286 | 211339.4820000001 | 117722.0233757357 | 134808.801 | 34398.473 | 28673.89699999999 | 0.1402967240796115 | 229013.9913757356 | 3234.994375735703 | 114487.029 | 20695.50400000002 | 4405.736999999998 | 880.3490000000003 | 16215.428 | 48448.79500000001 | 53558.78699999998 | 0.1267605633802817 | 0.3460620525059666 | 0.573635422112337 | 0.1775477584430648 | 0.3474799853576972 | 0.5003884762407931 | 140796.477 | 139784.4930000002
Power | 538 | 105051.0399999999 | 212742.6213495145 | 1709800.267 | 1955497.125252426 | 1337077.107000001 | 367949.5090000003 | 391599.454 | 0.1774015463202699 | 3194092.062252428 | 51028.27825242768 | 1904468.846999998 | 166524.2940000002 | 71609.82799999996 | 13779.681 | 215780.1200000001 | 535081.1960000001 | 588609.677 | 0.1553315521010445 | 0.3860668960071266 | 0.5891803925652609 | 0.2436264510287769 | 0.4419962969095665 | 0.5994314186436269 | 1552827.462000002 | 1770984.548000003
Precious Metals | 844 | 5949.18 | 14926.0727694176 | 151678.954 | 80593.2361529119 | 167127.1400000001 | 35791.83599999994 | 38961.72799999997 | 0.03843554058349947 | 249289.495152912 | 2202.511152911972 | 78390.72499999998 | 27929.12600000001 | 4570.032000000002 | 1176.647 | 14729.80099999999 | 34962.23199999998 | 37719.48300000001 | 0 | 0.006240947434341166 | 0.1281547033759423 | 0 | 0.01391797581847023 | 0.1675124598824247 | 207390.7090000001 | 316304.8249999999
Publishing & Newspapers | 352 | 2843.775000000001 | 8826.292085399422 | 150367.4979999998 | 60190.33957300288 | 101839.021 | 15740.45499999999 | 17012.98899999999 | 0.1501539088047631 | 112001.8295730028 | 9603.11957300289 | 50587.21999999999 | 28231.97900000001 | 1862.968 | 1086.364999999999 | 8940.349000000007 | 19974.53200000002 | 20845.067 | 0.02481033835981488 | 0.1446111545336547 | 0.4060913705583756 | 0.04339102146022566 | 0.1824039102421684 | 0.3932747850199863 | 105097.102 | 120004.4440000001
R.E.I.T. | 753 | 64480.95799999996 | 83604.95897621944 | 252507.227 | 1541370.465118903 | 1054619.100000001 | 126186.942 | 132582.5919999999 | 0.02823205953236396 | 2620091.7181189 | 60156.59511890269 | 1481213.87 | 66036.299 | 34809.34699999999 | 2342.819999999997 | 90886.51100000003 | 11432424.11 | 11563936.55900001 | 0.2235294117647059 | 0.3611635814129203 | 0.4979819853290667 | 0.3063351577966694 | 0.4323205636283575 | 0.5410050983248361 | 1196079.502 | 1738458.074000001
Real Estate (Development) | 842 | 91724.13399999996 | 163540.5447916941 | 806728.2679999998 | 1273061.033041529 | 715170.3350000001 | 166930.151 | 173194.3310000002 | 0.179820746148719 | 1825810.640041529 | 13950.40104152879 | 1259110.631999999 | 425475.5359999997 | 24264.515 | 18429.906 | 164441.7539999999 | 554531.6490000001 | 687629.9049999999 | 0.1382598331346841 | 0.4649346945256081 | 0.6844529101658982 | 0.1636363636363637 | 0.4039047871523997 | 0.6050156739811913 | 991342.281999999 | 721334.589
Real Estate (General/Diversified) | 383 | 42826.75099999999 | 52358.0523476495 | 263776.1859999998 | 491350.7712617524 | 559399.6420000006 | 59093.91800000004 | 68513.01000000001 | 0.1501785591015861 | 1090267.892261752 | 38525.41826175262 | 452825.3529999999 | 87431.551 | 9734.009000000005 | 4677.569 | 52312.52700000003 | 153762.042 | 189736.817 | 0.14535119772635 | 0.435729537366548 | 0.6137923578855119 | 0.1887224671758247 | 0.4114198087678153 | 0.5677781314522371 | 691713.4830000001 | 411381.9360000006
Real Estate (Operations & Services) | 691 | 42554.27199999998 | 40305.7151292819 | 173717.4149999999 | 435423.4373535903 | 524432.2460000005 | 45161.82399999996 | 53989.15499999998 | 0.1434507967128636 | 948441.9863535907 | 32818.09935359053 | 402605.3380000002 | 58894.87600000005 | 10902.494 | 1524.278999999999 | 39954.08200000002 | 100271.395 | 118316.4030000001 | 0.03205531112507857 | 0.3095462642774809 | 0.523597641315852 | 0.1111111111111111 | 0.3835812010625555 | 0.5629010776123017 | 596459.3779999997 | 483650.6579999996
Recreation | 315 | 6432.680999999999 | 13545.34474164388 | 124750.1189999999 | 75508.24329178054 | 83735.173 | 18742.25 | 21435.027 | 0.1503673982833142 | 124716.9962917806 | 9192.156291780595 | 66316.08699999997 | 30226.13700000001 | 2460.210000000002 | 1212.021 | 13775.251 | 28541.15199999999 | 34801.97100000001 | 0.03329407986296971 | 0.1767542952770547 | 0.4380689892509642 | 0.1210790464240903 | 0.333794851050785 | 0.5104578540135107 | 90375.19099999998 | 198363.9840000002
Reinsurance | 34 | 8701.65 | 12979.36061909769 | 220191.7 | 42136.32590451156 | 142263.2 | 11824.074 | 14218.841 | 0.1314677375658642 | 165462.2869045115 | 2072.831904511564 | 40063.49399999999 | 26947.70299999999 | 2287.637 | 0 | 12988.848 | 2721.608 | 7283.601 | 0 | 0.04682594550368122 | 0.2271317207236151 | 0 | 0.04985930708200721 | 0.1975214322731449 | 159971.6699999999 | 114571.07
Restaurant/Dining | 376 | 21497.972 | 32329.32346827583 | 320947.4039999997 | 269730.4246586207 | 51058.90799999997 | 46944.96000000001 | 59017.14500000003 | 0.167981278076699 | 240747.8986586209 | 65790.9826586208 | 203939.4420000001 | 27171.69500000001 | 6566.016 | 639.8459999999999 | 35234.83500000001 | 31969.21099999999 | 35268.73900000002 | 0.08840829281406616 | 0.3068856970564798 | 0.5651777575205106 | 0.2520808561236623 | 0.5417749158343501 | 0.7322274881516587 | 49032.34 | 504943.6820000004
Retail (Automotive) | 184 | 9458.441000000003 | 15435.61684174049 | 397533.6279999998 | 150164.4157912976 | 63641.27100000002 | 22339.836 | 26019.928 | 0.1913459315577607 | 184856.2637912975 | 25046.61579129755 | 125117.8 | 15643.931 | 4537.433999999997 | 590.8480000000002 | 17038.041 | 96289.77500000001 | 98331.83099999999 | 0.1228317705130691 | 0.3725320598751893 | 0.6295379537953796 | 0.2982434117891047 | 0.5089675450566792 | 0.6789851075565361 | 66626.85900000001 | 159334.7850000001
Retail (Building Supply) | 93 | 16501.628 | 28304.24855745702 | 298317.98 | 125667.6352127149 | 50149.74700000004 | 35009.298 | 41447.799 | 0.1920773893479795 | 150284.6092127149 | 32556.97221271494 | 93110.663 | 10590.35 | 2597.993 | 199.762 | 29163.68900000001 | 9252.775000000001 | 16537.089 | 0.2184189079054605 | 0.4219464986274617 | 0.6038681948424068 | 0.3636310844969927 | 0.5904256338045906 | 0.7218347726941974 | 44316.814 | 361720.046
Retail (Distributors) | 982 | 43943.53200000001 | 63165.72428588862 | 1499284.207999998 | 565025.8425705573 | 421041.5649999998 | 81767.04300000003 | 95942.40699999999 | 0.1718889003855237 | 890402.1475705567 | 36531.20357055685 | 528494.6390000004 | 103876.231 | 15096.44799999999 | 9128.149000000018 | 61481.02599999995 | 220707.2189999998 | 223875.1100000002 | 0.03425559947299078 | 0.2467103425388427 | 0.5378362550461433 | 0.06865203761755485 | 0.2762613730355666 | 0.5033222591362126 | 480331.8880000002 | 469257.1020000005
Retail (General) | 210 | 39069.15800000001 | 64564.82757510278 | 1651209.75 | 527567.370124486 | 340748.3300000001 | 109113.277 | 131986.157 | 0.2263911600775667 | 732269.9261244865 | 144144.997124486 | 383422.373 | 74388.31899999999 | 12119.889 | 2536.678 | 70916.29399999997 | 108975.45 | 103565.326 | 0.1949537919906117 | 0.4248098984446649 | 0.6689071446353 | 0.3242144857611821 | 0.5653263469643467 | 0.708104702733686 | 367529.2299999997 | 938729.0490000001
Retail (Grocery and Food) | 170 | 20392.09999999999 | 34182.25622963582 | 1039715.634 | 361334.1478518208 | 200374.3670000001 | 60045.88300000001 | 81071.44300000003 | 0.2204842500491886 | 454431.3058518206 | 113360.2588518209 | 247973.8889999999 | 56577.59400000001 | 6875.415000000001 | 872.2019999999998 | 38376.85900000002 | 59528.76900000004 | 51391.74999999999 | 0.1165161666181183 | 0.3400183978359681 | 0.5344630736108705 | 0.2459036416371629 | 0.514109739593682 | 0.6948060867907104 | 224235.512 | 409729.0829999999
Retail (Online) | 297 | 26574.59799999999 | 22043.1193642578 | 465628.4199999998 | 185347.185178711 | 158674.437 | 42381.62599999997 | 55980.341 | 0.1199732575738587 | 261669.8981787109 | 33230.98817871103 | 152116.197 | 76674.831 | 4412.199000000001 | 2251.575000000002 | 23579.266 | 28661.53199999999 | 26021.11999999998 | 0.01448494718371926 | 0.105917223484753 | 0.2865464161944212 | 0.07450733818802574 | 0.2552797332345313 | 0.4925816023738873 | 207318.1559999999 | 2043861.795
Retail (Special Lines) | 479 | 33522.67799999998 | 56901.88731455837 | 952950.0169999998 | 390657.8444272082 | 237513.1400000001 | 72838.507 | 108289.287 | 0.1863254013358168 | 509595.0564272084 | 154325.3684272082 | 236332.4759999999 | 70821.65500000001 | 6325.329999999996 | 5707.365999999997 | 53616.22 | 62142.03200000004 | 64676.959 | 0.1199768304001013 | 0.3612784471031828 | 0.6263520157325467 | 0.2495722063865771 | 0.483029735688453 | 0.678954944800449 | 242106.8190000001 | 626300.833
Rubber& Tires | 89 | 8338.287999999999 | 13550.70969974115 | 154325.424 | 61803.68250129426 | 85559.105 | 23053.639 | 24024.834 | 0.1677324397133008 | 133214.7115012942 | 4195.326501294249 | 57608.356 | 13473.36 | 1819.949 | 487.8650000000001 | 13224.737 | 20720.536 | 23079.57 | 0.1582629454180221 | 0.3376483279395901 | 0.4987714987714987 | 0.1836789228306727 | 0.3448616600790514 | 0.4670351362021318 | 91765.42300000004 | 85294.49399999996
Semiconductor | 542 | 67728.00699999997 | 84137.8744636229 | 459910.6439999997 | 232339.9826818855 | 465575.6399999999 | 170052.091 | 151064.0320000002 | 0.09711517132276021 | 468564.3096818854 | 9117.492681885631 | 223222.4899999999 | 125191.246 | 7723.707000000005 | 3877.671999999999 | 83646.84299999995 | 83293.54000000007 | 106515.469 | 0.0163307594424724 | 0.1015764261119842 | 0.2862385321100918 | 0.05066144287532234 | 0.1974201694362985 | 0.3926221455362246 | 495399.1400000001 | 1691269.594000001
Semiconductor Equip | 291 | 15895.763 | 20723.11564208445 | 126248.549 | 49050.50078957769 | 91759.13100000004 | 30633.63200000001 | 27681.327 | 0.1426332032046091 | 101458.1847895777 | 2332.286789577729 | 46718.21399999999 | 32407.576 | 1887.101 | 687.0500000000001 | 20630.362 | 12554.70700000001 | 19205.548 | 0.01332178056969566 | 0.1035425892159417 | 0.2469081272084805 | 0.04633378317588844 | 0.1868932038834951 | 0.3610224488366416 | 102723.225 | 403731.8139999997
Shipbuilding & Marine | 345 | 12836.415 | 23575.01157969191 | 289067.3949999998 | 304327.3251015406 | 247822.8219999998 | 41276.67099999997 | 56489.71700000003 | 0.1290376292295473 | 521097.7071015408 | 54451.15210154062 | 249876.173 | 53951.15499999996 | 10474.664 | 5079.208000000004 | 23385.54000000003 | 93245.761 | 80507.42199999999 | 0.1851851851851852 | 0.4302697759487883 | 0.6634829788379083 | 0.2270676691729323 | 0.3797407938274699 | 0.5722005842259007 | 284377.8940000001 | 233786.0179999999
Shoe | 78 | 7701.714999999998 | 10319.76059274711 | 103918.42 | 33236.48703626444 | 37024.81 | 11706.422 | 14608.279 | 0.1664249425516924 | 64482.57703626445 | 9067.212036264438 | 24169.275 | 9448.511 | 610.3470000000001 | 312.05 | 10125.041 | 3400.962999999999 | 4693.454 | 0.03265727053970437 | 0.1546393238778282 | 0.4364640883977901 | 0.1389112440547864 | 0.3735063789716002 | 0.5196668050380235 | 42318.13 | 191784.755
Software (Entertainment) | 280 | 65560.545 | 71934.39400975336 | 334238.5949999999 | 113384.0529512328 | 350643.729 | 95852.88899999997 | 102572.416 | 0.1091281228690617 | 395164.4569512326 | 28549.82995123287 | 84834.22299999997 | 86264.02900000004 | 1877.338 | 4909.319000000001 | 74042.98499999997 | 11108.143 | 21359.115 | 0 | 0.02296144432793173 | 0.1022044088176353 | 0.01314125653407364 | 0.1099476279238623 | 0.31438127090301 | 424679.12 | 2082821.139
Software (Internet) | 131 | 60.80300000000005 | 1782.248256231095 | 37316.62299999999 | 25577.85571884453 | 14198.052 | 3882.904000000001 | 4212.686000000002 | 0.09240479595346841 | 25050.15471884454 | 2583.758718844527 | 22994.097 | 8806.122000000003 | 1058.541 | 363.8569999999999 | 1913.516 | 5405.695999999996 | 8349.663 | 0.01021382908369461 | 0.07202390312942286 | 0.2644990774513483 | 0.05650840683860847 | 0.2343541098605592 | 0.4720893141945773 | 21321.96400000001 | 176429.1550000002
Software (System & Application) | 1375 | 73572.996 | 88772.99221803523 | 450896.1520000002 | 306991.3249098239 | 347551.2180000003 | 112142.7999999999 | 123541.419 | 0.08645834391870533 | 311333.2709098241 | 33165.94890982426 | 273825.3759999996 | 130753.165 | 10048.56400000001 | 6718.260000000009 | 88506.69500000002 | 40150.54200000001 | 41805.65499999998 | 0.001652661716440492 | 0.03481012658227848 | 0.1408733544613651 | 0.03322800937722964 | 0.1444315235241608 | 0.356481689553274 | 405522.8399999996 | 3086213.534000001
Steel | 695 | 40625.749 | 79481.94797839162 | 1065312.417 | 375649.2441080427 | 779085.8530000004 | 152387.9 | 131506.395 | 0.1350800919582759 | 844796.2891080425 | 10088.4051080423 | 365560.8390000002 | 93149.85299999997 | 17915.46600000001 | 4725.346999999997 | 79157.06200000005 | 207929.0929999998 | 203636.1720000002 | 0.08441558441558442 | 0.3695316520844055 | 0.6177248677248678 | 0.1085613415710503 | 0.3121737081013768 | 0.48828125 | 589475.3710000005 | 418322.4250000007
Telecom (Wireless) | 103 | 36665.082 | 105373.8329082012 | 728498.9609999998 | 771483.8044589941 | 584098.784 | 220554.5729999999 | 246816.5 | 0.1389521670478015 | 1198167.478458994 | 132038.2654589938 | 639445.5389999996 | 97876.75500000002 | 25817.129 | 5311.534999999996 | 100417.631 | 174170.702 | 159063.0700000001 | 0.06866534622980595 | 0.2823813354786806 | 0.4590284221628393 | 0.190089358245329 | 0.468849224020687 | 0.656537418409999 | 648474.5270000001 | 898354.7129999999
Telecom. Equipment | 474 | 12306.852 | 27139.52754591774 | 246702.0030000001 | 93924.36727041136 | 160034.699 | 34874.74800000002 | 38549.439 | 0.09091327429638599 | 125643.5112704114 | 7275.087270411351 | 86649.28000000004 | 48787.43699999999 | 4174.142000000002 | 2609.646000000001 | 26530.385 | 42513.56699999998 | 43033.81799999997 | 0.0164740595033194 | 0.1012605354027925 | 0.2501247297522036 | 0.0640524379024839 | 0.1932696680309231 | 0.3763477791351958 | 148339.112 | 486014.1259999998
Telecom. Services | 317 | 62464.98699999999 | 173609.013009705 | 1150374.078 | 1212869.389951476 | 805364.1670000002 | 359268.959 | 381894.76 | 0.1334696321963762 | 1667108.571951475 | 144281.289951475 | 1068588.100000001 | 93564.94200000004 | 41965.21999999996 | 4808.122000000002 | 172774.849 | 187936.099 | 171526.954 | 0.02524019389785163 | 0.2298855208302619 | 0.4730045638614325 | 0.1739130434782609 | 0.3907291330821937 | 0.5851338938490284 | 915282.4789999999 | 1352309.332000001
Tobacco | 54 | 27952.947 | 50846.2896038016 | 158419.134 | 161598.840980992 | 134145.14 | 56277.79199999999 | 57404.781 | 0.1785035907044293 | 236500.390980992 | 2741.896980992027 | 158856.9439999999 | 22182.44 | 5174.141000000001 | 1863.326 | 50650.79499999999 | 29909.013 | 47851.101 | 0 | 0.01723220004058039 | 0.2799665693193947 | 0.01982180576356479 | 0.1846348739243575 | 0.5161290322580645 | 142671.99 | 406581.998
Transportation | 265 | 26278.602 | 43044.12244861986 | 612181.4759999998 | 334840.4397569005 | 211908.575 | 63884.90799999997 | 75467.82700000002 | 0.1871663205397051 | 482795.3587569006 | 38851.65275690066 | 295988.7870000001 | 60845.86100000002 | 10088.23900000001 | 5123.577000000001 | 42285.86499999999 | 72279.12300000008 | 90302.229 | 0.143348623853211 | 0.3286935287971072 | 0.5548430789535239 | 0.2406507105459985 | 0.3865282813646398 | 0.5799597205147372 | 282711.6710000001 | 443897.0740000001
Transportation (Railroads) | 52 | 39543.139 | 59621.2425602357 | 254216.1 | 272639.1721988216 | 258468.2 | 79550.53000000001 | 86437.15 | 0.2237461885598208 | 528649.7061988215 | 12991.53219882156 | 259647.64 | 22503.055 | 6910.759000000001 | 1161.92 | 58930.43900000001 | 24870.996 | 32658.22200000001 | 0.1486102348108388 | 0.2854125527803295 | 0.4828362400353552 | 0.3663287969349159 | 0.4687571746900689 | 0.6146808451298623 | 279726.7710000001 | 539078.4549999995
Trucking | 208 | -3293.665000000002 | 6423.912206525788 | 243550.1190000001 | 164975.496967371 | 84677.701 | 23259.683 | 23239.757 | 0.2029798109165186 | 232716.854967371 | 19719.57396737103 | 145255.923 | 28628.037 | 4593.532999999999 | 940.8799999999998 | 4604.512999999999 | 63741.88699999995 | 72848.655 | 0.1335230369503168 | 0.3821187965463794 | 0.6173454675740743 | 0.2081447963800905 | 0.3934516138478072 | 0.6174592448342745 | 110560.643 | 163732.091
Utility (General) | 52 | 34567.667 | 43286.32083755098 | 458262.8699999999 | 496819.2208122453 | 282517.97 | 81539.54999999996 | 82917.29699999996 | 0.1845421123885857 | 707316.0658122451 | 13584.45081224519 | 483234.77 | 35428.66299999999 | 17570.905 | 2553.698 | 43426.67400000001 | 59249.551 | 84907.54000000001 | 0.3478554667803185 | 0.4295359509935281 | 0.5257077951298774 | 0.4979362360380249 | 0.5624371295479518 | 0.6422083460811471 | 338857.9400000001 | 501299.1800000001
Utility (Water) | 99 | 6952.301 | 11746.05839600225 | 42278.718 | 85312.10801998874 | 63125.383 | 16100.588 | 16745.158 | 0.1768401236335446 | 141485.5430199887 | 1037.198019988727 | 84274.91000000003 | 13547.99000000001 | 3197.194999999999 | 924.7719999999998 | 11850.76899999999 | 16662.192 | 24379.125 | 0.0823076923076923 | 0.2810576580712474 | 0.5583660550687445 | 0.2062156346427026 | 0.4368566964385348 | 0.5587174357704604 | 74606.90400000001 | 126325.765

Sheet: Debt Levels
Industry | Total Debt | Lease Debt | Total Debt with Leases | Cash | Net Debt | Debt/Market Capital | Debt/Book Capital | Net Debt/Market Capital | Net Debt/Book Capital
Advertising | 73531.379 | 17028.67717165417 | 90560.05617165417 | 26112.57599999999 | 64447.480171654184 | 0.4142437596523859 | 0.520907153506856 | 0.3347872313785155 | 0.43622791969590197
Aerospace/Defense | 278121.578 | 23308.71073441805 | 301430.28873441805 | 75070.20400000001 | 226360.08473441802 | 0.2550406876716082 | 0.5610673351529051 | 0.20451376527079726 | 0.4897722166569048
Air Transport | 434729.7050000001 | 167877.9577900266 | 602607.6627900266 | 71585.676 | 531021.9867900267 | 0.6110402028630201 | 0.6809179569584322 | 0.580596814305711 | 0.652836451496102
Apparel | 235764.6249999999 | 70956.47667487412 | 306721.101674874 | 70251.54100000003 | 236469.560674874 | 0.27675967375992944 | 0.4542864986325435 | 0.22781127784368405 | 0.39091077254848966
Auto & Truck | 1199542.327 | 20363.71007646128 | 1219906.0370764614 | 300270.309 | 919635.7280764614 | 0.5687929325343974 | 0.5417612537513573 | 0.49859414656098827 | 0.4712526423272227
Auto Parts | 202039.6229999999 | 13139.60381312525 | 215179.22681312516 | 92394.91599999994 | 122784.31081312522 | 0.3352838952660988 | 0.335398658308276 | 0.22349319044160226 | 0.2235825596111936
Beverage (Alcoholic) | 263884.259 | 10600.73104242007 | 274484.9900424201 | 54209.05400000001 | 220275.9360424201 | 0.22031922059177012 | 0.45056592290657643 | 0.1848507255896415 | 0.3968996885342746
Beverage (Soft) | 121459.528 | 4399.580677244292 | 125859.1086772443 | 22573.987 | 103285.12167724429 | 0.17886250827031536 | 0.5426449464772473 | 0.15164680019996413 | 0.4933317603501783
Broadcasting | 105077.636 | 10341.36732549935 | 115419.00332549935 | 16242.835 | 99176.16832549934 | 0.5040939101497609 | 0.512356078985267 | 0.46622768542111487 | 0.4744630179847995
Building Materials | 119489.9200000001 | 11487.87559878618 | 130977.79559878628 | 33342.77099999998 | 97635.0245987863 | 0.29028024867779884 | 0.4088447045140987 | 0.2336499729218327 | 0.3401704151621725
Business & Consumer Services | 201701.1510000001 | 29070.55822206449 | 230771.7092220646 | 56060.63600000008 | 174711.0732220645 | 0.2512617963393274 | 0.5259943963133717 | 0.20258925799858168 | 0.4565538575834004
Cable TV | 368207.479 | 12371.06680566354 | 380578.5458056635 | 28599.26699999999 | 351979.2788056635 | 0.45080257217960773 | 0.6332541109780454 | 0.43154538820290467 | 0.6149297612436175
Chemical (Basic) | 276447.2640000002 | 10376.89009589554 | 286824.15409589576 | 86800.05599999998 | 200024.09809589578 | 0.3333164079070841 | 0.3661323771547133 | 0.2585238927703641 | 0.2871478785344562
Chemical (Diversified) | 103523.164 | 5965.066616617432 | 109488.23061661744 | 20510.002 | 88978.22861661745 | 0.4227433708072868 | 0.38755522048573954 | 0.373098500567269 | 0.3396115445476338
Chemical (Specialty) | 328766.5170000002 | 20257.08403923238 | 349023.6010392326 | 83748.37699999998 | 265275.22403923265 | 0.24613588005632195 | 0.3781350189585456 | 0.1988177179621943 | 0.3160804879505458
Coal & Related Energy | 98171.05800000003 | 1506.990192372595 | 99678.04819237263 | 52257.47 | 47420.57819237263 | 0.3988004374282094 | 0.3297194347867868 | 0.2398768130034818 | 0.189641163525337
Computer Services | 226079.5969999999 | 30500.54405528518 | 256580.14105528506 | 86648.42599999998 | 169931.71505528508 | 0.2268537791965614 | 0.4471623994415196 | 0.162709197443973 | 0.34882982300377274
Computers/Peripherals | 328505.023 | 22961.16263538303 | 351466.185635383 | 171711.424 | 179754.761635383 | 0.15990626133525707 | 0.3953755848897784 | 0.08871346273116552 | 0.2506231979517617
Construction Supplies | 471447.2120000006 | 20885.11585674013 | 492332.3278567407 | 162383.2269999999 | 329949.1008567408 | 0.3676555134186628 | 0.42597562296807373 | 0.2803949301304921 | 0.33214370723551134
Diversified | 1106598.635 | 61536.14959104898 | 1168134.784591049 | 302582.6479999998 | 865552.1365910491 | 0.46127698782525345 | 0.42400664900611723 | 0.388172919336307 | 0.35293955047038755
Drugs (Biotechnology) | 150330.301 | 10614.3837013239 | 160944.68470132392 | 98613.36800000006 | 62331.316701323856 | 0.11557118224828372 | 0.4536161399579775 | 0.04816990248077563 | 0.2433008157934392
Drugs (Pharmaceutical) | 622636.1690000006 | 28301.96981089709 | 650938.1388108977 | 199544.167 | 451393.9718108977 | 0.17495046482603546 | 0.4011096633058942 | 0.12819484112877655 | 0.31714623729522595
Education | 22246.315 | 8079.416128100563 | 30325.73112810056 | 10851.641 | 19474.09012810056 | 0.15202474385125547 | 0.4303590242035791 | 0.10324111459954725 | 0.3266671131955579
Electrical Equipment | 192803.1990000001 | 57786.06319037814 | 250589.26219037824 | 89850.31600000002 | 160738.94619037822 | 0.24875610403431653 | 0.39689004181171683 | 0.17518868724814832 | 0.2968227449161337
Electronics (Consumer & Office) | 76829.753 | 4493.226675251183 | 81322.97967525118 | 38840.08400000003 | 42482.895675251144 | 0.31887289673615243 | 0.3881330325490358 | 0.196504944202741 | 0.24889883398540474
Electronics (General) | 244708.5600000001 | 11058.54196540195 | 255767.10196540208 | 178607.3929999999 | 77159.70896540218 | 0.1702560499284643 | 0.2961594195315771 | 0.058293473893848195 | 0.11264100155410325
Engineering/Construction | 667477.9599999994 | 25819.76323855235 | 693297.7232385518 | 275095.5650000002 | 418202.1582385516 | 0.5376871180662275 | 0.5023000189954707 | 0.4123013884883471 | 0.3784118850595929
Entertainment | 150265.7979999999 | 32497.54475708078 | 182763.34275708068 | 67366.99899999998 | 115396.3437570807 | 0.16778332859989845 | 0.38818306893407295 | 0.11292167653540572 | 0.2860236198218205
Environmental & Waste Services | 87203.38399999998 | 5120.027646491909 | 92323.41164649189 | 19154.042 | 73169.36964649189 | 0.27728817246565474 | 0.5215740130542491 | 0.23317414775706935 | 0.463522124644781
Farming/Agriculture | 183876.921 | 6222.863343915325 | 190099.78434391532 | 27206.57199999999 | 162893.21234391534 | 0.41624379982044096 | 0.518326893218406 | 0.37926559756982753 | 0.47973265137264304
Food Processing | 465316.9739999999 | 28560.81628755077 | 493877.79028755066 | 96032.37299999999 | 397845.41728755063 | 0.23995638005061035 | 0.43001025139858107 | 0.20275830469907202 | 0.3780028220521765
Food Wholesalers | 63271.49400000001 | 10674.62700300425 | 73946.12100300426 | 10637.784 | 63308.33700300426 | 0.5505234542988284 | 0.6074249757631653 | 0.5118643175247745 | 0.5698358116993067
Furn/Home Furnishings | 70506.48100000003 | 8846.40123567816 | 79352.88223567819 | 54993.88699999999 | 24358.9952356782 | 0.21860557678841203 | 0.3949260870421154 | 0.07908718384041105 | 0.16691436150896466
Green & Renewable Energy | 154937.514 | 3341.84652884653 | 158279.36052884653 | 14053.724 | 144225.63652884655 | 0.4433587975692683 | 0.5699635527843758 | 0.4205480295497921 | 0.547040436825199
Healthcare Products | 204144.895 | 12321.95458956137 | 216466.84958956135 | 66262.38900000001 | 150204.46058956132 | 0.12536298606651017 | 0.36193176089417 | 0.09045964557545072 | 0.2824320762623277
Healthcare Support Services | 377964.559 | 60594.54876163739 | 438559.1077616374 | 85008.15699999999 | 353550.9507616374 | 0.3218763314537283 | 0.5143275242885662 | 0.27675222499627256 | 0.4605468881453009
Heathcare Information and Technology | 77897.286 | 7188.455158813853 | 85085.74115881385 | 23418.13799999999 | 61667.60315881386 | 0.11550914643639719 | 0.40003485491777707 | 0.08646648346475205 | 0.32580493791590526
Homebuilding | 81615.21099999995 | 17987.88082820734 | 99603.0918282073 | 34257.91400000002 | 65345.17782820728 | 0.3798376283956175 | 0.4059938992911548 | 0.2866424749942371 | 0.3095848202956882
Hospitals/Healthcare Facilities | 167106.413 | 33340.45128020319 | 200446.86428020318 | 13406.252 | 187040.61228020318 | 0.5073348931804322 | 0.7327940922984407 | 0.49003088466367567 | 0.7190232516217463
Hotel/Gaming | 345380.9580000004 | 56428.36741143718 | 401809.32541143754 | 71554.90200000002 | 330254.42341143754 | 0.4560258365392821 | 0.5575911634698268 | 0.4079451366357322 | 0.508818401499571
Household Products | 182181.284 | 17981.14496412106 | 200162.42896412106 | 53883.63399999998 | 146278.79496412107 | 0.13790723770722646 | 0.4616343433773363 | 0.10466844304426726 | 0.3852366202910332
Information Services | 172750.066 | 9322.354564973944 | 182072.42056497393 | 55428.37999999999 | 126644.04056497394 | 0.11812536550861692 | 0.43197279817283596 | 0.08522934140937347 | 0.34596327167813
Investments & Asset Management | 738026.8049999997 | 23999.58619548199 | 762026.3911954816 | 190594.3939999999 | 571431.9971954818 | 0.5333778734988254 | 0.5534515525630015 | 0.4615447556946564 | 0.4817058242458932
Machinery | 246126.7859999999 | 25131.75835871087 | 271258.54435871076 | 114421.6639999999 | 156836.88035871086 | 0.22137912250472816 | 0.35889819339657275 | 0.1411812165652134 | 0.24452749668794818
Metals & Mining | 367086.1529999997 | 10384.83708820136 | 377470.99008820107 | 106286.5979999999 | 271184.3920882012 | 0.3818205260683085 | 0.39565218398117735 | 0.3073531480696695 | 0.3198830954153217
Office Equipment & Services | 13944.685 | 1771.363963209843 | 15716.048963209843 | 6813.245999999999 | 8902.802963209844 | 0.30819050935320236 | 0.4062904553077712 | 0.20150592904365594 | 0.27936005561994287
Oil/Gas (Integrated) | 849640.72 | 148373.5779965203 | 998014.2979965203 | 233135.062 | 764879.2359965203 | 0.26630119064866536 | 0.31302119670124623 | 0.21763189326415272 | 0.2588254672637531
Oil/Gas (Production and Exploration) | 386537.3039999998 | 22284.60514874307 | 408821.9091487429 | 52345.55699999996 | 356476.35214874294 | 0.5205277093363898 | 0.3868343154571292 | 0.48628976045741756 | 0.35488142094664626
Oil/Gas Distribution | 315769.2190000001 | 11279.14631655739 | 327048.36531655747 | 18979.35599999999 | 308069.0093165575 | 0.43450023450045455 | 0.5573049296515326 | 0.4198722965398929 | 0.5425089059608603
Oilfield Svcs/Equip. | 416802.0249999999 | 43644.67437602624 | 460446.69937602617 | 82779.31799999994 | 377667.3813760262 | 0.492038818629641 | 0.44338388617616337 | 0.44274458186144544 | 0.3951719817690462
Packaging & Container | 134455.7349999999 | 7486.729019271849 | 141942.46401927175 | 17783.58100000001 | 124158.88301927174 | 0.39009539217272243 | 0.5517469995755523 | 0.35875520766390173 | 0.5184596232647908
Paper/Forest Products | 114487.029 | 3234.994375735703 | 117722.0233757357 | 20695.50400000002 | 97026.51937573569 | 0.4571613372453992 | 0.45537175561762994 | 0.40972131490991937 | 0.4079778694842606
Power | 1904468.846999998 | 51028.27825242768 | 1955497.1252524257 | 166524.2940000002 | 1788972.8312524254 | 0.5247569414572462 | 0.557387743527998 | 0.5025264745242821 | 0.5353320588500209
Precious Metals | 78390.72499999998 | 2202.511152911972 | 80593.23615291195 | 27929.12600000001 | 52664.11015291194 | 0.20305777236301994 | 0.27985322622800735 | 0.14273318194412857 | 0.20251157169268025
Publishing & Newspapers | 50587.21999999999 | 9603.11957300289 | 60190.33957300288 | 28231.97900000001 | 31958.36057300287 | 0.3340293119451915 | 0.36415555229232877 | 0.21030383496015345 | 0.23317830587000632
R.E.I.T. | 1481213.87 | 60156.59511890269 | 1541370.4651189027 | 66036.299 | 1475334.1661189026 | 0.46995458656902167 | 0.5630679952631814 | 0.4590633295151395 | 0.5522672073313794
Real Estate (Development) | 1259110.631999999 | 13950.40104152879 | 1273061.0330415277 | 425475.5359999997 | 847585.4970415281 | 0.6383192075694497 | 0.5622059571212831 | 0.540234970909215 | 0.4609128790709229
Real Estate (General/Diversified) | 452825.3529999999 | 38525.41826175262 | 491350.7712617525 | 87431.551 | 403919.2202617525 | 0.5442926431148819 | 0.41532044391651557 | 0.49542333794026155 | 0.36866298263940556
Real Estate (Operations & Services) | 402605.3380000002 | 32818.09935359053 | 435423.43735359074 | 58894.87600000005 | 376528.5613535907 | 0.47376314875469605 | 0.42196985052453484 | 0.4377326874236108 | 0.38698173546091374
Recreation | 66316.08699999997 | 9192.156291780595 | 75508.24329178057 | 30226.13700000001 | 45282.10629178056 | 0.2757060985644771 | 0.4551885703003074 | 0.18585197175769383 | 0.3337977919048827
Reinsurance | 40063.49399999999 | 2072.831904511564 | 42136.325904511556 | 26947.70299999999 | 15188.622904511565 | 0.2688853685641423 | 0.20848421021610353 | 0.11705193318921209 | 0.08671270556045275
Restaurant/Dining | 203939.4420000001 | 65790.9826586208 | 269730.4246586209 | 27171.69500000001 | 242558.7296586209 | 0.34818567232360603 | 0.846179210885841 | 0.32449223691521095 | 0.8318455360879042
Retail (Automotive) | 125117.8 | 25046.61579129755 | 150164.41579129756 | 15643.931 | 134520.48479129755 | 0.485185148806109 | 0.6926681709670239 | 0.4577780241505858 | 0.6687659019294364
Retail (Building Supply) | 93110.663 | 32556.97221271494 | 125667.63521271494 | 10590.35 | 115077.28521271494 | 0.2578391700422742 | 0.73928901022856 | 0.2413547175694555 | 0.7219670350477766
Retail (Distributors) | 528494.6390000004 | 36531.20357055685 | 565025.8425705573 | 103876.231 | 461149.61157055723 | 0.5462971670727494 | 0.5405095557691676 | 0.49564303959161593 | 0.4898127172768702
Retail (General) | 383422.373 | 144144.997124486 | 527567.370124486 | 74388.31899999999 | 453179.051124486 | 0.359795852491744 | 0.5893971332827256 | 0.3255811580405026 | 0.5521804294499953
Retail (Grocery and Food) | 247973.8889999999 | 113360.2588518209 | 361334.1478518208 | 56577.59400000001 | 304756.55385182076 | 0.4686180502377766 | 0.6170643266306811 | 0.426539790491303 | 0.5761079863477347
Retail (Online) | 152116.197 | 33230.98817871103 | 185347.18517871102 | 76674.831 | 108672.35417871102 | 0.08314482259256471 | 0.4720232873681492 | 0.050485774741448095 | 0.343910182990149
Retail (Special Lines) | 236332.4759999999 | 154325.3684272082 | 390657.84442720807 | 70821.65500000001 | 319836.18942720804 | 0.3841432824149048 | 0.6173825230873508 | 0.33804425981207703 | 0.569161257691203
Rubber& Tires | 57608.356 | 4195.326501294249 | 61803.68250129425 | 13473.36 | 48330.32250129425 | 0.4201526080831497 | 0.4024486715576615 | 0.36168672681265124 | 0.3449806582516651
Semiconductor | 223222.4899999999 | 9117.492681885631 | 232339.98268188554 | 125191.246 | 107148.73668188554 | 0.12078333644120152 | 0.3192627350109465 | 0.05957942868679454 | 0.1778260961965925
Semiconductor Equip | 46718.21399999999 | 2332.286789577729 | 49050.50078957772 | 32407.576 | 16642.924789577723 | 0.10833130885947494 | 0.3231817663722795 | 0.039590687198520026 | 0.1394275078731816
Shipbuilding & Marine | 249876.173 | 54451.15210154062 | 304327.32510154066 | 53951.15499999996 | 250376.1701015407 | 0.5655450269035884 | 0.5169434807559432 | 0.5171328456757361 | 0.46820807341073056
Shoe | 24169.275 | 9067.212036264438 | 33236.48703626444 | 9448.511 | 23787.976036264445 | 0.14770377558803113 | 0.4399001456166697 | 0.11034779733927823 | 0.3598453677367542
Software (Entertainment) | 84834.22299999997 | 28549.82995123287 | 113384.05295123284 | 86264.02900000004 | 27120.023951232797 | 0.05162725840316224 | 0.21072628392188691 | 0.012853450336643165 | 0.060026727173613535
Software (Internet) | 22994.097 | 2583.758718844527 | 25577.855718844527 | 8806.122000000003 | 16771.733718844524 | 0.12661865361912628 | 0.5453721543532339 | 0.08680981661141093 | 0.4402758126194647
Software (System & Application) | 273825.3759999996 | 33165.94890982426 | 306991.32490982383 | 130753.165 | 176238.15990982385 | 0.09047238161991038 | 0.4308564517432113 | 0.05402015920689832 | 0.30293911062642875
Steel | 365560.8390000002 | 10088.4051080423 | 375649.2441080425 | 93149.85299999997 | 282499.39110804256 | 0.4731267609712714 | 0.38922356577341016 | 0.4030973132042034 | 0.32397656834136573
Telecom (Wireless) | 639445.5389999996 | 132038.2654589938 | 771483.8044589935 | 97876.75500000002 | 673607.0494589935 | 0.4620110246546274 | 0.5433143968853658 | 0.42851363534777165 | 0.5095049060914635
Telecom. Equipment | 86649.28000000004 | 7275.087270411351 | 93924.3672704114 | 48787.43699999999 | 45136.93027041141 | 0.16195573903147822 | 0.38769511423376457 | 0.08497946062152234 | 0.2332946743211021
Telecom. Services | 1068588.100000001 | 144281.289951475 | 1212869.389951476 | 93564.94200000004 | 1119304.4479514759 | 0.47282061852936985 | 0.569916746848075 | 0.45286381595325553 | 0.5501384252127217
Tobacco | 158856.9439999999 | 2741.896980992027 | 161598.84098099192 | 22182.44 | 139416.40098099192 | 0.28441445028454765 | 0.5311019806268815 | 0.25534214246999193 | 0.4942294877721015
Transportation | 295988.7870000001 | 38851.65275690066 | 334840.43975690077 | 60845.86100000002 | 273994.57875690074 | 0.4299785663869125 | 0.542205967600
