Source: http://www.stern.nyu.edu/~adamodar/pc/blog/dividendcountry2017.xlsx

Sheet: Sheet1
Country | Dividends | Buybacks | Dividend Yield | Dividend Payout | Buybacks as % of cash returned | Cash Returned/FCFE | Cash Balance/Firm Value
Anguilla | 0 | 0 | 0 | NA | NA | NA | 0.007327923071112429
Argentina | 883.3069999999998 | 3.340000000000032 | 0.014343202627787698 | 3.7192969898060113 | 0.003767000847011305 | NA | 0.0769543634724928
Australia | 47747.99678000001 | 6007.432999999983 | 0.039812621801143505 | 1.9701867002485878 | 0.11175490596179889 | 3.0214972162034153 | 0.06475701861293655
Austria | 2822.49642 | 243.34000000000015 | 0.027611504494434717 | 0.5411866930603767 | 0.0793714884501242 | NA | 0.10725100095081863
Azerbaijan | 0 | 0 | 0 | NA | NA | NA | 0.0421188630490956
Bahamas | 0.083 | 11.6 | 0.00010920722136040621 | NA | 0.9928956603612086 | NA | 0.14603848814985293
Bahrain | 733.8503000000001 | 37.09999999999991 | 0.04272806828569599 | 0.48103036222289236 | 0.04812242760655247 | 0.6584866983090919 | 0.3115886799773394
Bangladesh | 1045.4158 | 18.22499999999991 | 0.029615712056455197 | 0.38653821693732054 | 0.017134543917457765 | 0.458640817725727 | 0.18612996360861744
Barbados | 76.83999999999999 | 0.8960000000000008 | 0.03162790697674418 | 0.3573787265708571 | 0.011526191211279213 | 0.29020697070155005 | 0.5819738510410967
Belgium | 14337.00268 | 4246.019000000009 | 0.034417114668413566 | 0.9776446045340689 | 0.22848915925066107 | 4.262220567764826 | 0.049567165814591405
Belize | 0 | 0 | 0 | NA | NA | NA | 21.426783479349183
Benin | 0 | 0 | 0 | 0 | NA | 0 | 0.0734622144112478
Bermuda | 4731.501000000001 | 6310.405 | 0.021550298004599514 | 0.3148070598736752 | 0.5714959899133355 | 2.266788170722094 | 0.12046029645994231
Botswana | 143.126 | 0 | 0.04466267240841291 | 0.6407976503877219 | 0 | 0.7205586209674172 | 0.18055481152467462
Brazil | 11717.83719999999 | 1685.4670000000096 | 0.028884282808576515 | 1.4508664398093183 | 0.12575011167768688 | NA | 0.06068899705796719
British Virgin Islands | 36.9 | 22.58099999999999 | 0.024784678904073886 | 1.1259268300125107 | 0.37963383265244355 | NA | 0.23137702023308862
Bulgaria | 53.45600000000001 | 33.520999999999994 | 0.01216874619982777 | 0.2250333618189243 | 0.3854007381261712 | 0.6443934061863303 | 0.3652408310006994
Burkina Faso | 0 | 0 | 0 | 0 | NA | 0 | 0.023147630443047882
Cambodia | 103.6 | 0 | 0.07289101526771266 | 0.5264227642276422 | 0 | 5.764522590696639 | 0.09398538758665516
Cameroon | 34.9 | 0 | 0.050484594242731086 | 1.3423076923076922 | 0 | 9.971428571428582 | 0
Canada | 45593.17479999994 | 21665.409999999996 | 0.024109423733245733 | 1.6271855034326852 | 0.32212111010697353 | NA | 0.052258291132442396
Cayman Islands | 187.392 | 226.08300000000003 | 0.009594786766985105 | NA | 0.5467875929620897 | NA | 0.13182950209065689
Channel Islands | 849.0129999999997 | 292.0790000000004 | 0.02212023678347813 | 0.5739378088079512 | 0.2559644621117319 | 2.059959670649658 | 0.22529551649486204
Chile | 7260.532249999997 | 172.16799999999967 | 0.03823600862817069 | 0.5950373141361807 | 0.02316358714990555 | 1.4253814914237775 | 0.0747776362263767
China | 226803.7190000002 | 12989.578000000009 | 0.026401261977043587 | 0.5027711279307504 | 0.05416989616686407 | 0.29070238255640446 | 0.15083598664616135
Colombia | 3720.6396 | 0 | 0.04018759194571718 | 0.9122199543232896 | 0 | 2.515325705725033 | 0.15633515048624688
Croatia | 261.7139999999999 | 21.123000000000104 | 0.013067598762194597 | 0.45716711297904317 | 0.07468259103299818 | NA | 0.07987308070278307
Curaçao | 150.6 | 71.25 | 0.009615200444367828 | 0.18857836207295953 | 0.3211629479377958 | NA | 0.11309483181721529
Cyprus | 72.8246 | 91.64699999999999 | 0.009596756127066623 | 0.19052011688960638 | 0.557220821102245 | NA | 0.2627941992807449
Czech Republic | 1422.9004 | 1.6200000000001182 | 0.06082288913130456 | 0.7076078891618511 | 0.0011372248512552844 | 1.5135922783992386 | 0.23127143727251046
Denmark | 8693.791939999996 | 7377.980000000005 | 0.025206954410850385 | 0.7773620685801041 | 0.4590645031265921 | 3.7397077904626266 | 0.07990778478032493
Dominican Republic | 0 | 0 | 0 | NA | NA | NA | 0
Ecuador | 0 | 0 | 0 | 0 | NA | 0 | 0
Egypt | 1773.115 | 18.230000000000018 | 0.059335770928315004 | 0.462541764316735 | 0.010176710795519578 | NA | 0.27923510025828036
Estonia | 101.636 | 7.374000000000009 | 0.0408736462384229 | 0.5778482775873146 | 0.0676451701678746 | NA | 0.16580146184089128
Falkland Islands | 0 | 0 | 0 | NA | NA | NA | 0.04396694214876033
Finland | 8324.699559999997 | 962.275999999998 | 0.038500552439274874 | 0.7585689547207743 | 0.10361564901114034 | 1.0490643692544595 | 0.07746896648570968
France | 55661.76629000001 | 16597.90300000007 | 0.028814329195712127 | 0.5251349310539339 | 0.22969802052909524 | 2.9022072294690524 | 0.12887975752187691
Gabon | 20.3 | 0 | 0.027384324834749767 | NA | 0 | 0.28522452649918495 | 0.0294686435215029
Georgia | 0 | 0 | 0 | 0 | NA | 0 | 0.17279756220055295
Germany | 43781.19313399994 | 18954.030000000006 | 0.026472099570730816 | 0.5153847348614382 | 0.302127402328911 | 5.124081655199501 | 0.09116031344999098
Ghana | 133.731 | 0 | 0.05655149666034469 | 0.4503455103855167 | 0 | NA | 0.34797363813902504
Gibraltar | 8.32 | 0.41600000000000037 | 0.0071807087497626565 | 0.3739493909838645 | 0.04761904761904766 | 0.20051874124911062 | 0.13085463175735268
Greece | 911.5031100000002 | 222.6919999999999 | 0.022721821367009416 | NA | 0.1963436432026231 | NA | 0.09496909626357287
Greenland | 14.94 | 0 | 0.09521988527724665 | 1.3706422018348623 | 0 | 1.3706422018348623 | 0.14700386196586523
Hong Kong | 41828.00110000004 | 5001.089999999989 | 0.02480171041053007 | 0.41562644809837995 | 0.10679451346430224 | 0.32677042881653445 | 0.13328213677430342
Hungary | 496.861 | 232.34000000000015 | 0.013355164877734195 | 1.3705527327695113 | 0.31862271170774603 | NA | 0.1183943869095903
Iceland | 165.34 | 128.3260000000001 | 0.019711257614954524 | 0.3110929647532085 | 0.4369794256059607 | 0.8659546360623254 | 0.042551217516380996
India | 15408.49648200001 | 1047.4150000000009 | 0.00985976885718465 | 0.3040011017317333 | 0.06364977115644406 | 0.20938557678326125 | 0.045869216331718705
Indonesia | 7244.950600000006 | 557.0979999999981 | 0.017952970103623234 | 0.44306139717016074 | 0.07140406687546112 | 0.6188630536457816 | 0.10053531950975482
Ireland | 8437.533 | 15311.575 | 0.014095274219092046 | 0.2618706876273715 | 0.6447221091419518 | 7.3333259225361855 | 0.054376480261522954
Isle of Man | 120.296 | 13.281999999999996 | 0.028358120993958083 | 0.6016454524994373 | 0.09943254128673881 | 0.44290375203915155 | 0.20732262637459134
Israel | 3568.338399999999 | 1568.0899999999979 | 0.02061537113204885 | 0.4206209181066968 | 0.3052880090765012 | 0.9172385208762385 | 0.25446518875715385
Italy | 18504.60452000002 | 794.2309999999998 | 0.03580651337204004 | 1.754120472023481 | 0.041154348363501625 | 3.8854499280242383 | 0.05843978455728921
Ivory Coast | 83.61919999999999 | 0 | 0.01582809637021669 | 0.3747756792369956 | 0 | 0.6202974667111758 | 0.012827049759946408
Jamaica | 191.0720999999999 | 5.856999999999999 | 0.03368106338411377 | 0.34537302479601745 | 0.02974166844818771 | 0.3587789472150003 | 0.15377441375774387
Japan | 121840.4521119998 | 59378.26500000051 | 0.024772949635057998 | 0.4135766293330399 | 0.3276607733808335 | NA | 0.3697292152378396
Jordan | 967.7880000000002 | 96.44399999999973 | 0.04114212254408391 | 0.6851611012271184 | 0.09062309721940304 | 1.1206559041163544 | 0.5792890961951451
Kazakhstan | 148.628 | 0.6780000000000257 | 0.030990508598975793 | 0.3224146608125228 | 0.004541009738389788 | 0.8893243669849363 | 0.18814876342507575
Kenya | 705.4062000000002 | 0 | 0.038110539908256746 | 0.43450629702131105 | 0 | 1.7723328559583937 | 0.06280967459077194
Kuwait | 2978.657999999999 | 235.49000000000206 | 0.03951340008269716 | 0.6425472037358735 | 0.07326669462638372 | 0.6024364753053658 | 0.22986223293322947
Kyrgyzstan | 0 | 0 | 0 | NA | NA | NA | 0.0496002041534141
Laos | 0.473 | 0.482 | 0.0015397135416666667 | 0.01339943342776204 | 0.5047120418848168 | 0.021518702118071203 | 0.022063501272741495
Latvia | 38.157 | 0 | 0.05141503522934444 | 1.5321635078702223 | 0 | 0.8585797218847034 | 0.15246568934899413
Lebanon | 33.5 | 0 | 0.004957014545508353 | 0.042589979277114554 | 0 | 0.046831401363283065 | 1.4597001454924832
Liechtenstein | 72.19999999999999 | 53.85000000000001 | 0.04030142338822215 | 0.522053506869125 | 0.4272114240380802 | 3.8428706441876743 | 1.4304249386135546
Lithuania | 126.23 | 10.070000000000007 | 0.03262271314083098 | 0.4486550655406751 | 0.07388114453411597 | NA | 0.078779412199732
Luxembourg | 2091.085399999999 | 117.66800000000103 | 0.018135630782518074 | NA | 0.053273489018738365 | NA | 0.05606330678234934
Macau | 1167.9199 | 23.330999999999904 | 0.02194892578198411 | 0.731056116786713 | 0.01958529475192833 | 0.7315396679963843 | 0.011861400950924667
Macedonia | 0 | 0 | 0 | NA | NA | NA | 0
Malawi | 20.198 | 0 | 0.04514326583523311 | 0.3789991180830503 | 0 | 0.7043766346992153 | 0.30243623067095465
Malaysia | 10970.47200000001 | 284.98199999999997 | 0.03061717012994715 | 0.5654040488506645 | 0.02531945845987196 | 3.5128537797312567 | 0.13949494224451706
Mali | 0 | 0 | 0 | NA | NA | NA | 0
Malta | 144.3016 | 85.005 | 0.015415042479027556 | 1.2656702803213697 | 0.3707045501525032 | NA | 0.10716567830729816
Marshall Islands | 145.5 | 22.19999999999999 | 0.1511845386533666 | NA | 0.13237924865831838 | NA | 0.11483367276708797
Mauritius | 195.6306 | 1.754000000000019 | 0.02474854302460855 | 0.29349153793414867 | 0.00888620490149697 | 0.3547919523887415 | 0.16914851614489276
Mexico | 4839.428299999996 | 2815.051000000002 | 0.014628710452284584 | 0.281415023033982 | 0.3677651855430588 | 0.6136132075539755 | 0.06278624169725631
Monaco | 401.7705 | 143.33499999999998 | 0.06192030219572752 | NA | 0.26294909884416867 | NA | 0.07190283261807807
Mongolia | 0 | 0 | 0 | NA | NA | NA | 0.009199539061592465
Montenegro | 0 | 0 | 0 | NA | NA | NA | 0
Morocco | 1973.308 | 67.12300000000005 | 0.03477036026021015 | 0.7274975483509436 | 0.03289648118461249 | 0.793893833681691 | 0.058697189528909184
Mozambique | 0 | 0 | 0 | NA | NA | NA | 0.8698973452244774
Namibia | 79.07 | 4.216000000000008 | 0.03499911473087819 | 0.3706985466479137 | 0.05062075258746978 | 0.35388596412956186 | 0.14057225494420503
Netherlands | 23033.58823999999 | 8460.881000000001 | 0.02862967216505322 | 0.7919515135745056 | 0.26864656570411866 | 0.9103173380120884 | 0.08958451072848367
Netherlands Antilles | 0 | 0 | 0 | NA | NA | NA | 0.0003320053120849934
New Zealand | 3300.609400000001 | 296.7069999999999 | 0.042253070799039234 | 0.7400817975734287 | 0.08248009544003407 | 1.1709568353028217 | 0.02084912212414044
Nicaragua | 0 | 0 | 0 | NA | NA | NA | 0
Niger | 0 | 0 | 0 | 0 | NA | 0 | 0
Nigeria | 1394.9172 | 21.021999999999935 | 0.04763514029210781 | 0.7885953858495547 | 0.014846682682420216 | 0.3997090128937098 | 0.2735708788926434
Norway | 8735.507153000004 | 371.1389999999974 | 0.03702070114713733 | 0.9423411479281838 | 0.040754740413157825 | 1.4012553090359228 | 0.08474816294931763
Oman | 1068.28 | 1.9249999999999545 | 0.050591476244576924 | 0.6152339925592327 | 0.0017987208058268787 | 1.024201945419537 | 0.3232119352696886
Pakistan | 3439.001900000002 | 30.427999999999884 | 0.036844197353353945 | 0.5589407306987996 | 0.008770316990696329 | 2.0512178668558603 | 0.11333561940286767
Palestinian Authority | 138.618 | 0.46700000000001296 | 0.050043502590299466 | 0.5518210516677879 | 0.0033576589855125495 | 1.327641011445099 | 0.6082788118982053
Panama | 242.3 | 119.38999999999999 | 0.045165367129380234 | 109.83680870353638 | 0.33008930299427686 | NA | 0.05854546792356687
Papua New Guinea | 156.3 | 4.849999999999994 | 0.01926134053014899 | NA | 0.03009618367980139 | NA | 0.06567534767288548
Peru | 1599.152 | 49.78899999999999 | 0.02278144880231399 | 0.38837190494705753 | 0.030194530914083636 | NA | 0.20738968559820609
Philippines | 4255.349199999999 | 780.698000000003 | 0.01823952610441714 | 0.30137825859305456 | 0.15502197834841636 | 0.5134150025267817 | 0.11530635208217829
Poland | 4948.781269999999 | 321.0970000000052 | 0.036621228854967505 | 1.1710949144689031 | 0.060930629427993405 | NA | 0.101750617203708
Portugal | 2862.8445 | 92.06399999999985 | 0.05451989218605618 | NA | 0.031156294687297373 | NA | 0.08983590649636557
Qatar | 4951.312499999999 | 0 | 0.03200281614763669 | 0.4528248230015735 | 0 | 0.36115512307529807 | 0.15858942560201797
Reunion | 0 | 0 | 0 | 0 | NA | 0 | 0.018716893422150778
Romania | 908.8077000000002 | 356.6039999999999 | 0.05217552828853604 | 0.8252750136666855 | 0.28180867934127674 | 4.007879175627353 | 0.1706733736315551
Russia | 11068.63632 | 7191.699999999992 | 0.029068268181891833 | 0.24700002642132446 | 0.39384269128291693 | NA | 0.15840977552283697
Saint Lucia | 0 | 0 | 0 | NA | NA | NA | 0
Saudi Arabia | 15173.948 | 47.54600000000028 | 0.033920330987023774 | 0.597812488894888 | 0.003123609285658837 | 4.355359599506482 | 0.11078687455340096
Senegal | 282 | 0 | 0.06672976810222432 | 0.8527624058786174 | 0 | 0.49715283042152214 | 0.09206973019315594
Serbia | 116.8048 | 3.9000000000000057 | 0.04694373855341257 | 1.2270700703855448 | 0.03231023124183964 | NA | 0.25317157949900787
Singapore | 13319.836 | 1654.5560000000114 | 0.029371984659626208 | 0.6015334323708007 | 0.11049236590039918 | NA | 0.1276911995730151
Slovakia | 368.903 | 0.03299999999995862 | 0.071093205730193 | 0.7239496045685577 | 8.944640804898037e-05 | 0.5742346490101684 | 0.0561985925471212
Slovenia | 310.609352 | 26.331999999999994 | 0.05985064611124138 | 0.7708040142145282 | 0.07815009895253223 | 2.7021023288637966 | 0.04625843534502603
South Africa | 13002.40850000001 | 1089.9009999999998 | 0.029337248889912123 | 0.5397996087011709 | 0.07734012654206886 | 1.2401503407258498 | 0.08900712722277275
South Korea | 17004.85483900001 | 18103.32400000002 | 0.01468453337882903 | 0.1956537711110703 | 0.5156440635391172 | 3.458225195132432 | 0.09534150246822284
Spain | 19765.73889999999 | 9545.63400000002 | 0.03001128259055432 | 0.736047730454763 | 0.32566314899565885 | 1.7937471532252816 | 0.06039462986652577
Sri Lanka | 514.2234259999999 | 2.566000000000031 | 0.032227771778607396 | 0.34648092352971294 | 0.004965271870713607 | 0.21919181797206083 | 0.07038079065507272
Sudan | 0 | 0 | 0 | 0 | NA | NA | 0.1208453016003283
Sweden | 22760.64836000001 | 1223.9480000000112 | 0.03373032412560644 | 0.5237851243324826 | 0.05103058569879598 | 4.4712112087703995 | 0.1261218767120441
Switzerland | 46017.42356000003 | 41612.34799999996 | 0.029256686368573023 | 0.5037838900531807 | 0.4748654168464657 | 2.4085244551348564 | 0.14188461721852047
Taiwan | 37157.00160000008 | 1960.4169999999503 | 0.04007263265462255 | 0.6828299506327054 | 0.050116216002043364 | 1.9957094822557462 | 0.1479660657574994
Tanzania | 190.7 | 0 | 0.05639532442245805 | 0.6474260824101769 | 0 | 0.8295993387566885 | 0.041860221544849335
Thailand | 13356.77500000001 | 670.5869999999995 | 0.03131288448205229 | 0.5452677417076641 | 0.047805638722376954 | 1.3831396014980561 | 0.05471387976826427
Togo | 45.8 | 0 | 0.056341493418624676 | NA | 0 | NA | 0.5730566919929866
Trinidad & Tobago | 428.6913999999999 | 14.049000000000149 | 0.036122899529642934 | 0.6085148363066508 | 0.03173191332889465 | 1.291835365106413 | 0.24160039552670198
Tunisia | 344.172 | 0.7159999999999513 | 0.04085360352874703 | 0.6412911832989867 | 0.0020760362784438754 | 0.4088084756330291 | 0.022099557268325985
Turkey | 7202.243999999998 | 129.0610000000015 | 0.041455044882429695 | 0.35816768970421087 | 0.017604096405756074 | 0.6354665375041398 | 0.10739242373676194
Turks & Caicos Islands | 0.695 | 0 | 6.0434782608695645 | 0.7679558011049723 | 0 | 0.7722222222222223 | 0.24409448818897636
Uganda | 35.041 | 0 | 0.04466609730914838 | 0.31337530630131105 | 0 | 0.2581536353389275 | 0.30358847689946383
Ukraine | 21.635 | 0.3099999999999987 | 0.010335553156320763 | 0.12804730085641064 | 0.014126224652540384 | NA | 0.28007524361096214
United Arab Emirates | 9876.859999999999 | 38.28700000000026 | 0.04624671692585937 | 0.5745056967726774 | 0.0038614656948606275 | 0.5213556244130895 | 0.2346568173595793
United Kingdom | 99790.1183000001 | 26786.508000000103 | 0.03409405686976514 | 1.490962806879455 | 0.211622862632736 | NA | 0.13783809907807837
United States | 491298.7560600003 | 602988.0740000037 | 0.019285731611036357 | 0.5609064954870864 | 0.5510329261359561 | 15.302454065480994 | 0.049151858925661276
Uruguay | 0 | 0 | 0 | 0 | NA | NA | 0.04702578946413099
Venezuela | 199.654 | 37 | 0.0004785637000706146 | 0.04155303030303031 | 0.1563463960042932 | 0.10403448268282658 | 0.0387643298531235
Vietnam | 1844.343739999999 | 320.8309999999992 | 0.026426159027457912 | 0.43102486040458765 | 0.14817787870553095 | 1.7204763388039759 | 0.2172731401950772
Zambia | 74.74440000000001 | 0 | 0.07936587489514427 | NA | 0 | NA | 0.0862437649962747
Zimbabwe | 72.17 | 7.760000000000005 | 0.03703494637450608 | 0.6066745124411568 | 0.09708494933066439 | 0.8305451069224216 | 0.12157234225080181
