Source: http://www.stern.nyu.edu/~adamodar/pc/blog/dividendindustry2017.xlsx

Sheet: Global
Date updated: | 2017-01-05 00:00:00
Created by: | Aswath Damodaran, adamodar@stern.nyu.edu
What is this data? | Dividends and FCFE (in millions) and ratios | Global
Home Page: | http://www.damodaran.com
Data website: | http://www.stern.nyu.edu/~adamodar/New_Home_Page/data.html
Companies in each industry: | http://www.stern.nyu.edu/~adamodar/pc/datasets/indname.xls
Variable definitions: | http://www.stern.nyu.edu/~adamodar/New_Home_Page/datafile/variable.htm
Industry name | Number of firms |   Dividends  |  Net Income  | Payout | Dividends + Buybacks | Cash Return as % of Net Income | Dividends + Buybacks - Stock Issuances | FCFE | Net Cash Returned/FCFE | Net Cash Returned/ Net Income
Advertising | 251 | 3539.00412 | 7789.626 | 0.4543227261488549 | 5490.951 | 0.7049056013729029 | 4269.264 | 7282.384 | 0.5862453833799481 | 0.5480704721895505
Aerospace/Defense | 222 | 15671.1912 | 34485.894 | 0.45442322591376055 | 41736.156 | 1.2102384818557987 | 37005.616 | 24090.538999999997 | 1.5361057716475337 | 1.0730652944650356
Air Transport | 158 | 10468.7981 | 42013.789 | 0.24917529099791502 | 25200.138 | 0.5998063635726832 | 18339.099 | 11534.646000000002 | 1.5899143328715934 | 0.43650190655263205
Apparel | 1171 | 13126.49959 | 28151.846 | 0.46627491461838766 | 18712.296 | 0.6646916156048878 | 13058.052 | 17395.622000000003 | 0.7506516294732087 | 0.4638435433328244
Auto & Truck | 128 | 35459.7774 | 109749.279 | 0.3230980442249648 | 43670.724 | 0.3979135389126338 | 31497.939000000002 | 26651.307999999994 | 1.1818534009662869 | 0.28699905172042184
Auto Parts | 642 | 10042.43278 | 34390.028 | 0.2920158361022561 | 11923.187 | 0.3467047773267297 | 4451.103 | 820.886 | 5.422315644316019 | 0.1294300487338946
Bank (Money Center) | 623 | 202949.512 | 550791.319 | 0.3684689736368194 | 207208.946 | 0.37620227271592127 | 132598.413 | 571982.501 | 0.23182249940894606 | 0.240741653736921
Banks (Regional) | 889 | 17582.06568 | 70623.422 | 0.248955165044254 | 22024.765 | 0.31186204769290277 | 8963.796999999999 | 56118.112 | 0.15973090826719186 | 0.12692385537477918
Beverage (Alcoholic) | 223 | 18636.82541 | 26639.575 | 0.69959169431194 | 14840.747000000001 | 0.5570939851705592 | 10781.993000000002 | 26240.415000000008 | 0.41089262498325574 | 0.40473592390269
Beverage (Soft) | 103 | 10311.16791 | 19204.515 | 0.5369137366916061 | 16584.414 | 0.8635684889725151 | 13340.845000000001 | 15784.819 | 0.8451693364364838 | 0.6946723205454551
Broadcasting | 142 | 4338.81855 | 8400.054 | 0.5165226973540884 | 8553.976 | 1.0183239298223559 | 7690.943 | 8637.936000000002 | 0.8903681388702115 | 0.9155825664930249
Brokerage & Investment Banking | 569 | 24365.75127 | 41609.947 | 0.5855751575458628 | 34207.626000000004 | 0.8221021286088157 | 16910.759000000005 | 63120.822 | 0.2679109438720555 | 0.4064114525308096
Building Materials | 434 | 5894.59313 | 13591.274 | 0.43370423773371064 | 8616.518 | 0.6339742690788223 | 4370.679 | 7776.873000000001 | 0.5620098206567086 | 0.321579787148725
Business & Consumer Services | 772 | 11697.17286 | 21352.504 | 0.5478126996252992 | 19610.345 | 0.9184096160337917 | 15801.782000000001 | 17275.609000000004 | 0.9146874069678237 | 0.7400435096511397
Cable TV | 63 | 4769.6336 | 16841.324 | 0.2832101324100172 | 14528.833 | 0.8626894773831321 | -771.7240000000002 | 22723.125999999997 | -0.0339620525802656 | -0.045823238125458556
Chemical (Basic) | 774 | 17432.3412 | 34387.611 | 0.5069366755370125 | 19516.282 | 0.5675381753038907 | 6209.209999999999 | 17753.686 | 0.3497420197698663 | 0.18056532045799867
Chemical (Diversified) | 81 | 9206.4423 | 21710.708 | 0.42405076333761205 | 10418.692000000001 | 0.47988725194959103 | 6379.279 | 15301.633999999998 | 0.41690181584528824 | 0.2938309980494418
Chemical (Specialty) | 731 | 18790.46267 | 30724.683 | 0.6115754772799447 | 27567.476 | 0.8972419992095605 | 15762.953999999998 | 15643.841000000004 | 1.007614050794814 | 0.5130387838338315
Coal & Related Energy | 278 | 6116.7123 | -2837.136 | 0.08256158151 | 6256.505 | NA | 4289.011 | -4115.824000000002 | NA | -1.5117396557655327
Computer Services | 929 | 14954.64722 | 42378.98 | 0.3528788852398052 | 23756.016000000003 | 0.5605612971336262 | 14853.245000000003 | 36811.952999999994 | 0.40348973063178706 | 0.3504861372312406
Computers/Peripherals | 327 | 25654.27321 | 78374.79 | 0.3273281269397979 | 68959.138 | 0.8798637674180692 | 64721.31300000001 | 63938.645999999986 | 1.0122409066967109 | 0.8257924901616963
Construction Supplies | 757 | 20177.02175 | 29057.379 | 0.69438546917807 | 28226.36 | 0.9714007584785951 | 20097.061 | 19622.433000000005 | 1.0241880300980004 | 0.6916336466547792
Diversified | 356 | 32527.17725 | 98679.206 | 0.32962544560806456 | 55666.412 | 0.5641149159631462 | 38449.397 | 70202.19399999999 | 0.5476950905551471 | 0.3896403159141754
Drugs (Biotechnology) | 884 | 10492.85221 | 19736.697 | 0.5316417539368415 | 39050.424 | 1.9785693624419527 | 22735.427 | 16817.805 | 1.3518664891167427 | 1.151936770372469
Drugs (Pharmaceutical) | 971 | 70607.22613 | 108691.511 | 0.6496112298043221 | 83062.386 | 0.7642030664197869 | 63761.627 | 119765.472 | 0.5323873895808635 | 0.5866293182730711
Education | 174 | 848.51128 | 1311.589 | 0.64693381844465 | 1362.897 | 1.0391189618089203 | 669.275 | 195.75199999999967 | 3.418994441946959 | 0.5102779910475004
Electrical Equipment | 856 | 14386.1647 | 21922.93 | 0.6562154191980725 | 23114.872 | 1.054369648582557 | 10521.315999999999 | 13850.617000000002 | 0.7596279645881477 | 0.47992289351833894
Electronics (Consumer & Office) | 153 | 2622.53144 | 2141.101 | 1.2248518122218428 | 3128.111 | 1.460982457156388 | -1385.6949999999997 | -4781.389999999999 | NA | -0.6471880588538325
Electronics (General) | 1239 | 13428.58319 | 32997.206 | 0.4069612193832411 | 21001.375 | 0.636459189908382 | 7028.141 | 5420.884999999999 | 1.2964932847680777 | 0.21299200301989205
Engineering/Construction | 1118 | 20837.38439 | 33077.491 | 0.6299566188378677 | 25903.727 | 0.7831224865271673 | 5575.312999999998 | 8372.778000000002 | 0.6658856833418965 | 0.16855308040141248
Entertainment | 353 | 9222.3826 | 22294.135 | 0.41366855453239165 | 25701.243000000002 | 1.1528253058483768 | 21218.306000000004 | 1953.0059999999976 | 10.86443462027256 | 0.951743855502804
Environmental & Waste Services | 306 | 2592.72869 | 4411.956 | 0.5876596888092265 | 4234.532999999999 | 0.9597858636849504 | 2303.834999999999 | 1463.517999999999 | 1.57417606069758 | 0.5221799582770089
Farming/Agriculture | 388 | 5455.10293 | 11621.297 | 0.4694056893993846 | 7573.599999999999 | 0.6517000641150467 | 4095.7159999999994 | 2835.5710000000036 | 1.4444060825844227 | 0.35243191874366514
Financial Svcs. (Non-bank & Insurance) | 1016 | 24502.04528 | 117588.194 | 0.20837164384036716 | 67848.832 | 0.5770037764165338 | 25145.572999999997 | 77489.145 | 0.32450445801150596 | 0.21384436774324467
Food Processing | 1275 | 32189.45538 | 62235.366 | 0.5172212754400769 | 47217.405 | 0.7586908864647794 | 35128.773 | 42399.06 | 0.8285271654607438 | 0.5644503319864785
Food Wholesalers | 128 | 1600.6275 | 3737.775 | 0.4282300298974657 | 4325.045 | 1.157117536502331 | 1955.806 | 2538.8450000000007 | 0.7703526603632752 | 0.523254074951007
Furn/Home Furnishings | 307 | 5970.42484 | 15589.129 | 0.3829864285554375 | 7518.977999999999 | 0.482321879561071 | 4040.9119999999994 | 18650.141000000003 | 0.21666924662928816 | 0.2592134557357245
Green & Renewable Energy | 179 | 4296.886 | 4527.934 | 0.9489727544615271 | 4225.317 | 0.9331666495138842 | -5557.9710000000005 | 1020.9320000000012 | -5.44401683951526 | -1.2274849854260244
Healthcare Products | 677 | 9806.429014 | 26784.539 | 0.36612274767917413 | 21305.292999999998 | 0.7954325067905779 | 14522.605999999998 | 21661.852000000003 | 0.6704231014042565 | 0.5422010810042315
Healthcare Support Services | 334 | 8084.57751 | 34675.523 | 0.2331494036874368 | 20581.392 | 0.593542367046634 | 12488.504 | 31990.279000000002 | 0.39038434144322404 | 0.3601532989134728
Heathcare Information and Technology | 322 | 1122.86293 | 8692.837 | 0.1291710554333413 | 5339.683 | 0.614262409383726 | 1927.103 | 8386.412 | 0.22978873444328754 | 0.22168861558085123
Homebuilding | 173 | 2889.61983 | 14467.634 | 0.19972995100650182 | 5313.768 | 0.36728659295638805 | 3448.754 | 6463.469 | 0.5335763194655997 | 0.23837719422539994
Hospitals/Healthcare Facilities | 192 | 2159.61344 | 4714.579 | 0.4580713230173893 | 6505.880999999999 | 1.379949514049929 | 3280.5069999999996 | -5314.748000000001 | NA | 0.6958218326599257
Hotel/Gaming | 658 | 14228.03706 | 24373.89 | 0.5837409235866742 | 16185.969000000001 | 0.6640699945720606 | 11255.413 | 16683.899 | 0.6746272558950399 | 0.46178156215524074
Household Products | 494 | 23660.79887 | 40076.256 | 0.5903944437823733 | 27101.648 | 0.6762519932001632 | 19932.042 | 37218.638 | 0.5355392639569455 | 0.49735289643823016
Information Services | 186 | 6572.689 | 23661.45 | 0.2777804825993335 | 25202.118 | 1.0651130002599163 | 17514.314 | 26534.503000000004 | 0.6600581137698338 | 0.7402045943929894
Insurance (General) | 233 | 21210.8796 | 40474.906 | 0.5240501262683599 | 39349.034 | 0.9721834560900524 | 34747.442 | 41703.176 | 0.8332085306884062 | 0.8584934576500314
Insurance (Life) | 123 | 25370.0855 | 69471.348 | 0.36518775337424003 | 38283.328 | 0.5510664338915664 | 36198.001000000004 | 64269.92100000001 | 0.5632183832931738 | 0.5210493540444905
Insurance (Prop/Cas.) | 227 | 12638.50466 | 40087.513 | 0.31527285466673877 | 20879.612 | 0.520850769664858 | 19157.507 | 37415.5 | 0.5120206064331627 | 0.47789213064926234
Investments & Asset Management | 1013 | 19399.91032 | 42789.186 | 0.4533834861920486 | 34299.956999999995 | 0.8016034004479542 | 20353.654999999995 | 31798.766999999996 | 0.6400768620997159 | 0.4756728721130613
Machinery | 1270 | 16852.46092 | 33064.501 | 0.5096844171336504 | 19694.525 | 0.5956395652243475 | 11888.550000000001 | 18133.607 | 0.6556086717882439 | 0.35955631086039985
Metals & Mining | 1517 | 24329.80908 | -39404.086 | 0.01679859792 | 26734.496 | NA | 16023.07 | -40882.75100000001 | NA | -0.40663473326091104
Office Equipment & Services | 159 | 1079.07117 | 2716.041 | 0.39729561151691006 | 1350.3899999999999 | 0.4971905799654717 | 1270.2079999999999 | 2125.9620000000004 | 0.597474460973432 | 0.4676689343054835
Oil/Gas (Integrated) | 49 | 64873.5897 | 15896.24 | 4.081065063184753 | 58524.496999999996 | 3.681656605587233 | 50174.077999999994 | 4480.73 | 11.19774634936718 | 3.1563487969482087
Oil/Gas (Production and Exploration) | 964 | 15080.69183 | -142148.059 | 0.005435834830000001 | 14853.901 | NA | -22231.323000000004 | -115641.24900000001 | NA | 0.1563955438885029
Oil/Gas Distribution | 210 | 35473.10103 | 11490.283 | 3.0872260526568405 | 36159.318 | 3.1469475555998057 | 9880.826999999997 | -47215.005000000005 | NA | 0.8599289504009604
Oilfield Svcs/Equip. | 544 | 20652.56679 | -16871.394 | 0.00863236251 | 26239.529000000002 | NA | 13775.809000000003 | -6593.352000000003 | NA | -0.8165187180146467
Packaging & Container | 395 | 4621.66709 | 9786.011 | 0.4722728280195066 | 6955.902 | 0.7108005498869764 | 5346.34 | 6172.283000000002 | 0.8661851700578211 | 0.5463247486641901
Paper/Forest Products | 296 | 4907.27822 | 9523.319 | 0.5152907531502411 | 5061.431 | 0.531477628755269 | 3143.6009999999997 | 2543.215999999998 | 1.2360731451831075 | 0.33009510654846275
Power | 569 | 65115.63101 | 88938.088 | 0.7321456135868357 | 68897.19499999999 | 0.7746646745992559 | 52136.49999999999 | -47385.626 | NA | 0.5862111629834003
Precious Metals | 961 | 2590.7569 | -12134.828 | 0.00316934728 | 6599.518 | NA | -2281.0509999999995 | -17780.033 | NA | 0.18797555268191685
Publishing & Newspapers | 364 | 3988.36166 | 4608.83 | 0.865374001644669 | 4209.973 | 0.9134580793824029 | 2827.938 | 5569.439999999999 | 0.507759846591399 | 0.6135913019139349
R.E.I.T. | 527 | 56699.3034 | 63210.677 | 0.8969893393168371 | 53778.488 | 0.8507817120832292 | 12389.971999999994 | 87459.437 | 0.14166535281950185 | 0.1960107467287527
Real Estate (Development) | 746 | 32779.63719 | 52507.418 | 0.6242858330988585 | 36092.58 | 0.6873805906814919 | 17005.807 | 24128.777 | 0.7047935749085004 | 0.32387437142690967
Real Estate (General/Diversified) | 420 | 13542.04068 | 35302.649 | 0.38359842854852055 | 12160.583 | 0.3444665866292357 | 5013.540000000001 | 25246.810999999994 | 0.1985811198095475 | 0.14201597166263646
Real Estate (Operations & Services) | 606 | 9854.99086 | 28162.012 | 0.34993916130708275 | 10714.359 | 0.3804543155510338 | 2390.371000000001 | 24332.239 | 0.09823884271398127 | 0.08487926927948192
Recreation | 307 | 3658.1379 | 7617.816 | 0.4802082250345769 | 4514.838 | 0.5926682923294551 | 757.2619999999997 | 1495.8839999999993 | 0.5062304296322443 | 0.0994067065941209
Reinsurance | 38 | 5738.9432 | 14320.46 | 0.40075131664764957 | 6819.954 | 0.47623847278648873 | 4506.446 | 12705.957 | 0.3546719070432868 | 0.3146858410972832
Restaurant/Dining | 346 | 9733.98235 | 20117.138 | 0.4838651675998843 | 34093.531 | 1.6947505654134303 | 32502.683000000005 | 15705.91 | 2.069455574366592 | 1.6156713246188403
Retail (Automotive) | 163 | 2131.45011 | 8590.4 | 0.24812000721735894 | 6941.392 | 0.8080406034643323 | 4836.094999999999 | 3801.899999999999 | 1.272020568663037 | 0.5629650540137828
Retail (Building Supply) | 50 | 5114.7934 | 11448.446 | 0.4467674826784351 | 15420.478 | 1.3469494462392537 | 14943.455 | 11621.545000000002 | 1.2858406519959262 | 1.3052823937851479
Retail (Distributors) | 929 | 13288.25554 | 13257.439 | 1.0023244715664918 | 16817.554 | 1.2685371586473073 | 4503.725 | 2924.721000000003 | 1.5398819237800787 | 0.33971304714281547
Retail (General) | 220 | 18753.37825 | 37589.202 | 0.4989033353248628 | 37491.68 | 0.9974055847208463 | 34655.405 | 26239.92799999999 | 1.3207126559188735 | 0.921951069884378
Retail (Grocery and Food) | 163 | 9092.63887 | 18449.593 | 0.49283682680696533 | 12761.785 | 0.6917109228371595 | 11867.194 | 11144.691000000004 | 1.0648293434066494 | 0.6432225361285747
Retail (Online) | 190 | 722.00857 | 6606.316 | 0.10929065003853887 | 4182.776 | 0.6331480359098778 | 2916.662 | 5258.437999999999 | 0.5546631908562961 | 0.44149598656800554
Retail (Special Lines) | 505 | 16743.6422 | 37140.777 | 0.4508156143313856 | 32269.058 | 0.8688309886462526 | 24610.514000000003 | 35247.362 | 0.6982228627492747 | 0.6626278712478202
Rubber& Tires | 87 | 3465.58344 | 9090.71 | 0.3812225271733451 | 3041.95 | 0.334621828218038 | 1158.4569999999999 | 6367.786999999998 | 0.18192458384679014 | 0.12743306078403116
Semiconductor | 535 | 23342.34452 | 41431.269 | 0.5633992171468366 | 39010.255999999994 | 0.941565560060446 | 28581.909999999996 | 24685.114999999998 | 1.1578601112451774 | 0.6898632528006805
Semiconductor Equip | 258 | 2944.57834 | 8841.631 | 0.33303565145390035 | 5563.162 | 0.6292008793400223 | 4051.6490000000003 | 3821.6339999999987 | 1.0601876056158182 | 0.4582467872726198
Shipbuilding & Marine | 326 | 7604.32427 | -8583.306 | 0.00877481241 | 8717.701000000001 | NA | 5893.050000000001 | -16668.437 | NA | -0.6865711184012315
Shoe | 89 | 2581.98266 | 7042.914 | 0.3666071543682061 | 1425.993 | 0.20247201655451139 | 910.328 | 7437.374 | 0.12239911560182398 | 0.1292544534833167
Software (Entertainment) | 120 | 22428.45508 | 3677.084 | 6.099522088698545 | 2250.626 | 0.6120681496533668 | 1673.2970000000003 | 4570.843000000001 | 0.366080611388315 | 0.4550608580059635
Software (Internet) | 830 | 3488.41513 | 30952.59 | 0.11270188149036962 | 13942.243999999999 | 0.4504386870371752 | 7444.058999999998 | 23262.551 | 0.32000183470849775 | 0.24049874340079452
Software (System & Application) | 1026 | 19281.62535 | 40970.275 | 0.47062474806429777 | 54361.856 | 1.3268609009824806 | 36416.16 | 40925.094 | 0.8898247124368244 | 0.8888434358812579
Steel | 737 | 10666.27185 | -20070.087 | 0.00434813557 | 10413.431 | NA | 2434.688 | -16171.644 | NA | -0.1213092897903233
Telecom (Wireless) | 106 | 22068.5551 | 38633.409 | 0.5712298156240885 | 30429.07 | 0.7876361622656701 | 25461.491 | 44986.66599999998 | 0.5659786168639395 | 0.6590536962451333
Telecom. Equipment | 480 | 9983.09455 | 18159.132 | 0.5497561529923346 | 18533.822 | 1.020633695487207 | 13806.105 | 14202.498000000001 | 0.9720899098172728 | 0.7602844122725689
Telecom. Services | 297 | 62117.92196 | 88949.675 | 0.6983490604097204 | 61596.705 | 0.6924893767177901 | 56469.806000000004 | 117388.72200000004 | 0.48104967017189254 | 0.6348511784894099
Tobacco | 59 | 24354.293 | 33539.931 | 0.7261282976402069 | 25503.939 | 0.7604052316028915 | 22642.841999999997 | 31504.495 | 0.7187178210601375 | 0.6751010310665219
Transportation | 221 | 11776.53026 | 23132.431 | 0.5090917707697906 | 17757.557 | 0.7676476804361807 | 14204.546 | 16296.831000000002 | 0.871613996610752 | 0.6140533176128354
Transportation (Railroads) | 49 | 9530.0494 | 23897.292 | 0.3987920221253521 | 17301.283 | 0.7239850858415254 | 15105.485 | -559.7009999999959 | NA | 0.632100281487961
Trucking | 195 | 2131.87256 | 7600.106 | 0.28050563505298476 | 4053.1220000000003 | 0.533298088210875 | 2606.9660000000003 | -3293.4140000000007 | NA | 0.3430170579199817
Utility (General) | 57 | 19510.685 | 3596.37 | 5.425105036467327 | 30624.472 | 8.515384123435576 | 24517.827 | -24433.703 | NA | 6.8173816932073175
Utility (Water) | 96 | 3281.9063 | 5827.798 | 0.5643645460695292 | 3329.9919999999997 | 0.5713979791337997 | 1111.6739999999995 | 1553.0800000000008 | 0.7157866948257648 | 0.1907536946201635
Total Market | 42678 | 1617885.912 | 2866739.102 | 0.5643645460695292 | 2266089.8430000003 | 0.790476482990394 | 1460476.2500000005 | 2066114.579 | 0.7068708893709426 | 0.5094555863074841
Total Market (without financials) | 37762 | 1251230.3322800002 | 1866663.6919999998 | 0.6703030318971889 | 1787146.9960000003 | 0.9574017021165698 | 1155619.1100000003 | 1095976.2199999993 | 1.0544198760078947 | 0.619082652623856

Sheet: US
Date updated: | 2017-01-05 00:00:00
Created by: | Aswath Damodaran, adamodar@stern.nyu.edu
What is this data? | Dividends and FCFE (in millions) and ratios | US companies
Home Page: | http://www.damodaran.com
Data website: | http://www.stern.nyu.edu/~adamodar/New_Home_Page/data.html
Companies in each industry: | http://www.stern.nyu.edu/~adamodar/pc/datasets/indname.xls
Variable definitions: | http://www.stern.nyu.edu/~adamodar/New_Home_Page/datafile/variable.htm
Industry name | Number of firms |   Dividends  |  Net Income  | Payout | Dividends + Buybacks | Cash Return as % of Net Income | Dividends + Buybacks - Stock Issuances | FCFE | Net Cash Returned/FCFE | Net Cash Returned/ Net Income
Advertising | 41 | 833 | 1776.276 | 0.46895865282197136 | 1832.77 | 1.0318047420558516 | 1770.171 | 2318.6360000000004 | 0.7634535994438109 | 0.9965630341230755
Aerospace/Defense | 96 | 10129.006 | 27786.976 | 0.3645235091432763 | 34206.558 | 1.2310284501631268 | 33108.344999999994 | 28741.037999999997 | 1.1519536977056986 | 1.191505869512393
Air Transport | 18 | 1479.75 | 17368.85 | 0.08519562319900283 | 14585.25 | 0.8397360792453157 | 14456.608 | 7697.472000000002 | 1.8780981600192892 | 0.8323296015568101
Apparel | 58 | 1491.27 | 3825.773 | 0.38979573539778756 | 3897.407 | 1.0187240591639912 | 3652.164 | 2696.9689999999996 | 1.3541735184942802 | 0.9546211968143432
Auto & Truck | 15 | 6027.7 | 21194.81 | 0.28439509483689634 | 9326.08 | 0.44001715514316947 | 7427.436 | 4242.738999999998 | 1.750622887714753 | 0.35043654555053805
Auto Parts | 63 | 475.18 | 3891.768 | 0.12209874792125328 | 2770.477 | 0.7118813351669472 | 2634.038 | 2009.9519999999998 | 1.3104979621403896 | 0.676822976086961
Bank (Money Center) | 10 | 17424.075 | 83192.2 | 0.2094436137041694 | 41249.923 | 0.4958388286401851 | 39735.504 | 69079.481 | 0.5752142810684985 | 0.4776349705861848
Banks (Regional) | 645 | 10474.39977 | 34285.049 | 0.3055092547774979 | 17376.505 | 0.506824563674971 | 14406.68 | 25511.719 | 0.5647083209093045 | 0.4202029870221274
Beverage (Alcoholic) | 25 | 892.22 | 2916.684 | 0.3059021820670323 | 1986.853 | 0.6812026945668437 | -707.2709999999997 | 1706.5360000000005 | -0.4144483327629769 | -0.24249147319353062
Beverage (Soft) | 36 | 9047.422 | 15467.458 | 0.5849327019346036 | 15494.151 | 1.0017257522212117 | 12681.338 | 13284.056 | 0.9546284658842148 | 0.8198721470586827
Broadcasting | 30 | 750.5 | 3478.599 | 0.2157477766192654 | 4934.388 | 1.4184986541995785 | 4858.7519999999995 | 3741.54 | 1.2985968344585384 | 1.3967554179139359
Brokerage & Investment Banking | 45 | 3755.93 | 15542.953 | 0.24164841777492346 | 13249.771 | 0.8524616268221361 | 12781.152 | 14901.622 | 0.8577020676004263 | 0.8223116932799064
Building Materials | 41 | 607.801 | 3984.646 | 0.15253575850903694 | 2478.0950000000003 | 0.6219109552015412 | 298.40700000000015 | 3538.9320000000002 | 0.08432120198975288 | 0.07488921224118783
Business & Consumer Services | 165 | 1934.6578 | 5196.792 | 0.37227924458011785 | 6827.755 | 1.3138403461212225 | 6131.158 | 5223.9929999999995 | 1.1736535634714673 | 1.1797966899579586
Cable TV | 14 | 2640.949 | 14511.19 | 0.18199396465761938 | 9583.349999999999 | 0.6604110345188781 | 34.14999999999782 | 16350.635000000002 | 0.0020886038982582517 | 0.0023533562719527355
Chemical (Basic) | 45 | 639.67 | 894.21 | 0.715346506972635 | 1000.923 | 1.1193377394571744 | 155.64599999999996 | 664.4230000000001 | 0.23425739325700634 | 0.1740597846143523
Chemical (Diversified) | 8 | 3652 | 11213.6 | 0.3256759648997646 | 5428 | 0.48405507597916814 | 4686.629 | 7877.7 | 0.594923518285794 | 0.41794151744310476
Chemical (Specialty) | 100 | 4468.309 | 7384.547 | 0.6050891137939809 | 10937.644 | 1.4811530077606658 | 9322.536 | 5384.822999999999 | 1.7312613617940646 | 1.262438440705977
Coal & Related Energy | 38 | 579.6806 | -3203.412 | 0.01628394977 | 577.67 | NA | 478.566 | 1274.1560000000004 | 0.3755945111901524 | -0.14939258515607734
Computer Services | 117 | 5997.816 | 16726.765 | 0.3585759709065082 | 12262.86 | 0.7331280136954158 | 11434.226 | 18137.468999999997 | 0.6304201539917175 | 0.6835886078389934
Computers/Peripherals | 55 | 14170.12 | 50083.249 | 0.28293132500249735 | 49742.257000000005 | 0.9931914960229518 | 48606.920000000006 | 51492.86000000001 | 0.9439545599137433 | 0.9705224994488677
Construction Supplies | 51 | 3800.56 | 5596.082 | 0.6791465886311172 | 7413.938 | 1.324844417933833 | 6877.013 | 6565.571 | 1.0474356305034247 | 1.2288978252999152
Diversified | 24 | 13262.698 | 43773.533 | 0.3029844084095291 | 31109.653 | 0.7106955017772953 | 29763.115999999998 | 33760.17 | 0.8816044468970388 | 0.6799340596976715
Drugs (Biotechnology) | 426 | 8962.1 | 19474.228 | 0.46020309508546375 | 35518.162000000004 | 1.8238546863064355 | 24209.702000000005 | 18960.15 | 1.2768729150349551 | 1.2431661989373857
Drugs (Pharmaceutical) | 164 | 25779.352 | 31150.814 | 0.8275659185021618 | 37343.518 | 1.198797501728205 | 31321.369999999995 | 35275.786 | 0.8878999889612664 | 1.0054751699265385
Education | 36 | 73.65 | 314.306 | 0.2343257844266416 | 689.227 | 2.19285346127659 | 603.725 | -196.86399999999986 | NA | 1.9208192016697105
Electrical Equipment | 119 | 2026.496 | 3750.121 | 0.5403814970236961 | 4006.73 | 1.068426858760024 | 3638.688 | 3240.128 | 1.123007486124005 | 0.9702854921214542
Electronics (Consumer & Office) | 24 | 100.5 | -164.16 | 0.00066503441 | 300.345 | NA | 263.149 | -64.76700000000002 | NA | -1.6030031676413257
Electronics (General) | 164 | 1195.803 | 5131.477 | 0.23303290651015296 | 7352.420999999999 | 1.4328079420408588 | 6364.329 | 3332.565 | 1.9097388948152547 | 1.2402528550746694
Engineering/Construction | 48 | 282.771 | 613.286 | 0.46107525689482565 | 1369.927 | 2.2337490175872268 | 1073.4409999999998 | 1965.597 | 0.5461144883717262 | 1.7503106217979865
Entertainment | 79 | 5437.03214 | 18602.887 | 0.2922681914909229 | 19495.472999999998 | 1.0479810472428284 | 19016.244 | -178.23300000000017 | NA | 1.0222200457380621
Environmental & Waste Services | 89 | 1448.57 | 2152.608 | 0.6729371998989132 | 2711.9939999999997 | 1.2598643134281762 | 2458.8759999999997 | 2200.3960000000006 | 1.1174697645332927 | 1.1422776464641957
Farming/Agriculture | 37 | 1954.63 | 4984.328 | 0.39215517116851056 | 3888.36 | 0.7801171993496415 | 3751.712 | 2074.6200000000013 | 1.8083851500515746 | 0.7527016681085192
Financial Svcs. (Non-bank & Insurance) | 258 | 8085.55366 | 42573.148 | 0.1899214420319587 | 25933.356 | 0.6091481889006657 | 24231.389 | 32324.050000000003 | 0.7496396336473925 | 0.5691707129573786
Food Processing | 87 | 9019.1152 | 16088.941 | 0.5605785489548379 | 18471.506 | 1.1480871239443293 | 15614.890000000001 | 16015.789000000002 | 0.9749685138833933 | 0.9705355995773743
Food Wholesalers | 16 | 731.9 | 1347.176 | 0.5432846190846631 | 3313.9990000000003 | 2.459959945842266 | 1706.1160000000002 | 1858.157 | 0.9181764511825429 | 1.2664388320457018
Furn/Home Furnishings | 30 | 524.656 | 2651.275 | 0.19788818587283474 | 1874.407 | 0.7069832439109485 | 1791.7649999999999 | 1444.357 | 1.2405277919517128 | 0.6758125807394555
Green & Renewable Energy | 25 | 505 | -252.811 | 0.009780862310000001 | 505.728 | NA | -2717.447 | -1068.446 | NA | 10.748927064091356
Healthcare Products | 254 | 4359.819 | 15309.774 | 0.28477357013891913 | 9595.847000000002 | 0.6267791412205042 | 6315.833000000001 | 13887.349999999999 | 0.45479036677263857 | 0.41253600477707913
Healthcare Support Services | 121 | 4987.465 | 26589.661 | 0.18757159032602935 | 17588.915999999997 | 0.661494556098327 | 13045.930999999997 | 27214.009000000002 | 0.47938291635017816 | 0.4906392375592903
Heathcare Information and Technology | 125 | 541.323 | 5445.347 | 0.09941019369380868 | 4591.622 | 0.8432193577379 | 2503.023 | 5798.271000000001 | 0.4316843762563012 | 0.45966271754582405
Homebuilding | 33 | 355.007 | 5035.727 | 0.0704976659775242 | 2225.804 | 0.44200251522769207 | 1995.313 | 983.768 | 2.0282353156435255 | 0.3962313683803749
Hospitals/Healthcare Facilities | 38 | 206.47 | 703.475 | 0.2935001243825296 | 4342.545 | 6.172991222147198 | 3326.111 | -6620.5109999999995 | NA | 4.728115426987455
Hotel/Gaming | 69 | 5593.889 | 8114.499 | 0.6893696086474347 | 8295.935000000001 | 1.0223594826988087 | 7299.594000000001 | 5478.917 | 1.332306001350267 | 0.8995742066146044
Household Products | 129 | 11814.726 | 17357.634 | 0.6806645421835719 | 13913.494999999999 | 0.8015778532949825 | 9638.449999999999 | 18375.595999999998 | 0.5245244834507681 | 0.5552859335552299
Information Services | 64 | 5489.91 | 19810.524 | 0.2771208878674789 | 22823.792 | 1.152104406728464 | 18965.493000000002 | 22032.720999999998 | 0.8607875985902969 | 0.9573443387968941
Insurance (General) | 19 | 3251.448 | 5663.571 | 0.5740985678470351 | 19106.189 | 3.373523347725313 | 18774.722999999998 | 10171.306 | 1.8458517519775728 | 3.314997375330864
Insurance (Life) | 22 | 4734.278 | 15641.811 | 0.3026681501266062 | 11314.345000000001 | 0.723339835777328 | 10860.315 | 15761.453 | 0.6890427551317763 | 0.6943131457092788
Insurance (Prop/Cas.) | 50 | 3747.43 | 11942.87 | 0.31377968612234747 | 9527.646999999999 | 0.7977686268041098 | 8642.969 | 11780.812000000002 | 0.7336479862338859 | 0.7236927974599069
Investments & Asset Management | 156 | 9970.078 | 18597.675 | 0.5360927105135453 | 22258.568 | 1.1968468101523444 | 18345.87 | 16812.67 | 1.0911931299430728 | 0.9864604043247341
Machinery | 127 | 3235.21 | 8618.347 | 0.3753863704954094 | 7136.196 | 0.8280237497979601 | 6586.068 | 9537.457 | 0.6905475956536422 | 0.7641915555268314
Metals & Mining | 97 | 328.2 | -9315.486 | 0.00203730716 | 738.2 | NA | -879.086 | -10016.501 | NA | 0.0943682380071206
Office Equipment & Services | 24 | 478.97 | 1207.531 | 0.39665234267277616 | 792.4639999999999 | 0.6562680378391942 | 742.9419999999999 | 1066.8249999999998 | 0.6964047524195628 | 0.6152570824268693
Oil/Gas (Integrated) | 7 | 22799 | 1749.9 | 0.01384116331 | 24309.347999999998 | 13.891849819989712 | 23835.528 | 2332.751000000001 | 10.217776350754962 | 13.62108006171781
Oil/Gas (Production and Exploration) | 330 | 4956.39939 | -110768.028 | 0.00888593367 | 5132.102000000001 | NA | -20856.358 | -94625.37000000001 | NA | 0.18828860977826561
Oil/Gas Distribution | 78 | 26996.882 | 4163.51 | 6.484164082709061 | 28017.298 | 6.729249599496578 | 10825.705999999998 | -41034.630000000005 | NA | 2.600139305537875
Oilfield Svcs/Equip. | 148 | 9746.418 | -17822.389 | 0.01971591264 | 16211.221 | NA | 14086.099999999999 | -10106.182999999997 | NA | -0.7903598109097495
Packaging & Container | 26 | 2207.66 | 4152.393 | 0.5316596959873499 | 4190.889999999999 | 1.0092710396149882 | 3739.5209999999993 | 3120.715 | 1.19828981499432 | 0.900570104997287
Paper/Forest Products | 23 | 248.79 | 1894.672 | 0.1313103270645262 | 360.41999999999996 | 0.1902281766976025 | 355.20899999999995 | 1556.8270000000002 | 0.22816215289174704 | 0.18747783257471476
Power | 68 | 19056.833 | 12363.855 | 1.5413342359644302 | 19700.909 | 1.5934276971057975 | 13071.238 | -38170.42699999999 | NA | 1.0572137897120275
Precious Metals | 109 | 185.07 | -1998.755 | 0.007750056159999999 | 189.736 | NA | -200.69400000000002 | -2231.0370000000003 | NA | 0.10040950491681072
Publishing & Newspapers | 37 | 971.15 | 832.327 | 1.166789014413806 | 1295.4370000000001 | 1.5564039133657808 | 1050.066 | 1913.997 | 0.548624684364709 | 1.2616027114343282
R.E.I.T. | 238 | 42031.6264 | 35610.574 | 1.1803130834116855 | 39714.678 | 1.1152495885070541 | 10133.928 | 66869.832 | 0.15154708329460137 | 0.2845763732985601
Real Estate (Development) | 18 | 0.26 | 384.933 | 0.0006754422198148769 | 3.888 | 0.010100459040924005 | 0.31599999999999984 | 561.5110000000001 | 0.0005627672476585495 | 0.0008209220825442345
Real Estate (General/Diversified) | 11 | 29.587 | 44.963 | 0.6580299357249294 | 53.482 | 1.1894668950025575 | 52.127 | 91.20299999999999 | 0.5715491814962228 | 1.1593310054934056
Real Estate (Operations & Services) | 54 | 130.03 | 1131.43 | 0.11492535994272735 | 361.153 | 0.3192004808074737 | 302.475 | 1243.4140000000002 | 0.24326169723036734 | 0.2673386776026798
Recreation | 66 | 1680.86 | 2587.556 | 0.649593670629737 | 2703.1949999999997 | 1.0446904337529312 | 2474.4709999999995 | 2020.6730000000002 | 1.2245776530888468 | 0.9562965980253179
Reinsurance | 3 | 98.3 | 1289.3 | 0.076242922516094 | 378.3 | 0.29341503141239433 | 367.90000000000003 | 1147.182 | 0.3206988952058174 | 0.28534863879624606
Restaurant/Dining | 86 | 6207.597 | 12250.748 | 0.506711671809754 | 29939.614999999998 | 2.4439009764954758 | 29104.884 | 10076.133 | 2.8884974027238424 | 2.3757638309105698
Retail (Automotive) | 25 | 438.682 | 5438.506 | 0.08066222598632786 | 5246.650000000001 | 0.964722664643562 | 5054.27 | 3186.5620000000004 | 1.5861200880447328 | 0.9293489792968879
Retail (Building Supply) | 6 | 4383 | 9954.781 | 0.4402909516542855 | 14472.295 | 1.4538034538379094 | 14110.63 | 10690.977000000003 | 1.3198634699148633 | 1.4174726696649578
Retail (Distributors) | 88 | 1737.6376 | 4865.13 | 0.35716159691519034 | 5116.5019999999995 | 1.0516680951999227 | 4279.655 | 341.25599999999986 | 12.540893053895028 | 0.8796589196999874
Retail (General) | 19 | 9978.283 | 21717.678 | 0.45945441312832797 | 26874.641 | 1.2374546210695268 | 26449.662 | 25601.657 | 1.0331230513712453 | 1.2178862767925742
Retail (Grocery and Food) | 14 | 688.391 | 3219.888 | 0.21379346113902098 | 3320.408 | 1.031218477164423 | 3212.028 | 526.5639999999999 | 6.09997645110566 | 0.997558921304095
Retail (Online) | 57 | 268.822 | 5676.103 | 0.04736031041015288 | 3627.5820000000003 | 0.6390972820613016 | 3306.271 | 6241.902999999999 | 0.5296895834491502 | 0.5824896059849514
Retail (Special Lines) | 108 | 7463.842 | 20158.865 | 0.3702511029266776 | 23671.258 | 1.1742356526520714 | 22475.912 | 20326.113999999998 | 1.1057653223828225 | 1.1149393579450033
Rubber& Tires | 4 | 98.1 | 546.952 | 0.17935760359227135 | 504.6 | 0.9225672453889922 | 450.49 | -184.65699999999993 | NA | 0.8236371747429391
Semiconductor | 80 | 11874.98 | 23292.027 | 0.5098302522146312 | 25600.953 | 1.0991294574748691 | 21481.100000000002 | 17962.039 | 1.1959165660424187 | 0.922251206389208
Semiconductor Equip | 45 | 1126.48 | 3830.75 | 0.2940625203941787 | 3512.329 | 0.9168776349278862 | 3205.177 | 3030.161 | 1.057757987116856 | 0.8366969914507604
Shipbuilding & Marine | 11 | 32.4695 | -370.345 | 0.00100835453 | 117.16499999999999 | NA | 29.62899999999999 | -321.5970000000001 | NA | -0.08000378025894771
Shoe | 10 | 1127.534 | 4443.068 | 0.2537737437284327 | 267.24 | 0.06014762772030498 | 249.698 | 5015.313 | 0.04978712196028443 | 0.05619945497120458
Software (Entertainment) | 13 | 195 | 1905.26 | 0.10234823593630266 | 1503.8 | 0.7892886010308304 | 1443.7259999999999 | 2784.178 | 0.5185465871794116 | 0.7577579962839717
Software (Internet) | 297 | 1165.141 | 20999.791 | 0.05548345695440493 | 11367.876 | 0.5413328161218366 | 8437.387 | 13201.349999999999 | 0.6391306192169741 | 0.40178433204406655
Software (System & Application) | 236 | 15151.34 | 29411.553 | 0.5151492680444314 | 48354.254 | 1.6440564699184705 | 38998.646 | 30217.804000000004 | 1.2905850471463776 | 1.3259635082853327
Steel | 38 | 1138.129 | -4418.222 | 0.0071015418299999996 | 1441.947 | NA | 268.62199999999984 | 682.3480000000002 | 0.39367302314947766 | -0.06079866516440321
Telecom (Wireless) | 17 | 85.6 | -1851.87 | 0.00486848551 | 107.38999999999999 | NA | 28.773999999999987 | -3437.2170000000006 | NA | -0.015537807729484245
Telecom. Equipment | 107 | 5877.441 | 13306.184 | 0.44170747977030833 | 14190.760999999999 | 1.0664786388043332 | 12349.106999999998 | 12071.316 | 1.0230124867910009 | 0.9280727667676922
Telecom. Services | 67 | 22750.61 | 33014.503 | 0.6891095710270121 | 24261.738 | 0.7348812126597818 | 24027.696 | 35725.473 | 0.6725648111083092 | 0.7277921463788203
Tobacco | 22 | 13244 | 17362.248 | 0.7628044479032899 | 14100.313 | 0.8121248469668214 | 13989.606 | 16377.113999999998 | 0.8542168052319842 | 0.8057485413179215
Transportation | 17 | 3378.2 | 7955.777 | 0.424622258768691 | 8986.873 | 1.129603431569286 | 8257.278 | 4945.001 | 1.6698233225837569 | 1.037897115517441
Transportation (Railroads) | 7 | 3377.032 | 8245.726 | 0.4095493835230518 | 7882.78 | 0.9559837423654387 | 7799.5599999999995 | 4347.038999999999 | 1.7942236082998109 | 0.9458912411108493
Trucking | 30 | 345.65 | 2476.525 | 0.1395705676300461 | 2117.311 | 0.8549524030647783 | 2078.308 | -5084.317999999999 | NA | 0.8392033191669779
Utility (General) | 18 | 7757.375 | 10003.6 | 0.7754583349994002 | 7821.861999999999 | 0.7819047143028509 | 3960.3579999999993 | -12849.581000000002 | NA | 0.3958932784197688
Utility (Water) | 22 | 512.488 | 820.7 | 0.5609064955327521 | 677.594 | 0.8256293408066285 | 621.976 | -578.9820000000001 | NA | 0.7578603631046668
Total Market | 7330 | 491298.7561 | 875901.349 | 0.5609064955327521 | 1043006.79 | 1.190781120717283 | 838992.765 | 681234.3280000002 | 1.2315773449983862 | 0.957862167877538
Total Market (without financials) | 6100 | 428963.34367000003 | 645545.388 | 0.6644975731280416 | 881003.6330000001 | 1.3647431294172612 | 691921.4340000001 | 483184.6789999999 | 1.4320020151135635 | 1.0718401011951775

Sheet: Europe
Date updated: | 2017-01-05 00:00:00
Created by: | Aswath Damodaran, adamodar@stern.nyu.edu
What is this data? | Dividends and FCFE (in millions) and ratios | Western Europe
Home Page: | http://www.damodaran.com
Data website: | http://www.stern.nyu.edu/~adamodar/New_Home_Page/data.html
Companies in each industry: | http://www.stern.nyu.edu/~adamodar/pc/datasets/indname.xls
Variable definitions: | http://www.stern.nyu.edu/~adamodar/New_Home_Page/datafile/variable.htm
Industry name | Number of firms |   Dividends  |  Net Income  | Payout | Dividends + Buybacks | Cash Return as % of Net Income | Dividends + Buybacks - Stock Issuances | FCFE | Net Cash Returned/FCFE | Net Cash Returned/ Net Income
Advertising | 79 | 1606.2231 | 3761.686 | 0.4269955280690626 | 2625.034 | 0.697834428498285 | 2187.687 | 3350.407 | 0.6529615655650194 | 0.5815708700832551
Aerospace/Defense | 41 | 4461.9716 | 6909.103 | 0.645810548778908 | 6214.416 | 0.8994533733250177 | 4876.058 | -1184.781 | NA | 0.7057440017901021
Air Transport | 38 | 2738.6212 | 9414.407 | 0.29089683503167013 | 3596.4579999999996 | 0.382016413779434 | 2209.3549999999996 | 6987.383999999999 | 0.31619201120190327 | 0.23467808434455825
Apparel | 135 | 7260.18578 | 16061.321 | 0.4520291811613752 | 10051.468 | 0.625818262395727 | 9354.212000000001 | 13960.509000000002 | 0.6700480620011777 | 0.5824061420601706
Auto & Truck | 23 | 10592.55 | 28726.891 | 0.36873290604263437 | 10749.24 | 0.374187377255687 | 8758.964 | 16211.506999999994 | 0.5402930153254724 | 0.3049046971355167
Auto Parts | 56 | 2418.346 | 6864.668 | 0.35228885067711946 | 3188.165 | 0.4644310547866263 | 2344.214 | 3043.3379999999997 | 0.7702772416340217 | 0.341489785085018
Bank (Money Center) | 129 | 50756.7293 | 68128.58 | 0.7450137563413181 | 35140.438 | 0.5157958378113855 | 12037.482000000004 | 49414.255999999994 | 0.24360342489017756 | 0.17668769846663476
Banks (Regional) | 66 | 1257.207133 | 4438.51 | 0.28324981423946327 | 796.172 | 0.17937821476125998 | 309.80800000000005 | 4065.0870000000004 | 0.07621189903192724 | 0.06980000045060167
Beverage (Alcoholic) | 56 | 10028.92104 | 10343.932 | 0.9695463040553629 | 5931.715999999999 | 0.5734488587125282 | 5613.147999999999 | 12870.77 | 0.43611594333516945 | 0.5426512857973157
Beverage (Soft) | 19 | 326.26001 | 1705.183 | 0.1913343083997436 | 440.994 | 0.25861974931722875 | 397.78400000000005 | 184.94599999999997 | 2.150811588247381 | 0.23327936063167418
Broadcasting | 25 | 2110.891 | 2433.403 | 0.8674646164239956 | 2305.7380000000003 | 0.9475364335459439 | 2268.7740000000003 | 3796.421 | 0.5976086424556182 | 0.9323461835133764
Brokerage & Investment Banking | 78 | 801.57176 | 657.628 | 1.2188832592286216 | 792.6709999999999 | 1.2053486165430911 | 707.4899999999999 | -302.63 | NA | 1.075820980858479
Building Materials | 88 | 3226.65788 | 3905.687 | 0.8261434876885937 | 5014.027 | 1.2837759400586888 | 4350.792 | 3694.9549999999995 | 1.1774952604294235 | 1.113963305303267
Business & Consumer Services | 214 | 6722.0192 | 11014.888 | 0.6102666863249085 | 10038.835 | 0.9113878416194516 | 9339.805999999999 | 10047.212000000003 | 0.9295918111412396 | 0.8479256439103147
Cable TV | 12 | 950.231 | -761.59 | 0.00344409794 | 3717.4309999999996 | NA | 1443.8109999999997 | 4517.941 | 0.31957278769244657 | -1.895785133733373
Chemical (Basic) | 59 | 2032.66932 | 5383.388 | 0.37758179793096835 | 5641.893 | 1.0480190170205084 | 5563.694 | 3037.8949999999995 | 1.831430645232966 | 1.033493034497978
Chemical (Diversified) | 7 | 3615.425 | 5514.7 | 0.6555977659709504 | 3679.8900000000003 | 0.6672874317732607 | 757.3900000000003 | 8132.722999999999 | 0.09312870978145947 | 0.13734019982954654
Chemical (Specialty) | 89 | 5714.028 | 10507.187 | 0.5438209103920965 | 6248.766 | 0.5947135041947954 | 2941.8149999999996 | 7998.674000000001 | 0.3677878358337894 | 0.2799812166662685
Coal & Related Energy | 17 | 73.1412 | -169.107 | 0.8647843137 | 60.779999999999994 | NA | 48.72599999999999 | -70.305 | NA | -0.28813709663112697
Computer Services | 213 | 2573.6684 | 8350.901 | 0.30819050543168935 | 5422.785 | 0.6493652601078614 | 4101.502 | 8549.853999999998 | 0.47971602789942397 | 0.49114484772361694
Computers/Peripherals | 36 | 865.49839 | 837.337 | 1.0336320860059929 | 1088.527 | 1.2999867436886225 | 936.2460000000001 | 551.466 | 1.6977402051985073 | 1.1181232884728611
Construction Supplies | 101 | 3513.2602 | 6915.129 | 0.5080541809126048 | 7466.6939999999995 | 1.0797620695145382 | 6668.754999999999 | 6357.830999999998 | 1.0489040995270245 | 0.9643717420166709
Diversified | 70 | 7999.0811 | 21039.497 | 0.38019355215573836 | 9536.551 | 0.4532689636068771 | 8969.373 | 24301.589999999997 | 0.369085849938214 | 0.426311189854016
Drugs (Biotechnology) | 188 | 614.8 | -808.581 | 0.0017927328 | 1926.523 | NA | -605.2680000000003 | -1415.7730000000001 | NA | 0.7485558033146961
Drugs (Pharmaceutical) | 105 | 34116.8564 | 53250.121 | 0.640690683125396 | 37375.445999999996 | 0.7018847149661875 | 34187.458 | 66547.908 | 0.5137270130264651 | 0.6420165317558622
Education | 9 | 2.526 | 1.167 | 2.16452442159383 | 2.647 | 2.2682090831191086 | -66.017 | -10.907999999999998 | NA | -56.56983718937446
Electrical Equipment | 121 | 7204.6076 | 7961.06 | 0.9049809447485636 | 14524.89 | 1.8244919646378748 | 13172.381 | 9563.729000000001 | 1.3773268774136112 | 1.6546013973013642
Electronics (Consumer & Office) | 16 | 411.93706 | 690.53 | 0.5965520107743327 | 501.385 | 0.7260872083761748 | 454.02299999999997 | 474.577 | 0.9566898522262983 | 0.6574993121225725
Electronics (General) | 149 | 1381.90378 | 4120.785 | 0.33534964333252043 | 4300.963 | 1.0437241933272423 | 3916.8329999999996 | 3781.5510000000004 | 1.0357742101058531 | 0.9505065175688612
Engineering/Construction | 170 | 4807.06215 | 2707.513 | 1.7754530264489958 | 8082.4580000000005 | 2.9851963776351216 | 5511.633000000001 | 6121.543999999998 | 0.9003664761700647 | 2.035681084449087
Entertainment | 71 | 3121.437 | 1692.757 | 1.8439959190834831 | 5508.402 | 3.2541008544049737 | 5053.404 | 2346.2400000000002 | 2.1538308101472996 | 2.98530976389405
Environmental & Waste Services | 55 | 314.04569 | 194.909 | 1.6112426311766004 | 326.947 | 1.6774340846241067 | 279.525 | 334.106 | 0.8366356784972433 | 1.4341307995013057
Farming/Agriculture | 40 | 635.9779 | 454.503 | 1.399282072945613 | 630.3489999999999 | 1.386897336211202 | 555.641 | -638.318 | NA | 1.2225243837774449
Financial Svcs. (Non-bank & Insurance) | 111 | 4978.8488 | 43854.645 | 0.11353070581234896 | 32064.996000000003 | 0.7311653303772042 | -1158.671999999995 | 38224.46399999999 | -0.03031231517072405 | -0.02642073604745849
Food Processing | 158 | 11305.30721 | 18838.741 | 0.600109487677547 | 15239.731 | 0.80895697860064 | 13873.426 | 16571.270000000004 | 0.8371975111141148 | 0.7364306351470089
Food Wholesalers | 14 | 272.03 | 1138.462 | 0.23894517340060537 | 467.53 | 0.41066807675618505 | 456.63 | 161.41299999999998 | 2.828954297361427 | 0.40109375631334204
Furn/Home Furnishings | 46 | 923.7449 | 2233.953 | 0.413502387919531 | 1136.033 | 0.5085303943279021 | 1109.2259999999999 | 2016.8750000000002 | 0.5499726061357296 | 0.4965305894976304
Green & Renewable Energy | 49 | 395.196 | -139.524 | 0.01767837989 | 394.627 | NA | 147.20000000000002 | -467.282 | NA | -1.0550156245520486
Healthcare Products | 157 | 3848.30485 | 6992.894 | 0.5503164855637738 | 8763.085 | 1.2531414032587938 | 7344.976999999999 | 6879.338 | 1.0676866000769258 | 1.0503486825340123
Healthcare Support Services | 45 | 1206.1763 | 3556.986 | 0.3391006599407476 | 1269.2640000000001 | 0.35683694003856076 | 871.5300000000002 | 2276.143999999999 | 0.38289756711350453 | 0.24501923819773264
Heathcare Information and Technology | 74 | 399.87035 | 1260.766 | 0.31716460469270263 | 592.7850000000001 | 0.4701784470710664 | -50.670999999999935 | 1199.9740000000002 | -0.04222674824621194 | -0.040190646004095866
Homebuilding | 46 | 1220.9463 | 4769.187 | 0.2560072188404439 | 1272.1660000000002 | 0.2667469319194236 | 22.869000000000142 | 2348.879 | 0.009736133704631078 | 0.004795156910391675
Hospitals/Healthcare Facilities | 34 | 300.99526 | 886.969 | 0.3393526267547118 | 498.236 | 0.5617287639139587 | -518.833 | 327.22900000000004 | -1.5855349006353345 | -0.5849505450585082
Hotel/Gaming | 118 | 2946.8537 | 5401.202 | 0.5455922033651028 | 2102.0370000000003 | 0.3891794826410862 | 1175.6600000000003 | 6509.317 | 0.1806118829364126 | 0.21766636389455538
Household Products | 69 | 8095.2456 | 12924.907 | 0.6263291178806935 | 10070.42 | 0.7791483528662915 | 9431.07 | 12419.650999999998 | 0.7593667487113769 | 0.7296818460666681
Information Services | 27 | 235.97232 | 1178.052 | 0.2003072190361716 | 1154.218 | 0.9797682954572465 | -1721.2139999999997 | 1889.585 | -0.9108952494859981 | -1.4610679324851534
Insurance (General) | 50 | 14100.4072 | 29380.904 | 0.47991740485588874 | 16290.789999999999 | 0.5544686439872647 | 15383.197999999999 | 29134.834 | 0.5280001938572912 | 0.5235781036553538
Insurance (Life) | 22 | 5548.0095 | 12615.82 | 0.4397660635614649 | 6789.725 | 0.5381913343722406 | 5916.655000000001 | 14920.814 | 0.3965370119887561 | 0.46898695447462
Insurance (Prop/Cas.) | 22 | 2891.1727 | 6170.021 | 0.4685839318861314 | 3332.238 | 0.5400691504939772 | 2896.461 | 5667.029999999999 | 0.5111074054663555 | 0.46944102783442715
Investments & Asset Management | 339 | 4236.675744 | 11331.29 | 0.3738917408344504 | 5574.0650000000005 | 0.49191795461946525 | 3473.4370000000004 | 8602.466 | 0.40377224391238514 | 0.30653500175178644
Machinery | 211 | 6207.0606 | 10988.241 | 0.5648820953235372 | 6790.963 | 0.6180209371090423 | 6019.727 | 12148.532 | 0.4955106509988203 | 0.5478335431485348
Metals & Mining | 105 | 10136.311 | -18284.969 | 0.04467459719 | 11291.016 | NA | 8201.633 | -13080.798000000003 | NA | -0.4485450864040294
Office Equipment & Services | 34 | 296.803 | 582.7 | 0.5093581602883129 | 383.964 | 0.6589394199416508 | 371.054 | 455.36899999999997 | 0.8148424684157244 | 0.6367839368457181
Oil/Gas (Integrated) | 14 | 26968.67 | -10635.67 | 0.013967819809999999 | 19424.97 | NA | 15704.412 | -10113.184000000008 | NA | -1.4765794726613368
Oil/Gas (Production and Exploration) | 120 | 326.10034 | -6322.297 | 0.0011818879 | 417.44399999999996 | NA | -766.7470000000001 | -6854.409999999999 | NA | 0.1212766499264429
Oil/Gas Distribution | 34 | 2205.3322 | 2796.67 | 0.7885564617920597 | 2204.792 | 0.7883633035002342 | 2081.247 | 1675.5849999999994 | 1.242101713729832 | 0.7441875516238955
Oilfield Svcs/Equip. | 74 | 3060.8559 | -7327.925 | 0.02177229843 | 3204.0739999999996 | NA | -3693.7800000000007 | -3625.675 | NA | 0.5040690236322015
Packaging & Container | 47 | 747.1888 | 1931.769 | 0.3867899319225021 | 759.524 | 0.39317537448835754 | 281.166 | 1154.2800000000004 | 0.24358561180995936 | 0.1455484584336947
Paper/Forest Products | 42 | 2057.42467 | 3339.287 | 0.6161269366783987 | 2101.753 | 0.6294017255779453 | 1966.7220000000002 | 3315.946 | 0.5931103823765527 | 0.5889646502382097
Power | 73 | 14984.556 | 13474.448 | 1.1120719750449146 | 18698.694 | 1.3877150292167812 | 16781.207 | -747.5569999999998 | NA | 1.2454096078741035
Precious Metals | 58 | 109.7531 | -468.444 | 0.0022688334700000003 | 79.71900000000001 | NA | -354.287 | -665.9449999999999 | NA | 0.7563059832125077
Publishing & Newspapers | 98 | 1570.0562 | 2185.669 | 0.7183412492925507 | 1820.805 | 0.8330652994575117 | 1717.6970000000001 | 3712.9519999999998 | 0.46262300185943694 | 0.7858907272784672
R.E.I.T. | 126 | 6354.4938 | 15298.069 | 0.41537881676439037 | 6153.385 | 0.40223279160265263 | 3447.974 | 13124.171 | 0.2627193748085117 | 0.2253862235815514
Real Estate (Development) | 59 | 366.8207 | 1437.316 | 0.25521228456372846 | 629.563 | 0.43801293522092566 | 127.007 | 1111.1239999999998 | 0.1143049740623009 | 0.08836400624497327
Real Estate (General/Diversified) | 70 | 358.3894 | 1342.45 | 0.2669666654251555 | 383.708 | 0.2858266602108086 | 265.95000000000005 | 1450.198 | 0.18338875105330446 | 0.19810793698089316
Real Estate (Operations & Services) | 207 | 4344.40524 | 15188.645 | 0.2860298097690742 | 4490.652 | 0.2956585001492891 | 342.57800000000043 | 13312.241 | 0.025734059351840192 | 0.022554875698260143
Recreation | 57 | 325.08727 | 22.393 | 0.00292105774 | 318.08799999999997 | 14.204796141651407 | -864.2260000000001 | -187.97199999999992 | NA | -38.593578350377356
Reinsurance | 4 | 4391.035 | 9172.2 | 0.4787330193410523 | 4122.799999999999 | 0.4494886722923616 | 4095.7999999999993 | 9367.7 | 0.43722578647907157 | 0.4465449946577701
Restaurant/Dining | 41 | 1758.897 | 3829.537 | 0.45929755999223926 | 2339.34 | 0.6108675800756072 | 2210.574 | 2263.0019999999995 | 0.9768325436742877 | 0.5772431497593574
Retail (Automotive) | 24 | 253.00444 | 471.076 | 0.5370777539080742 | 275.35699999999997 | 0.5845277619747131 | -951.664 | 151.16500000000008 | -6.295531373003007 | -2.020192070918493
Retail (Building Supply) | 14 | 430.53 | 886.745 | 0.48551725693406783 | 700.75 | 0.790249733576169 | 652.367 | 797.347 | 0.8181720129379053 | 0.7356872607119296
Retail (Distributors) | 120 | 2020.80425 | 5162.825 | 0.3914144388004629 | 3689.3959999999997 | 0.7146079907802414 | 3466.7329999999997 | 1125.0819999999997 | 3.0813158507557676 | 0.6714798584108507
Retail (General) | 21 | 1965.027 | 3934.04 | 0.49949339610171734 | 2828.724 | 0.7190379355573406 | 2644.059 | 1309.4960000000003 | 2.0191424792439223 | 0.6720976400850017
Retail (Grocery and Food) | 28 | 3168.8862 | 9029.671 | 0.3509414905592906 | 4556.198 | 0.5045807316789283 | 4286.305 | 8982.307999999999 | 0.4771941688038309 | 0.47469115984402976
Retail (Online) | 59 | 128.9816 | 105.259 | 1.225373602257289 | 132.275 | 1.2566621381544572 | -363.871 | 120.82200000000003 | -3.0116286768965908 | -3.456911047986395
Retail (Special Lines) | 86 | 4464.2899 | 7683.26 | 0.581041107550701 | 3068.512 | 0.3993763064116013 | 2637.8140000000003 | 6983.524 | 0.37771961548352956 | 0.3433196325518075
Rubber& Tires | 7 | 915.33 | 1671.67 | 0.5475542421650206 | 1457.33 | 0.8717809136970813 | 1378.23 | 1111.6920000000002 | 1.2397588540710913 | 0.824462962187513
Semiconductor | 36 | 688.3 | 1849.445 | 0.3721657037651836 | 2237.8599999999997 | 1.2100170591718054 | 1877.9029999999998 | 3511.6010000000006 | 0.5347711770215351 | 1.0153873188983722
Semiconductor Equip | 20 | 606.89 | 1342.766 | 0.4519700379664066 | 1342.0549999999998 | 0.9994704959762161 | 1177.5299999999997 | 1793.1190000000001 | 0.6566937275217092 | 0.8769435627652172
Shipbuilding & Marine | 57 | 1591.60568 | -2605.955 | 0.012917496660000001 | 2736.8199999999997 | NA | 2253.1879999999996 | -3027.6119999999996 | NA | -0.8646304329890576
Shoe | 12 | 153.4448 | 270.256 | 0.5677757385589959 | 145.071 | 0.5367910425670476 | -96.977 | 191.85299999999998 | -0.5054755463818653 | -0.35883384642709143
Software (Entertainment) | 33 | 123.64 | 359.256 | 0.344155699556862 | 190.88299999999998 | 0.5313286347340058 | 46.97199999999998 | 329.15900000000005 | 0.14270307055252923 | 0.1307479902910459
Software (Internet) | 155 | 388.146 | 54.412 | 7.133463206645593 | 749.667 | 13.77760420495479 | 283.682 | 312.474 | 0.9078579337800906 | 5.213592589869882
Software (System & Application) | 230 | 2479.17864 | 5198.863 | 0.4768693924036852 | 3347.2659999999996 | 0.643845779355986 | 2193.6979999999994 | 5418.988 | 0.40481691415445087 | 0.4219572625783752
Steel | 56 | 1120.665 | -4687.398 | 0.005846585130000001 | 1227.3039999999999 | NA | -2477.1549999999997 | -5475.122 | NA | 0.5284712328673604
Telecom (Wireless) | 14 | 5571.3 | -7790.85 | 0.10312331479999999 | 5579.14 | NA | 1969.4070000000002 | -6767.7519999999995 | NA | -0.25278461271876623
Telecom. Equipment | 56 | 2533.086 | 1572.449 | 1.6109177467758888 | 2560.401 | 1.628288739412216 | 2366.738 | 3055.1240000000003 | 0.7746782127337547 | 1.505128624203392
Telecom. Services | 87 | 17412.58758 | 18407.031 | 0.9459748060401485 | 13292.452 | 0.7221399257707557 | 12120.258 | 22190.797000000002 | 0.54618398789372 | 0.658458064203836
Tobacco | 7 | 5987.6 | 7425.58 | 0.8063477869742162 | 6294.18 | 0.8476347975511678 | 6278.490000000001 | 7643.377999999999 | 0.8214286929156195 | 0.8455218312912932
Transportation | 39 | 4221.642 | 7278.994 | 0.5799760241593824 | 4229.413 | 0.5810436167415441 | 4171.0779999999995 | 6979.117 | 0.5976512501509861 | 0.5730294598401922
Transportation (Railroads) | 7 | 103.47 | 111.296 | 0.9296830074755607 | 110.9 | 0.9964419206440484 | 109.926 | -24.599999999999923 | NA | 0.9876904830362276
Trucking | 23 | 417.4262 | 1181.311 | 0.3533584297445804 | 521.535 | 0.4414883125612138 | -267.4530000000001 | 1042.5480000000002 | -0.2565378284740847 | -0.22640354656817732
Utility (General) | 21 | 10182.37 | -7373.25 | 0.00741207407 | 21208.21 | NA | 19692.709 | -11893.47 | NA | -2.6708315871562744
Utility (Water) | 13 | 927.871 | 1375.74 | 0.7221392629293274 | 971.524 | 0.7061828543184032 | 955.644 | 729.797 | 1.3094655089017904 | 0.6946399755767805
Total Market | 6655 | 401587.3844 | 556107.949 | 0.7221392629293274 | 489009.122 | 0.8793420825567088 | 341640.767 | 499710.101 | 0.683677929095934 | 0.6143425347800594
Total Market (without financials) | 5782 | 306987.84122299997 | 369186.61899999995 | 0.8315248316813996 | 382296.3109999999 | 1.035509661849364 | 296461.7599999999 | 337113.00999999983 | 0.8794135829999561 | 0.8030132858092561

Sheet: Emerging Markets
Date updated: | 2017-01-05 00:00:00
Created by: | Aswath Damodaran, adamodar@stern.nyu.edu
What is this data? | Dividends and FCFE (in millions) and ratios | Emerging Markets
Home Page: | http://www.damodaran.com
Data website: | http://www.stern.nyu.edu/~adamodar/New_Home_Page/data.html
Companies in each industry: | http://www.stern.nyu.edu/~adamodar/pc/datasets/indname.xls
Variable definitions: | http://www.stern.nyu.edu/~adamodar/New_Home_Page/datafile/variable.htm
Industry name | Number of firms |   Dividends  |  Net Income  | Payout | Dividends + Buybacks | Cash Return as % of Net Income | Dividends + Buybacks - Stock Issuances | FCFE | Net Cash Returned/FCFE | Net Cash Returned/ Net Income
Advertising | 70 | 490.9764 | 599.69 | 0.818717003785289 | 442.06300000000005 | 0.73715252880655 | 182.61300000000006 | 137.86899999999997 | 1.3245399618478417 | 0.30451233137120853
Aerospace/Defense | 61 | 950.3681 | 970.5 | 0.9792561566202989 | 1123.762 | 1.1579206594538898 | -1111.974 | -1823.405 | NA | -1.145774343122102
Air Transport | 81 | 5081.8739 | 10732.333 | 0.47351064302607826 | 5610.264999999999 | 0.5227442160059699 | 396.22799999999916 | 802.335 | 0.4938435940099823 | 0.03691909298751717
Apparel | 899 | 4027.438495 | 6981.502 | 0.5768727839653988 | 3966.817 | 0.5681896245249232 | -685.6589999999997 | 223.20200000000114 | -3.071921398553759 | -0.09821081480747261
Auto & Truck | 78 | 7358.3818 | 25486.138 | 0.28872094312602403 | 6808.647999999999 | 0.2671510293164072 | 3216.1999999999994 | 19109.799999999996 | 0.16830108112068154 | 0.12619409029331943
Auto Parts | 395 | 3705.35933 | 10567.834 | 0.35062618602828166 | 3746.978 | 0.35456442635264707 | -2635.0599999999995 | 1064.9709999999993 | -2.474302117146853 | -0.24934721722540298
Bank (Money Center) | 465 | 98102.0682 | 330541.579 | 0.296791914943929 | 97122.035 | 0.29382698326131007 | 62770.327000000005 | 397258.90400000004 | 0.15800860941810382 | 0.18990145563502617
Banks (Regional) | 87 | 3115.7501 | 18531.669 | 0.16813111112658014 | 2785.668 | 0.15031932633806486 | -6267.984 | 15401.938 | -0.40696073442186304 | -0.3382309494088201
Beverage (Alcoholic) | 121 | 6878.42067 | 12678.461 | 0.5425280457935707 | 6715.97 | 0.5297149236015318 | 6035.88 | 10103.918999999998 | 0.5973800858854867 | 0.4760735549843156
Beverage (Soft) | 36 | 407.0727 | 1015.597 | 0.40082109340614436 | 400.409 | 0.39425973097596784 | 13.450999999999965 | 373.231 | 0.03603934292703437 | 0.013244426677116972
Broadcasting | 60 | 868.75576 | 1095.836 | 0.7927789924769765 | 894.84 | 0.8165820432984497 | 600.0360000000001 | 461.03199999999987 | 1.3015061861215713 | 0.5475600363558051
Brokerage & Investment Banking | 392 | 17627.60094 | 21236.011 | 0.8300806088299729 | 17779.357 | 0.8372267748401525 | 1530.307999999999 | 49242.176 | 0.03107718066723938 | 0.0720619329119767
Building Materials | 225 | 985.1009 | 2279.344 | 0.4321861465404081 | 916.6049999999999 | 0.40213543896840487 | -444.716 | 251.14099999999962 | -1.7707821502661878 | -0.19510701324591637
Business & Consumer Services | 194 | 1179.54643 | 1546.175 | 0.762880288453765 | 1306.204 | 0.8447969990460329 | 77.31600000000003 | -760.9400000000003 | NA | 0.05000468899057353
Cable TV | 30 | 642.6976 | 1992.524 | 0.32255450875372144 | 652.342 | 0.3273948017690126 | -2792.248 | 1216.3869999999997 | -2.295526012691685 | -1.4013622922484248
Chemical (Basic) | 585 | 13066.93989 | 23165.472 | 0.5640696589303252 | 12379.848999999998 | 0.5344095298382004 | 39.55199999999786 | 12543.159000000001 | 0.0031532726325160876 | 0.0017073686217141553
Chemical (Diversified) | 41 | 904.5621 | 2130.718 | 0.42453393644771387 | 868.6759999999999 | 0.40769167951835955 | 500.90199999999993 | -2106.8630000000003 | NA | 0.23508601325938017
Chemical (Specialty) | 440 | 5435.46899 | 6979.277 | 0.7788011551912899 | 8075.754 | 1.157104668578135 | 1549.3239999999996 | 526.0099999999989 | 2.945426893024853 | 0.22198918312025726
Coal & Related Energy | 108 | 5216.1565 | 1375.982 | 3.7908609996351696 | 5375.077 | 3.9063570599034003 | 3721.2740000000003 | -4936.792 | NA | 2.7044496221607552
Computer Services | 411 | 4822.73231 | 11508.3 | 0.41906557093575947 | 5110.869000000001 | 0.44410286488881945 | -1349.7099999999991 | 7314.733999999999 | -0.18451935504421615 | -0.11728144035174606
Computers/Peripherals | 203 | 7738.39442 | 23743.72 | 0.3259133118146609 | 15135.109 | 0.6374362989455739 | 12206.953000000001 | 10651.889000000001 | 1.145989504772346 | 0.514112910698071
Construction Supplies | 529 | 11307.8677 | 12788.931 | 0.8841917827221055 | 11992.563 | 0.9377299009588839 | 5266.428 | 6399.621000000001 | 0.822928107773882 | 0.4117957943474712
Diversified | 238 | 11082.2636 | 36988.629 | 0.29961271611337637 | 14562.639000000001 | 0.3937058332170138 | -241.77899999999863 | 19230.39 | -0.012572755934746962 | -0.006536576416498125
Drugs (Biotechnology) | 156 | 312.76501 | 729.627 | 0.42866424899297867 | 322.81899999999996 | 0.44244387885864966 | -1371.03 | -727.5920000000001 | NA | -1.879083422077308
Drugs (Pharmaceutical) | 576 | 5185.21513 | 17434.867 | 0.29740491453132395 | 5414.651 | 0.3105645142001944 | -4082.3500000000004 | 8265.985999999997 | -0.49387332618274477 | -0.23414861725070807
Education | 85 | 505.88126 | 869.191 | 0.5820139186899081 | 501.169 | 0.5765924865765982 | 2.176999999999964 | 407.8510000000001 | 0.005337733633115926 | 0.002504627866602351
Electrical Equipment | 529 | 3947.91386 | 5881.57 | 0.6712346975382424 | 4039.5910000000003 | 0.6868218859930257 | -6692.823 | 199.77899999999983 | -33.50113375279687 | -1.1379313686651695
Electronics (Consumer & Office) | 92 | 1024.50578 | 859.274 | 1.1922923072267984 | 1105.659 | 1.286736244783387 | 519.1280000000002 | -1670.6279999999997 | NA | 0.6041472219571408
Electronics (General) | 735 | 7787.45615 | 15299.356 | 0.5090054868976185 | 8187.307 | 0.5351406294487167 | -4193.879 | 6642.693000000002 | -0.6313522241657109 | -0.2741212767387072
Engineering/Construction | 694 | 13821.76645 | 20444.506 | 0.6760626277788272 | 15530.610999999999 | 0.7596471638884303 | -1697.5239999999994 | -4258.108999999999 | NA | -0.08303081522243674
Entertainment | 164 | 321.2051 | 1128.295 | 0.28468184295773713 | 320.65700000000004 | 0.28419606574521733 | -2853.8089999999997 | -470.326 | NA | -2.529311040109191
Environmental & Waste Services | 98 | 532.0704 | 1436.697 | 0.3703428071472273 | 1046.337 | 0.7282934397440797 | -505.75700000000006 | -1744.0120000000002 | NA | -0.3520276022014385
Farming/Agriculture | 270 | 2065.13078 | 4633.246 | 0.4457200804792148 | 1979.232 | 0.4271804259907633 | -733.759 | 187.6139999999998 | -3.9110034432398475 | -0.15836823686892515
Financial Svcs. (Non-bank & Insurance) | 536 | 8191.45312 | 18495.131 | 0.4428978156467234 | 6584.974 | 0.3560382459578145 | -161.67399999999998 | 9997.195 | -0.016171936228111982 | -0.00874143578653214
Food Processing | 854 | 9534.01972 | 20053.964 | 0.47541821257881983 | 10903.336000000001 | 0.5436997892287032 | 4596.166000000001 | 6593.225999999998 | 0.697104270352632 | 0.22918989981232643
Food Wholesalers | 59 | 499.167 | 711.967 | 0.7011097424459279 | 508.712 | 0.7145162626919506 | -164.32600000000002 | 131.88400000000001 | -1.24598889933578 | -0.23080564127269948
Furn/Home Furnishings | 202 | 4267.4452 | 10035.866 | 0.4252194279995369 | 4281.9710000000005 
