Source: http://www.stern.nyu.edu/~adamodar/pc/cfanalysis/cfspr21.xlsx

Sheet: Sheet1
Shareholder Power | Beta Regression | Cost of Capital (Hurdle Rate) | Accounting Returns | Capital Structure | Dividend Policy | Valuation | Computed Numbers
Company picked for project | Corporate Governance Measure (0-2) | Marginal Investor | Regression Beta | Jensen's Alpha (% annualized) | R Squared (%) | Bottom up Levered Beta (%) | Equity Risk Premium | Cost of equity (%) | Debt to Capital Ratio | Cost of debt (pre-tax) (%) | Cost of Capital (%) | Return on Equity (%) | Return on Capital | Optimal Debt Ratio (%) | Change in Value (in % terms) | Dividends in most recent periods (Total $) | Buybacks in most recent periods (Total $) | FCFE in most recent periods (Total $) | Price per share ($) | Value per share ($) | ROIC minus WACC | Actual minus Optimal Debt Ratio | (Dividends + Buybacks)/FCFE | Cash Accumulators | Cash Burners | Price/Value | % Under or over valued
Activision | 2 | Institutional | 0.61 | 0.1741 | 0.105 | 0.9 | 0.0649 | 0.085 | 0.0474 | 0.017 | 0.082 | 0.1578 | 0.1386 | 0.1 | 0.0061 | 365199400 | 39000000 | 2867000000 | 93.12 | 91.22 | 0.0566 | 0.05260000000000001 | 0.1409833972793861 | 1 | 0 | 1.0208287656215742 | 0.020828765621574208
Activision Blizzard (ATVI) | 1.5 | Institutional | 0.65 | 0.682 | 0.274 | 0.59 | 0.0639 | 0.0543 | 0.0505 | 0.0285 | 0.0526 | 0.7227 | 0.383 | 0.2 | 0.687 | 316000000 | 39000000 | 2104900000 | 96.42 | 78.36 | 0.3304 | 0.14950000000000002 | 0.16865409283101335 | 1 | 0 | 1.2304747320061256 | 0.23047473200612556
adidas | 1 | Institutional | 0.67 | 0.0236 | 0.1414 | 1.07 | 0.0569 | 0.0581 | 0.1011 | 0.0091 | 0.053 | 0.055 | 0.1729 | 0.2 | 0.0989 | 1917 | 2463 | 8062.17 | 297.9 | 188.25 | 0.1199 | 0.09890000000000002 | 0.5432780504504371 | 1 | 0 | 1.5824701195219122 | 0.5824701195219122
Adobe | 1 | Institutional | 1.02 | 0.0747 | 0.5911 | 0.89 | 0.0699 | 0.0791 | 0.0201 | 0.0167 | 0.0762 | 0.3966 | 0.3578 | 0.5 | 0.1838 | 0 | 3050 | 5287 | 489 | 516.73 | 0.2816 | 0.4799 | 0.5768867032343484 | 1 | 0 | 0.9463356104735549 | -0.053664389526445144
Adobe (ADBE) | 1 | Institutional | 0.8 | 0.1601 | 0.465 | 0.96 | 0.0566 | 0.0704 | 0.0193 | 0.0234 | 0.0694 | 0.4604 | 0.2975 | 0.1 | 0.0807 | 0 | 7850000000 | 13508000000 | 508.34 | 294.6 | 0.22809999999999997 | 0.08070000000000001 | 0.5811371039384069 | 1 | 0 | 1.7255261371350983 | 0.7255261371350983
Advanced Micro Devices (AMD) | 1 | Institutional | 1.21 | 0.7877 | 0.28 | 0.94 | 0.0536 | 0.0813 | 0.0054 | 0.0754 | 0.0811 | 0.4266 | 0.2778 | 0.1 | 0.111 | 0 | 76000000 | 4060000000 | 78.81 | 78.51 | 0.19669999999999999 | 0.0946 | 0.0187192118226601 | 1 | 0 | 1.003821169277799 | 0.0038211692777989636
Alibaba (BABA) | 0.5 | Institutional | 0.63 | 0.0939 | 0.197 | 0.72 | 0.054 | 0.0706 | 0.0326 | 0.0417 | 0.0697 | 0.6174 | 0.2462 | 0.1 | 0.0166 | 0 | 1525 | 8894 | 247 | 225 | 0.1765 | 0.06740000000000002 | 0.17146390825275468 | 1 | 0 | 1.0977777777777777 | 0.09777777777777774
Alteryx  | 0.5 | Institutional w/ founder influence | 0.96 | -0.0252 | 0.1167 | 1.06 | 0.0557 | 0.0717 | 0.1308 | 0.057 | 6.78 | -0.0629 | -0.0037 | 0.1 | 0.016 | 0 | 0 | -146.79 | 77.96 | 39.4 | -6.7837000000000005 | -0.030799999999999994 | NA | 0 | 1 | 1.9786802030456851 | 0.9786802030456851
Amazon (AMZN) | 1 | Founder/CEO | 0.57 | 0.291 | 0.236 | 1.1 | 0.0523 | 0.0739 | 0.0478 | 0.0281 | 0.0713 | 0.3245 | 0.2701 | 0.1 | 0.0072 | 0 | 0 | 204017.9 | 3270.54 | 1823.52 | 0.1988 | 0.0522 | 0 | 1 | 0 | 1.7935311924190576 | 0.7935311924190576
Amazon (AMZN) | 1 | Institutional | 0.57 | 0.2142 | 0.237 | 1.06 | 0.0523 | 0.0715 | 0.0472 | 0.0278 | 0.0692 | 0.3245 | 0.2909 | 0.1 | 0.0055 | 0 | 0 | 368574000000 | 3203.13 | 1566.24 | 0.2217 | 0.05280000000000001 | 0 | 1 | 0 | 2.0451080294207786 | 1.0451080294207786
Amazon com, Inc. (AMZN) | 2 | Institutional with insider influence | 1.2 | 0.0913 | 0.542 | 1.12 | 0.0601 | 0.0829 | 0.0486 | 0.0227 | 0.0796 | 0.3437 | 0.2658 | 0.1 | 0.1723 | 0 | 123700000 | 3109060000 | 3301 | 4744.09 | 0.18619999999999998 | 0.05140000000000001 | 0.0397869452503329 | 1 | 0 | 0.6958131064123994 | -0.30418689358760065
AMD | 1.5 | Institutional | 1.21 | 0.5786 | 0.28 | 0.94 | 0.0633 | 0.077 | 0.0073 | 0.0233 | 0.0766 | 0.606 | 0.2591 | 0.1 | 0.02 | 0 | 78000000 | 777000000 | 78.5 | 103.51 | 0.1825 | 0.0927 | 0.10038610038610038 | 1 | 0 | 0.7583808327697806 | -0.24161916723021937
AppFolio(APPF) | 1 | Institutional | 1.1 | 0.3199 | 0.1941 | 0.9 | 0.0472 | 0.0589 | 0.0168 | 0.0295 | 0.0583 | 0.0659 | 0.0042 | 0.05 | 0.0173 | 0 | 0 | 121.7 | 130.82 | 133.27 | -0.054099999999999995 | 0.03320000000000001 | 0 | 1 | 0 | 0.9816162677271703 | -0.018383732272829745
Apple (AAPL) | 1 | Institutional | 1.03 | 0.6384 | 0.576 | 1.08 | 0.0516 | 0.0731 | 0.0601 | 0.0224 | 0.0697 | 0.7625 | 0.4647 | 0.2 | 0.0542 | 14081 | 72358 | 44165.4 | 122.15 | 80.66 | 0.395 | 0.13990000000000002 | 1.9571655639935333 | 0 | 1 | 1.5143813538308952 | 0.5143813538308952
Apple (AAPL) | 1.5 | Institutional | 1.21 | 0.2299 | 0.387 | 1.09 | 0.0523 | 0.0739 | 0.0493 | 0.0254 | 0.0711 | 0.4821 | 0.3568 | 0.2 | 0.027 | 14081 | 75992 | 66888 | 134.32 | 76.33 | 0.2857 | 0.1507 | 1.3466242076306663 | 0 | 1 | 1.7597274990174243 | 0.7597274990174243
Bajaj Auto  | 0 | Institutional | 0.78 | 0.0683 | 0.439 | 0.78 | 0.063 | 0.0955 | 0.0016 | 0.0504 | 0.0954 | 0.36 | 0.2462 | 0.3 | 0.0397 | 41861600000 | 0 | 53984791948 | 3444.05 | 3789.34 | 0.1508 | 0.2984 | 0.7754332005265951 | 1 | 0 | 0.9088785909947379 | -0.09112140900526211
Blue Bird Corporation (BLBD) | 1.25 | Institutional  | 1.77 | -0.1506 | 0.209 | 1.2 | 0.0464 | 0.073 | 0.213 | 0.0446 | 0.065 | NA | NA | 0.2 | 0.0742 | 1820000 | 24520000 | -10400000 | 25.77 | 18.98 | NA | -0.012999999999999984 | NA | 0 | 1 | 1.357744994731296 | 0.35774499473129606
Boeing | 1 | Institutional | 2.61 | -0.975 | 0.553 | 1.1 | 0.069 | 0.0927 | 0.2395 | 0.036 | 0.0768 | -0.0185 | 0.0224 | 0.1 | 0.0222 | 1158000000 | 173000000 | 17398000000 | 235.19 | 125.15 | -0.05439999999999999 | -0.13949999999999999 | 0.07650304632716404 | 1 | 0 | 1.8792648821414302 | 0.8792648821414302
Boston Beer Co (SAM) | 0.5 | Institutional, with insider influence | 0.8 | 0.7452 | 0.175 | 0.66 | 0.0472 | 0.0473 | 0.0045 | 0.023 | 0.0472 | 0.3081 | 0.3115 | 0.11 | 0.1343 | 0 | 6084000 | 112000000 | 1131.14 | 1145.42 | 0.2643 | 0.1055 | 0.05432142857142857 | 1 | 0 | 0.987532957343158 | -0.012467042656841953
Callaway (ELY) | 1 | Institutional | 2.09 | 0.011 | 0.584 | 1.2 | 0.0519 | 0.0772 | 0.2957 | 0.0556 | 0.0668 | -0.1785 | 0.0578 | 0.2 | 0.1469 | 1900000 | 16080000 | 85870000 | 24.01 | 25.55 | -0.009000000000000001 | -0.09570000000000001 | 0.20938628158844766 | 1 | 0 | 0.9397260273972603 | -0.0602739726027397
Carmax (KMX) | 1 | Institutional | 1.64 | 0.0097 | 0.424 | 2 | 0.0472 | 0.1204 | 0.3804 | 0.0229 | 0.0759 | 0.1711 | 0.042 | 0.3804 | 0 | 0 | 216252426 | 733262000 | 95.06 | 129.99 | -0.03389999999999999 | 0 | 0.29491835933131677 | 1 | 0 | 0.7312870220786214 | -0.2687129779213786
Carnival | 0 | Institutional | 2.3 | -0.0716 | 0.43 | 2.79 | 0.0501 | 0.1558 | 0.58 | 0.0622 | 0.1014 | -0.498 | -0.21 | 0 | 0.025 | 689 | 0 | 1392 | 26.55 | 32.59 | -0.3114 | -0.58 | 0.4949712643678161 | 1 | 0 | 0.8146670757901197 | -0.18533292420988035
Carnival Cruises | 1.5 | Institutional | 2.33 | -0.4089 | 0.455 | 1.9 | 0.0578 | 0.1267 | 0.5409 | 0.0519 | 0.0841 | 0.1127 | 0.088 | 0.3 | 0.018 | 1201.5 | 1240.75 | 1987 | 27.82 | 22.89 | 0.0039000000000000007 | -0.24090000000000006 | 1.229114242576749 | 0 | 1 | 1.2153778942769768 | 0.21537789427697684
CD Projekt  | 1 | Institutional | 0.65 | 0.195 | 0.058 | 0.76 | 0.0495 | 0.0546 | 0.0007 | 0.0301 | 0.0546 | 0.0401 | 0.0226 | 0.2 | 0.762 | 54966298 | 26288388 | 168885184 | 77.97 | 73.41 | -0.032 | 0.1993 | 0.4811238267058406 | 1 | 0 | 1.0621168778095627 | 0.062116877809562654
Cerner Corporation (NasdaqGS:CERN) | 1.5 | Institutional | 0.73 | -0.0411 | 0.263 | 0.77 | 0.0472 | 0.052 | 0.0592 | 0.0227 | 0.05 | 0.1773 | 0.1273 | 0.2 | 0.0498 | 221500000 | 780600000 | 1303000000 | 75.5 | 60.1 | 0.0773 | 0.1408 | 0.7690713737528779 | 1 | 0 | 1.2562396006655574 | 0.2562396006655574
Chewy (CHWY) | 0 | Institutional | 0.57 | 0.5836 | 0.06 | 0.78 | 0.0472 | 0.0526 | 0.0072 | 0.1902 | 0.0532 | NA | -0.0966 | 0 | 0.038 | 0 | 0 | -922.7 | 71 | 72.89 | -0.1498 | -0.0072 | NA | 0 | 1 | 0.9740705172177253 | -0.025929482782274693
Chipotle (CMG) | 1 | Institutional | 1.35 | 0.1103 | 0.329 | 1.09 | 0.0581 | 0.0797 | 0.0699 | 0.0178 | 0.0751 | 0.178 | 0.1055 | 0 | -0.113 | 0 | 103000000 | 87835609.44 | 1426.05 | 430.43 | 0.030399999999999996 | -0.0699 | 1.172645133980185 | 0 | 1 | 3.3130822665706385 | 2.3130822665706385
Comcast (CMCSA) | 1 | Institutional | 0.89 | 0.007 | 0.563 | 0.59 | 0.0634 | 0.0893 | 0.2962 | 0.036 | 0.0893 | 12.17 | 5.89 | 0.2 | 0.0005 | 16711 | 17122 | 91091 | 56.98 | 62.57 | 5.8007 | -0.09620000000000001 | 0.37141978900220657 | 1 | 0 | 0.9106600607319801 | -0.08933993926801986
Comcast Corporation | 0.5 | Institutional | 0.84 | 0.0314 | 0.585 | 1.01 | 0.05 | 0.0667 | 0.3373 | 0.0266 | 0.0513 | 0.7643 | 0.1082 | 0.2 | -0.14 | 19148 | 24320 | 56708 | 56.41 | 61.39 | 0.056900000000000006 | -0.13729999999999998 | 0.7665232418706356 | 1 | 0 | 0.9188792963023293 | -0.08112070369767066
Conagra (CAG) | 1 | Institutional | 0.48 | 0.0881 | 0.12 | 0.98 | 0.0562 | 0.0787 | 0.473 | 0.042 | 0.0558 | 0.144 | 0.0996 | 0.2 | 0.0273 | 445200000 | 306500000 | 1697600000 | 37.95 | 22.36 | 0.04379999999999999 | -0.27299999999999996 | 0.442801602262017 | 1 | 0 | 1.6972271914132382 | 0.6972271914132382
Continental AG (FWB: CON) | 0.5 | Institutional | 1.3 | 0.0333 | 0.3442 | 0.95 | 0.055 | 0.0687 | 0.2648 | 0.0039 | 0.0446 | -0.0696 | -0.0341 | 729900000 | 0 | 771600000 | -0.07869999999999999 | -0.2648 | 0.9459564541213064 | 1 | 0 | NA | NA
Costco (COST) | 1 | Institutional | 0.53 | 0.24 | 0.16 | 0.81 | 0.0472 | 0.054 | 0.0472 | 0.0256 | 0.0524 | 0.214 | 0.1787 | 0 | -0.03 | 1479 | 246 | 3675 | 361.74 | 399.56 | 0.1263 | -0.0472 | 0.46938775510204084 | 1 | 0 | 0.9053458804685154 | -0.09465411953148462
Costco (Nasdaq GS:COST) | 1 | Institutional | 0.65 | 0.1292 | 0.2971 | 0.61 | 0.0564 | 0.0501 | 0.0603 | 0.0185 | 0.0482 | 0.217 | 0.2398 | 0.1 | 0.0397 | 1193000000 | 196000000 | 3791000000 | 384.32 | 414.66 | 0.19160000000000002 | 0.039700000000000006 | 0.3663940912687945 | 1 | 0 | 0.9268316210871557 | -0.07316837891284433
Costco (Nasdaq GS:COST) | 1 | Institutional | 0.55 | 0.1335 | 0.325 | 0.92 | 0.0508 | 0.0603 | 0.0572 | 0.0265 | 0.0579 | 0.2635 | 0.2152 | 0.2 | 0.0277 | 1479000000 | 526000000 | 2645000000 | 384.32 | 242.95 | 0.1573 | 0.1428 | 0.7580340264650284 | 1 | 0 | 1.5818892776291418 | 0.5818892776291418
CVS Health (CVS) | 0.5 | Institutional | 0.83 | 0.0505 | 0.229 | 1.06 | 0.0472 | 0.0709 | 0.5495 | 0.0365 | 0.0508 | 0.1119 | 0.077 | 0.8 | 0.3537 | 2628000000 | 88000000 | 7750000000 | 82.39 | 98.15 | 0.0262 | 0.25050000000000006 | 0.3504516129032258 | 1 | 0 | 0.839429444727458 | -0.16057055527254205
Danone S.A. (ENXTPA:BN) | 0.5 | Institutional | 0.64 | -0.0246 | 0.407 | 0.66 | 0.0572 | 0.0352 | 0.3328 | 0.0176 | 0.0274 | 0.1246 | 0.0541 | 0 | 0.0449 | 1016.67 | 0 | 2795.67 | 58.63 | 68.84 | 0.0267 | -0.3328 | 0.3636588009314404 | 1 | 0 | 0.8516850668216154 | -0.14831493317838462
Deere & Company (DE) | 1 | Institutional | 1.08 | 0.2046 | 0.356 | 1.06 | 0.0648 | 0.0857 | 0.2821 | 0.0269 | 0.0675 | 0.3236 | 0.0814 | 0.4 | 0.0218 | 4230.3 | 3172.4 | 16454.3 | 396.36 | 224.34 | 0.013899999999999996 | 0.1179 | 0.44989455643813475 | 1 | 0 | 1.7667825621824018 | 0.7667825621824018
Delta Air Lines (DAL) - 2019 | 1.75 | Institutional | 1.59 | 0.2531 | 0.378 | 1.15 | 0.0539 | 0.0833 | 0.3232 | 0.039 | 0.066 | 31.03 | 15.64 | 0.5 | 0.106 | 981000000 | 38000000 | 3463000000 | 59.13 | 61.21 | 15.574 | 0.1768 | 0.29425353739532195 | 1 | 0 | 0.9660186244077765 | -0.03398137559222347
Discovery, Inc. (DISCA) | 1.5 | Institutional | 1.07 | 0.26 | 0.359 | 0.84 | 0.0661 | 0.0721 | 0.561 | 0.0465 | 0.0528 | 0.1129 | 0.0373 | 0.4 | 0.1009 | 485 | 3579 | 3042 | 36.66 | 33.13 | -0.0155 | -0.16100000000000003 | 1.3359631821170284 | 0 | 1 | 1.1065499547238151 | 0.10654995472381512
Dolby Laboratories (DLB)  | 0 | Institutional | 0.95 | 0.0936 | 0.387 | 0.97 | 0.0539 | 0.0695 | 0.0078 | 0.031 | 0.0691 | 0.117 | 0.1472 | 0.1 | 0.0161 | 88581000 | 196807000 | 88600000 | 103.41 | 24.18 | 0.0781 | 0.0922 | 3.221083521444695 | 0 | 1 | 4.276674937965261 | 3.276674937965261
Dominos (DPZ) | 1 | Institutional | 0.51 | 0.1538 | 0.141 | 1.33 | 0.048 | 0.0767 | 0.1814 | 0.0283 | 0.0688 | -0.1489 | 0.7495 | 0.2 | 0 | 478 | 2959 | 3344 | 431.76 | 159.44 | 0.6807000000000001 | 0.018600000000000005 | 1.027811004784689 | 0 | 1 | 2.7079779227295533 | 1.7079779227295533
DraftKings (DKNG) | 0.5 | Institutional | 0.97 | 2.3376 | 0.039 | 0.62 | 0.0472 | 0.0465 | 0.6542 | 0.0174 | 0.02508 | NA | NA | 0.9 | 0.941 | 0 | 0 | -851653.2 | 48.42 | 32.67 | NA | 0.24580000000000002 | NA | 0 | 1 | 1.4820936639118456 | 0.4820936639118456
Dropbox (DBX) | 0 | Institutional | 0.61 | 0.0744 | 0.127 | 0.49 | 0.0538 | 0.0815 | 0.1701 | 0.0394 | 0.0725 | 0.1606 | 0.1567 | 0.1 | 0.0157 | 0 | 1311800000 | -42100000 | 25.71 | 18.13 | 0.08420000000000001 | -0.0701 | NA | 0 | 1 | 1.418091560948704 | 0.4180915609487039
Electronic Arts (EA) | 0.5 | Institutional | 0.55 | 0.308 | 0.242 | 0.77 | 0.0552 | 0.0669 | 0.0775 | 0.0356 | 0.0634 | 0.42 | 0.21 | 0.4 | 0.0255 | 0 | 4526000000 | 9589000000 | 142.42 | 162.1 | 0.1466 | 0.3225 | 0.4719991657107102 | 1 | 0 | 0.8785934608266501 | -0.12140653917334987
Electronic Arts (EA) | 1 | Institutional | 0.72 | 0.0773 | 0.385 | 0.8 | 0.0556 | 0.0608 | 0.0371 | 0.0232 | 0.0644 | 0.4073 | 0.155 | 0.2 | 0.0449 | 49 | 884 | 1578 | 142.46 | 126.67 | 0.0906 | 0.16290000000000002 | 0.591254752851711 | 1 | 0 | 1.124654614352254 | 0.124654614352254
Etsy  | 1.5 | Institutional | 1.7 | 0.939 | 0.312 | 1.14 | 0.0492 | 0.0737 | 0.0455 | 0.0244 | 0.0711 | 0.9461 | 0.5805 | 0.2 | -0.2165 | 0 | 590600000 | 2210800000 | 184.57 | 165.14 | 0.5094000000000001 | 0.15450000000000003 | 0.2671431156142573 | 1 | 0 | 1.1176577449436842 | 0.1176577449436842
Etsy (ETSY) | 1.25 | Institutional | 1.69 | 0.4873 | 0.242 | 1.02 | 0.0508 | 0.068 | 0.0472 | 0.0232 | 0.0655 | 0.9445 | 0.372 | 0.1 | 0.0081 | 0 | 268670000 | 1735800000 | 198.79 | 146.25 | 0.3065 | 0.05280000000000001 | 0.15478165687291162 | 1 | 0 | 1.3592478632478633 | 0.3592478632478633
Etsy (ETSY) | 1.5 | Institutional  | 1.73 | 0.975 | 0.32 | 1 | 0.049 | 0.0664 | 0.0529 | 0.0244 | 0.0639 | 1.3036 | 0.3556 | 0.1 | 0.0051 | 0 | 268653000 | 531144600 | 177.91 | 126.3 | 0.2917 | 0.0471 | 0.5058001154487874 | 1 | 0 | 1.4086302454473476 | 0.4086302454473476
Etsy(ETSY) | 1 | Institutional | 1.8 | 0.7465 | 0.1994 | 0.97 | 0.0489 | 0.0632 | 0.066 | 0.0244 | 0.0603 | 0.8589 | 0.499 | 0.1 | 0.006 | 0 | 590600000 | 2242832000 | 164.29 | 132.04 | 0.4387 | 0.034 | 0.263327792719205 | 1 | 0 | 1.244244168433808 | 0.24424416843380792
Expedia | 0.5 | Institutional w/ insider influence | 1.95 | -0.0306 | 0.6 | 1.47 | 0.0518 | 0.093 | 0.2761 | 0.0366 | 0.075 | 0.1377 | 0.0881 | 0.2 | 0.0254 | 195000000 | 743000000 | 831400000 | 176.23 | 88.55 | 0.0131 | -0.0761 | 1.128217464517681 | 0 | 1 | 1.9901750423489553 | 0.9901750423489553
Expedia | 0.5 | Institutional | 1.93 | -0.0631 | 0.592 | 1.42 | 0.0542 | 0.0934 | 0.3249 | 0.0364 | 0.0893 | -0.894 | -0.0475 | 0.2 | 0.0473 | 48000000 | 370000000 | -3743 | 173.46 | 40.32 | -0.1368 | -0.12490000000000001 | NA | 0 | 1 | 4.302083333333334 | 3.302083333333334
Facebook | 1 | Institutional  | 0.98 | 0.3978 | 0.0009 | 1.24 | 0.0642 | 0.0955 | 0.0476 | 0.05 | 0.0914 | 0.2468 | 0.245 | 0.1 | 0.1124 | 0 | 12930000000 | 83898000000 | 319.38 | 216.52 | 0.15360000000000001 | 0.0524 | 0.1541157119359222 | 1 | 0 | 1.4750600406428966 | 0.47506004064289664
Facebook (FB) | 0.5 | Institutional | 1.26 | 0.0825 | 0.451 | 0.95 | 0.0551 | 0.0677 | 0.0137 | 0.0223 | 0.067 | 0.2524 | 0.3695 | 0.2 | 0.136 | 0 | 7538000000 | 13114000000 | 315.17 | 294.65 | 0.3025 | 0.18630000000000002 | 0.5748055513192009 | 1 | 0 | 1.0696419480739863 | 0.06964194807398627
Farfetch (FTCH) | 1 | Institutional | 3.31 | 0.0396 | 0.47 | 1.05 | 0.054 | 0.0703 | 0.0466 | 0.2536 | 0.0766 | NA | NA | 0 | 0.37 | 0 | 0 | -448.05 | 44.54 | 85.88 | NA | -0.0466 | NA | 0 | 1 | 0.5186306474149976 | -0.48136935258500235
Fiserv (FISV) | 2 | Institutional | 1.14 | 1.2 | 0.6479 | 1.33 | 0.0505 | 0.0831 | 0.2107 | 0.0329 | 0.0705 | 0.0287 | 0.099 | 0.1 | -0.1101 | 0 | 1826000000 | 3636400000 | 120.12 | 144.86 | 0.02850000000000001 | -0.11069999999999999 | 0.5021449785502144 | 1 | 0 | 0.8292144139168852 | -0.17078558608311478
Ford Motor Company (F) | 0.05 | Individual | 1.2 | -0.1404 | 0.34 | 4.36 | 0.057 | 0.2648 | 0.7656 | 0.0394 | 0.0969 | 0.0303 | 0 | 0.3 | 0.0679 | 10457 | 677 | 52280 | 11.82 | 3.32 | -0.0969 | -0.46559999999999996 | 0.21296863045141545 | 1 | 0 | 3.560240963855422 | 2.560240963855422
Fox Corporation (FOXA) | 0 | Institutional | 1.24 | -0.1794 | 0.6209 | 0.69 | 0.0472 | 0.0485 | 0.276 | 0.0354 | 0.0424 | 0.1785 | 0.1545 | 0.4 | 0.0526 | 196000000 | 713000000 | 227000000 | 38.32 | 45.44 | 0.1121 | 0.124 | 4.004405286343612 | 0 | 1 | 0.8433098591549296 | -0.15669014084507038
Gaia (GAIA) | 0.5 | Institutional | 0.83 | -0.0008 | 0.08 | 0.98 | 0.0575 | 0.0728 | 0.0727 | 0.1365 | 0.0735 | 0.0091 | -0.0692 | 0 | 0.073 | 0 | 0 | 0.5 | 10.72 | 4.43 | -0.1427 | -0.0727 | 0 | 1 | 0 | 2.4198645598194135 | 1.4198645598194135
GAP (GPS) | 1 | Institutional | 2.24 | -0.0546 | 0.463 | 1.52 | 0.0497 | 0.095 | 0.4557 | 0.0473 | 0.0674 | 0.1184 | 0.0483 | 0.2 | 0.0571 | 364 | 221 | 795 | 33.1 | 9.56 | -0.0191 | -0.2557 | 0.7358490566037735 | 1 | 0 | 3.4623430962343096 | 2.4623430962343096
Garmin (GRMN) | 0.5 | Institutional | 0.98 | 0.0766 | 0.65 | 0.94 | 0.0488 | 6.23 | 0.0037 | 0.0235 | 0.0621 | 0.207 | 0.2202 | 0 | 0 | 450600000 | 26300000 | 840 | 139 | 116 | 0.15810000000000002 | -0.0037 | 567738.0952380953 | 0 | 1 | 1.1982758620689655 | 0.19827586206896552
Goodyear (GT) | 1 | Institutional | 1.83 | -0.0042 | 0.401 | 1.55 | 0.1065 | 0.1626 | 0.6783 | 0.0138 | 0.068 | 0.0568 | -0.0938 | 0.1 | 0.102 | 0 | 0 | 773000000 | 19.67 | 4.06 | -0.1618 | -0.5783 | 0 | 1 | 0 | 4.844827586206898 | 3.8448275862068977
Grubhub (GRUB) | 0.5 | Institutional | 1.4 | -0.0336 | 0.262 | 1.16 | 0.0376 | 0.0598 | 0.0821 | 0.0565 | 0.0583 | -0.1044 | -0.0669 | 0 | 0.0281 | 0 | 0 | -135619 | 73.14 | -14.67 | -0.1252 | -0.0821 | NA | 0 | 1 | NA | NA
Harley Davidson | 1 | Institutional | 1.52 | 0.0157 | 0.3905 | 1.91 | 0.0579 | 0.1266 | 0.55 | 0.0331 | 0.0703 | 0.0008 | 0.0001 | 0 | 0.0563 | 71000000 | 146800000 | 40000000 | 49.71 | 11.85 | -0.0702 | -0.55 | 5.445 | 0 | 1 | 4.19493670886076 | 3.1949367088607596
Hasbro (HAS) | 1 | Institutional  | 1.5 | -0.1814 | 0.471 | 1.62 | 0.0709 | 0.1223 | 0.342 | 0.0418 | 0.0922 | 0.1403 | 0.0756 | 0.9 | 0.1479 | 373 | 0 | 1992.98 | 99.36 | 60.9 | -0.016600000000000004 | 0.558 | 0.18715692079197985 | 1 | 0 | 1.631527093596059 | 0.6315270935960591
Hermès (ENXTPA.RMS) | 1 | Corporations (Private) | 0.63 | 0.1272 | 0.506 | 0.89 | 0.052 | 0.143 | 1.47 | 0.0247 | 0.05 | 0.2107 | 0.3066 | 0.1 | 0.0059 | 590056780 | 148517690 | 7618700000 | 1073 | 524.44 | 0.2566 | -1.3699999999999999 | 0.0969423221809495 | 1 | 0 | 2.0459919151857218 | 1.0459919151857218
Hewlett Packard (HPQ) | 1.25 | Institutional | 1.73 | 0.024 | 0.5666 | 1.05 | 0.0748 | 0.0965 | 0.2156 | 0.0344 | 0.0811 | -0.9149 | 0.7437 | 0.1 | -0.02 | 1035 | 3794 | 4085 | 35.51 | 43.58 | 0.6626000000000001 | -0.11560000000000001 | 1.1821297429620563 | 0 | 1 | 0.8148233134465351 | -0.18517668655346486
Hilton Worldwide (HLT) | 1 | Institutional | 1.29 | 0.053 | 0.623 | 0.83 | 0.058 | 0.0607 | 0.2612 | 0.1367 | 0.0646 | 0.1276 | 0.0168 | 0.2 | 0.0842 | 42000000 | 323000000 | 1932000000 | 128.7 | 73.71 | -0.04780000000000001 | -0.06119999999999998 | 0.18892339544513456 | 1 | 0 | 1.746031746031746 | 0.746031746031746
Home Depot | 1 | Institutional | 1.04 | 0.1449 | 0.5236 | 1.17 | 0.0472 | 0.0654 | 0.106 | 0.0281 | 0.0598 | 3.9 | 0.2828 | 0.4 | 0.102 | 1775000000 | 0 | 13084000000 | 339.25 | 90.81 | 0.223 | 0.29400000000000004 | 0.13566187710180372 | 1 | 0 | 3.7358220460301728 | 2.7358220460301728
HubSpot (HUBS) | 1 | Institutional | 1.72 | 0.3929 | 0.342 | 1.09 | 0.0503 | 0.0705 | 0.0308 | 0.1902 | 0.0726 | -0.126 | -0.023 | 0 | 0.0285 | 0 | 0 | 119200000 | 380.63 | 221.64 | -0.09559999999999999 | -0.0308 | 0 | 1 | 0 | 1.7173344161703665 | 0.7173344161703665
IBM | 1 | Institutional | 0.99 | -0.273 | 0.584 | 0.99 | 0.0654 | 0.0805 | 0.354 | 0.0275 | 0.0572 | 0.0497 | 0.0229 | 0.1 | 0.411 | 5795000000 | 0 | 10805000000 | 125.88 | 132.97 | -0.0343 | -0.254 | 0.5363257751041185 | 1 | 0 | 0.9466797021884635 | -0.053320297811536466
IBM | 1.25 | Institutional | 1 | -0.2037 | 0.622 | 1.19 | 0.0573 | 0.0846 | 0.3482 | 0.027 | 0.062 | NA | 0.3089 | 0.35 | 0 | 48398000000 | 74146000000 | 170461000000 | 131.18 | 116.14 | 0.2469 | 0.0017999999999999683 | 0.718897577745056 | 1 | 0 | 1.129498880661271 | 0.1294988806612709
IBM (IBM) | Institutional | 1.23 | -0.258 | 0.519 | 2.99 | 0.0536 | 0.0823 | 0.3217 | 0.021 | 6.01 | 26.97 | 0.068 | 0.3 | -0.126 | 5797000000 | 0 | 4646000000 | 104.26 | 104.26 | -5.942 | -0.021699999999999997 | 1.2477399913904434 | 0 | 1 | 1 | 0
Illumina Inc (NMS: ILMN) | 1 | Institutional | 1.06 | 0.0833 | 0.21 | 0.77 | 0.0528 | 0.0499 | 0.034 | 0.0264 | 0.0489 | 0.141 | 0.1496 | 0.1 | 0.0524 | 0 | 736000000 | 589000000 | 370 | 134.72 | 0.10070000000000001 | 0.066 | 1.2495755517826825 | 0 | 1 | 2.746437054631829 | 1.746437054631829
Intel (INTC) | 1 | Institutional w/ Activist Influence | 0.97 | -0.084 | 0.372 | 0.89 | 0.0522 | 0.0639 | 0.1153 | 0.0242 | 0.0586 | 0.2369 | 0.1911 | 0.6 | 0.0678 | 5568 | 14229 | 26632 | 57.63 | 67.16 | 0.1325 | 0.48469999999999996 | 0.7433538600180234 | 1 | 0 | 0.8581000595592615 | -0.1418999404407385
Intel (INTC) | 1 | Institutional | 0.99 | 0.049 | 0.347 | 1.04 | 0.0518 | 0.0656 | 0.1335 | 0.0179 | 0.0586 | 0.5659 | 0.305 | 0.8 | 0.0781 | 5568000000 | 14229000000 | 26341000000 | 57.67 | 46.98 | 0.2464 | 0.6665000000000001 | 0.7515659997722182 | 1 | 0 | 1.2275436355896128 | 0.22754363558961277
Intuitive Surgical, Inc. (ISRG) | 1 | Institutional | 1.04 | 0.1746 | 0.393 | 0.77 | 0.0472 | 0.05302 | 0.0013 | 0.0236 | 0.05297 | 0.1176 | 0.066 | 0.4 | 0.1833 | 0 | 134.4 | 1143.3 | 857.09 | 326.92 | 0.01303 | 0.3987 | 0.11755444765153504 | 1 | 0 | 2.6217117337574942 | 1.6217117337574942
JD.com (JD) | 1 | Institutional | 0.83 | 1.1994 | 0.242 | 1.05 | 0.054 | 0.0821 | 0.041 | 0.0392 | 0.0799 | 0.223 | 0.1934 | 0.1 | 0.0019 | 0 | 0 | -487 | 76.39 | 50.77 | 0.11349999999999999 | 0.059000000000000004 | NA | 0 | 1 | 1.5046287177467008 | 0.5046287177467008
Johnson & Johnson (JNJ) | 1.5 | institutional (pg 93) | 0.71 | -0.002 | 0.397 | 0.85 | 0.0517 | 0.0602 | 0.0699 | 0.0234 | 0.0572 | 0.2325 | 0.1451 | 0.1 | -0.0073 | 10481 | 3221 | 4572.47 | 157.38 | 89.61 | 0.0879 | 0.030100000000000002 | 2.996629830266792 | 0 | 1 | 1.7562772012052226 | 0.7562772012052226
Juventus | 0.5 | Institutional | 1.41 | 0.0224 | 0.111 | 1.08 | 0.0814 | 0.084 | 0.294 | 0.1355 | 0.0865 | -0.1525 | -0.0806 | 0 | 0.3242 | 0 | 0 | -332.15 | 0.85 | -0.17 | -0.1671 | -0.294 | NA | 0 | 1 | NA | NA
Kellogg (K) | 0.5 | Institutional with insider influence | 0.66 | -0.0099 | 0.299 | 0.58 | 0.0565 | 0.0495 | 0.2754 | 0.0366 | 4.313 | 0.1616 | 14.89 | 0.3 | 0.0248 | 782 | 0 | 1472.8 | 63.28 | 50.73 | 10.577000000000002 | 0.02460000000000001 | 0.5309614340032591 | 1 | 0 | 1.2473881332544847 | 0.24738813325448472
Kellogg (K) | 1.5 | Institutional | 0.64 | -0.0111 | 0.295 | 0.78 | 0.0572 | 0.0598 | 0.2789 | 0.0334 | 0.0493 | 0.2719 | 0.1308 | 0.3 | 0.018 | 782 | 0 | 1386 | 67.53 | 52.86 | 0.0815 | 0.021100000000000008 | 0.5642135642135642 | 1 | 0 | 1.2775255391600455 | 0.2775255391600455
Lear Corp (LEA) | 1.5 | Institutional | 1.41 | -0.0798 | 0.538 | 1.32 | 0.0557 | 0.0905 | 0.211 | 0.0369 | 0.0776 | 0.0579 | 0.0696 | 0.5 | 0.0277 | 67300000 | 70000000 | 700000 | 190.67 | 113.96 | -0.008000000000000007 | 0.28900000000000003 | 196.14285714285714 | 0 | 1 | 1.673130923130923 | 0.673130923130923
Liberty Media Corporation-SiriusXM (LSXMK) | 1 | Institutional | 1.36 | -0.01 | 0.581 | 1.23 | 0.056 | 0.0891 | 0.4367 | 0.0443 | 0.06 | 0.0503 | 0.0904 | 0.3 | 0.061 | 64 | 1804 | 2770 | 45.23 | 42.52 | 0.030399999999999996 | -0.1367 | 0.6743682310469314 | 1 | 0 | 1.0637347130761994 | 0.06373471307619938
Lions Gate (LGF) | 1 | Institutional | 1.04 | -0.0159 | 0.5254 | 1.98 | 0.0469 | 0.1279 | 0.5293 | 0.0579 | 0.0786 | -0.0095 | 0.0216 | 0.5 | -0.0293 | 0 | 0 | -1162000000 | 15.12 | 12.41 | -0.057 | -0.029299999999999993 | NA | 0 | 1 | 1.218372280419017 | 0.2183722804190169
Live Nation (LYV) | 1 | Institutional | 1.87 | -0.0072 | 0.55 | 1.7 | 0.0581 | 0.1151 | 0.1992 | 0.0404 | 0.098 | 0.041 | 0.066 | 0.2 | 0 | 0 | 0 | 362.7 | 79.2 | 12.92 | -0.032 | 0.0008000000000000229 | 0 | 1 | 0 | 6.130030959752323 | 5.130030959752323
Lockheed Martin (LMT) | 1 | Institutional | 0.86 | 0.0027 | 0.4549 | 0.68 | 0.0493 | 0.0503 | 0.1231 | 0.0386 | 0.0467 | 1.2575 | 0.4555 | 0.4 | 0 | 2794 | 1000 | 4843 | 387.48 | 302.61 | 0.4088 | 0.27690000000000003 | 0.7833987198017758 | 1 | 0 | 1.28045999801725 | 0.28045999801724997
Lululemon Athletica (LULU) | 1 | Institutional | 1.19 | 0.1645 | 0.538 | 0.96 | 0.0436 | 0.058 | 0.0186 | 0.0232 | 0.0572 | 0.3017 | 0.358 | 0.1 | 0.0191 | 0 | 96100000 | 395253000 | 321.18 | 349.62 | 0.30079999999999996 | 0.0814 | 0.24313540947190787 | 1 | 0 | 0.9186545392140038 | -0.08134546078599625
Lululemon Athletica (LULU) | 1 | Institutional | 1.33 | 0.22 | 0.273 | 0.84 | 0.0513 | 0.0596 | 0.0188 | 0.0233 | 0.0588 | 0.2611 | 0.3279 | 0.1 | 0.0192 | 0 | 1215600000 | 1423900000 | 150.54 | 149.28 | 0.2691 | 0.08120000000000001 | 0.8537116370531639 | 1 | 0 | 1.0084405144694533 | 0.008440514469453264
Lululemon Athletica (LULU) | 1 | Inistitutional | 1.34 | 0.215 | 0.277 | 0.84 | 0.0478 | 0.056 | 0.019 | 0.0227 | 5.53 | 0.3054 | 0.3942 | 0.1 | 0.0128 | 0 | 1034600000 | 1336140000 | 330.24 | 308.3 | -5.135800000000001 | 0.081 | 0.7743200562815273 | 1 | 0 | 1.0711644502108335 | 0.07116445021083351
Lululemon Athletica (LULU) | 1.25 | Institutional  | 1.2 | 0.0976 | 0.514 | 1.33 | 0.0588 | 0.126 | 0.0451 | 0.0219 | 0.0899 | 0.3054 | 0.2254 | 0.1 | 0.0525 | 0 | 835400000 | 1056300000 | 321.28 | 141.51 | 0.1355 | 0.054900000000000004 | 0.7908738047903058 | 1 | 0 | 2.270369585188326 | 1.2703695851883259
Lululemon Athletica (LULU) | 1 | Institutional | 1.19 | 0.2912 | 0.528 | 0.85 | 0.0472 | 0.0566 | 0.0192 | 0.0265 | 0.0556 | 0.2611 | 0.1407 | 0.1 | 0.02 | 0 | 64000000 | 325631712 | 335.3 | 32.88 | 0.0851 | 0.08080000000000001 | 0.19654105433072808 | 1 | 0 | 10.197688564476886 | 9.197688564476886
LVMH (LVMUY) | 1 | Institituional | 0.97 | 0.0555 | 0.604 | 0.92 | 0.0561 | 0.0536 | 0.1449 | 0.0118 | 0.0479 | 0.1218 | 0.1018 | 0.1 | 0.003 | 12796000000 | 714000000 | 43716000000 | 515.75 | 480.5 | 0.0539 | -0.044899999999999995 | 0.3090401683594107 | 1 | 0 | 1.0733610822060353 | 0.07336108220603532
Macy's Inc. (M) | 0.5 | Institutional | 1.57 | -0.2459 | 0.224 | 2.42 | 0.0426 | 0.1187 | 0.72 | 0.0275 | 0.0473 | 0.0372 | 0.0862 | 0.9 | 0.14 | 117 | 1 | 2841 | 28.28 | 22.86 | 0.0389 | 0.18000000000000005 | 0.041534670890531505 | 1 | 0 | 1.237095363079615 | 0.2370953630796151
Marriott International (MAR) | 1 | Institutional | 1.72 | -0.0035 | 0.567 | 1.5 | 0.1344 | 0.1502 | 0.21 | 0.0263 | 0.123 | -0.4713 | 0.0069 | 0.4 | 0.1032 | 156000000 | 253000000 | 1639000000 | 146.69 | 139.48 | -0.1161 | 0.19000000000000003 | 0.24954240390482002 | 1 | 0 | 1.0516919988528821 | 0.051691998852882115
Marriott International (MAR) | 0.5 | Institutional | 1.89 | 0.0103 | 0.578 | 1.48 | 0.0494 | 0.087 | 0.2027 | 0.0293 | 0.0737 | -0.4713 | 0.0069 | 0.2 | 0.0034 | 2264000000 | 10608000000 | 7151000000 | 142.59 | 36.8 | -0.0668 | -0.00269999999999998 | 1.8000279681163474 | 0 | 1 | 3.8747282608695657 | 2.8747282608695657
Match (MTCH) | 1 | Institutional | 1.19 | 0.113 | 0.347 | 1.42 | 0.0534 | 0.0917 | 0.0941 | 0.0437 | 0.0863 | NA | 0.26 | 0.1 | 0.02 | 0 | 0 | 746994000 | 146.19 | 126.48 | 0.17370000000000002 | 0.0059000000000000025 | 0 | 1 | 0 | 1.1558349146110056 | 0.15583491461100563
McDonalds | 1 | Institutional | 0.6 | 0.24 | 0.289 | 1.34 | 0.0548 | 0.09 | 0.2417 | 0.03 | 0.0736 | -0.6045 | 0.206 | 0.3 | 0.004 | 3752900000 | 612300000 | 6400900000 | 234.84 | 83.24 | 0.1324 | 0.05829999999999999 | 0.6819665984470934 | 1 | 0 | 2.821239788563191 | 1.821239788563191
McDonalds (MCD) | 1 | Institutional | 0.62 | 0.0417 | 0.294 | 1.26 | 0.0554 | 0.0859 | 0.1766 | 0.0332 | 0.0717 | -0.43 | 0.1216 | 0.2 | -0.0144 | 3752900000 | 612300000 | 6917800000 | 243.84 | 113.76 | 0.0499 | 0.023400000000000004 | 0.6310098586255746 | 1 | 0 | 2.1434599156118144 | 1.1434599156118144
Medtronic (MDT) | 1.5 | Institutional | 0.8 | -0.0081 | 0.562 | 0.6 | 0.0472 | 0.0449 | 0.1415 | 0.0224 | 0.0387 | 0.06 | 0.038 | 0.1 | 0.0066 | 3063000000 | 195000000 | 4417 | 127.3 | 150.37 | -0.0006999999999999992 | -0.04149999999999998 | 737604.7090785601 | 0 | 1 | 0.846578439848374 | -0.153421560151626
Medtronic plc (MDT) | 0.5 | Institutional | 1.11 | -0.0686 | 0.673 | 0.91 | 0.0522 | 0.0632 | 0.1418 | 0.0304 | 0.057 | 0.2537 | 0.1511 | 0.1 | 0.0135 | 18094 | 21048 | 32930 | 126 | 106 | 0.09410000000000002 | -0.041800000000000004 | 1.1886425751594292 | 0 | 1 | 1.1886792452830188 | 0.18867924528301883
Mercado Libre (MELI) | 1 | Institutional | 1.54 | 0.5745 | 0.282 | 0.9 | 0.0919 | 0.0964 | 0.0213 | 0.0371 | 0.0945 | -0.0004 | 0.0376 | 0 | -0.0226 | 165400000 | 11800000 | 2100000000 | 1571.73 | 1048.78 | -0.0569 | -0.0213 | 0.08438095238095238 | 1 | 0 | 1.4986269761055704 | 0.4986269761055704
Meredith Corporation | 1 | Institutional | 1.86 | -0.0099 | 0.253 | 1.92 | 0.0472 | 0.1062 | 0.6568 | 0.024 | 0.0522 | 0.3 | 0.073 | 0.4 | -0.3 | 0 | 0 | -1068 | 35.22 | -31.27 | 0.020799999999999992 | -0.25680000000000003 | NA | 0 | 1 | NA | NA
Micron (MU) | 1.75 | Institutional  | 1.36 | 0.461 | 0.311 | 1.46 | 0.0536 | 0.089 | 0.0635 | 0.0292 | 0.0845 | 0.0695 | 0.0594 | 0.3 | 0.235 | 0 | 176000000 | 717000000 | 85.98 | 88.59 | -0.025100000000000004 | 0.2365 | 0.24546722454672246 | 1 | 0 | 0.9705384354893329 | -0.02946156451066706
Microsoft | 1 | Institutional | 0.83 | 0.287 | 0.593 | 0.81 | 0.0539 | 0.0597 | 0.0448 | 0.0289 | 0.0579 | 0.5098 | 1.0032 | 0.2 | 0.061 | 41647 | 53232 | 99585 | 252.46 | 199.95 | 0.9453000000000001 | 0.1552 | 0.9527438871315961 | 1 | 0 | 1.2626156539134785 | 0.2626156539134785
Microsoft (MSFT) | 1 | Institutional | 0.79 | 0.2752 | 0.4963 | 0.95 | 0.0524 | 0.0661 | 0.0421 | 0.0203 | 0.0639 | 0.6605 | 0.4277 | 0.2 | 0.1579 | 15137000000 | 22968000000 | 47590000000 | 252.46 | 195.88 | 0.3638 | 0.1579 | 0.8006934229880227 | 1 | 0 | 1.2888503165203187 | 0.2888503165203187
Mondelez | 1 | Institutional | 0.73 | -0.0515 | 0.556 | 0.48 | 0.057 | 0.0448 | 0.1989 | 0.0243 | 0.0394 | 0.5583 | 0.0974 | 0.1989 | 0 | 1678 | 1390 | 16700 | 60.69 | 25.25 | 0.058 | 0 | 0.1837125748502994 | 1 | 0 | 2.4035643564356435 | 1.4035643564356435
Monster Beverage Corp (MNST) | 1 | CEO/founder | 0.98 | 0.029 | 0.617 | 0.67 | 0.0488 | 0.0506 | 0.0004 | 0.0201 | 0.0506 | 49.64 | 69.35 | 0.2 | 0.044 | 0 | 595900000 | 1353900000 | 91.25 | 94.55 | 69.29939999999999 | 0.1996 | 0.44013590368564887 | 1 | 0 | 0.965097831835008 | -0.03490216816499203
MTN Group | 1.5 | Institutional with Government influence | 1.31 | -0.076 | 0.306 | 0.87 | 0.0992 | 0.1444 | 0.614 | 0.086 | 0.0939 | 0.16 | 0.1143 | 0.2 | -0.0832 | 6462 | 0 | 17547 | 97.77 | 68.27 | 0.0204 | -0.414 | 0.36826808001367756 | 1 | 0 | 1.4321078072359748 | 0.43210780723597475
Netflix | 1 | Institutional | 0.64 | 0.1308 | 0.175 | 0.96 | 0.0698 | 0.0837 | 0.045 | 0.044 | 8.11 | 32.95 | 0.2189 | 0.2 | 0.0488 | 0 | 0 | 3876.58 | 538.6 | 250.63 | -7.8911 | 0.15500000000000003 | 0 | 1 | 0 | 2.148984558911543 | 1.1489845589115428
Netflix (NFLX) | 1 | Institutional | 0.77 | 0.1448 | 0.181 | 1.15 | 0.058 | 0.0508 | 0.0685 | 0.0219 | 0.109 | 21.82 | 14.25 | 0.1 | 0.0315 | 0 | 0 | 3356.8 | 540.22 | 545.41 | 14.141 | 0.0315 | 0 | 1 | 0 | 0.9904842228782018 | -0.009515777121798186
Netflix (NFLX) | 1 | Institutional | 0.75 | 0.2486 | 0.104 | 1.18 | 0.058 | 8.4342 | 0.0806 | 0.0394 | 0.0815 | 0.3642 | 15.985 | 0.2 | 0.0033 | 0 | 0 | 23857400000 | 513.47 | 511.51 | 15.9035 | 0.1194 | 0 | 1 | 0 | 1.003831792144826 | 0.003831792144826096
Netflix (NFLX) | 1 | Institutional | 0.82 | 0.2465 | 0.298 | 1.39 | 0.058 | 0.0964 | 0.0742 | 0.0287 | 0.0908 | 0.3211 | 0.174 | 0.1 | 0.0219 | 0 | 0 | 3566.62 | 587.02 | 565.97 | 0.08319999999999998 | 0.025800000000000003 | 0 | 1 | 0 | 1.037192784069827 | 0.037192784069826956
Netflix (NFLX) | 1 | Institutional | 0.75 | 0.3081 | 0.104 | 1.1 | 0.0576 | 0.0795 | 0.0765 | 0.039 | 0.0757 | 0.2962 | 0.1694 | 0.2 | 0.0214 | 0 | 0 | 11727.41 | 503.84 | 415.12 | 0.09369999999999999 | 0.12350000000000001 | 0 | 1 | 0 | 1.213721333590287 | 0.213721333590287
Netflix (NFLX) | 1 | Institutional | 0.78 | 0.349 | 0.11 | 0.88 | 0.0596 | 0.0682 | 0.085 | 0.0389 | 0.065 | 0.3642 | 0.1666 | 0.1 | 0.0317 | 0 | 0 | 2433 | 503.4 | 302.73 | 0.1016 | 0.015 | 0 | 1 | 0 | 1.662867902090972 | 0.662867902090972
New York Times Company | 1.5 | Institutional  | 0.85 | 0.23 | 0.141 | 0.77 | 0.0581 | 0.0609 | 0.0439 | 0.0233 | 0.0589 | 0.086 | 0.097 | 0.1 | 0.01 | 38400000 | 0 | 251000000 | 45.36 | 26.18 | 0.0381 | 0.056100000000000004 | 0.15298804780876493 | 1 | 0 | 1.732620320855615 | 0.732620320855615
Nike | 0.5 | Institutional | 0.86 | -0.0055 | 0.4366 | 0.96 | 0.065 | 0.069 | 0.0745 | 0.0247 | 0.0654 | 0.4274 | 0.1506 | 0.3 | 0.0485 | 6578000000 | 15370000000 | 2501000000 | 133.49 | 76.13 | 0.08520000000000001 | 0.22549999999999998 | 8.775689724110356 | 0 | 1 | 1.7534480493892028 | 0.7534480493892028
Nike | 0 | Institutional | 1.14 | 0.0355 | 0.62 | 0.66 | 0.0489 | 0.0484 | 0.0593 | 0.027 | 0.0467 | 0.4256 | 0.2498 | 0.1 | 0.0105 | 6182000000 | 18199000000 | 5844000000 | 131.55 | 70.31 | 0.2031 | 0.04070000000000001 | 4.171971252566735 | 0 | 1 | 1.870999857772721 | 0.8709998577727209
Nike (NKE) | 0.5 | Institutional | 0.88 | 0.0821 | 0.344 | 0.97 | 0.0549 | 0.0695 | 0.0681 | 0.0248 | 0.066 | 0.2082 | 0.191 | 0.1 | 0.0102 | 5000590000 | 15023000000 | 23459000000 | 105.28 | 108.98 | 0.125 | 0.03190000000000001 | 0.8535568438552368 | 1 | 0 | 0.9660488162965681 | -0.033951183703431864
Nike (NKE) | 0.5 | Institutional | 1.14 | 0.0436 | 0.0062 | 0.58 | 0.0484 | 0.0442 | 0.1402 | 0.023 | 0.0328 | 0.4256 | 0.1505 | 0.1 | -0.0236 | 1452 | 3067 | 5709 | 133.04 | 48.48 | 0.1177 | -0.040199999999999986 | 0.791557190401121 | 1 | 0 | 2.7442244224422443 | 1.7442244224422443
Nintendo Co Ltd (NTDOY) | 1 | Institutional | 0.53 | 0.2649 | 0.168 | 0.78 | 0.076 | 0.0602 | 0.0003 | 0.0076 | 0.0601 | 0.2913 | 0.5696 | 0.4 | 0.061 | 4324910000 | 1337510000 | 9628150000 | 556.07 | 413.11 | 0.5095 | 0.3997 | 0.5881109039638975 | 1 | 0 | 1.3460579506668926 | 0.3460579506668926
Nordstrom (JWN) | 1 | Institutional | 1.77 | -0.1541 | 0.263 | 1.94 | 0.0472 | 0.1078 | 0.515 | 0.0334 | 0.0648 | 0.1685 | 0.0263 | 0.4 | 0 | 1040000000 | 1376000000 | 1320000000 | 37.44 | 14.55 | -0.03849999999999999 | -0.11499999999999999 | 1.8303030303030303 | 0 | 1 | 2.5731958762886595 | 1.5731958762886595
Nvidia (NVDA) | 2 | Institutional | 1.22 | 0.0101 | 0.477 | 1.08 | 0.055 | 0.0756 | 0.0264 | 0.0231 | 0.0741 | 0.2978 | 0.3434 | 0.1 | 0.0086 | 395 | 942 | 384.4 | 613.7 | 285.21 | 0.2693 | 0.0736 | 3.4781477627471387 | 0 | 1 | 2.151747834928649 | 1.1517478349286492
Nvidia(NVDA) | 2 | Institutional | 1.37 | 0.5674 | 0.22 | 1.29 | 0.0546 | 0.0869 | 0.019 | 0.0264 | 0.0856 | 0.3034 | 0.232 | 0.1 | 0.0166 | 395 | 0 | 5472700000 | 592.49 | 617.93 | 0.14640000000000003 | 0.081 | 7.217643941747218e-08 | 1 | 0 | 0.9588302882203487 | -0.04116971177965134
Oracle (ORCL) | 0.5 | Institutional with insider influence | 0.79 | 0.0276 | 0.39 | 1.11 | 0.0527 | 0.075 | 0.2553 | 0.0281 | 0.061 | 0.2876 | 0.2328 | 0.4 | 0.0147 | 22446 | 118745 | 81926 | 75.87 | 53.98 | 0.1718 | 0.1447 | 1.7233967238727632 | 0 | 1 | 1.4055205631715453 | 0.4055205631715453
Palantir (PLTR) | 1.25 | Institutional | 1.96 | 5.6117 | 0.1019 | 1 | 0.0611 | 0.0769 | 0.2702 | 0.1903 | 0.0783 | -1.3976 | -0.5814 | 0 | -0.0139 | 0 | 204560000 | 324410000 | 23.41 | 12.18 | -0.6597000000000001 | -0.2702 | 0.6305600937085787 | 1 | 0 | 1.9220032840722496 | 0.9220032840722496
PayPal (PYPL) | 1 | Institutional | 1.1 | 0.3068 | 0.425 | 0.81 | 0.0518 | 0.0573 | 0.0289 | 0.0223 | 0.0561 | 0.2094 | 0.1544 | 0.1 | 0.0011 | 0 | 1635 | 4322 | 252.02 | 210.23 | 0.09830000000000001 | 0.07110000000000001 | 0.37829708468301715 | 1 | 0 | 1.1987822860676403 | 0.19878228606764026
PayPal Holdings, Inc. (PYPL) | 1 | Institutional | 1.19 | 0.3008 | 0.446 | 1.08 | 0.0532 | 0.0734 | 0.0304 | 0.0293 | 0.0718 | 0.3425 | 0.2897 | 0 | -0.0053 | 0 | 2156 | 7197 | 250.16 | 142.5 | 0.2179 | -0.0304 | 0.2995692649715159 | 1 | 0 | 1.7555087719298246 | 0.7555087719298246
PayPal Holdings, Inc. (PYPL) | 1.5 | Institutional | 1.09 | 0.174 | 0.6178 | 0.98 | 0.0532 | 0.0684 | 0.0321 | 0.0334 | 0.0244 | 0.3921 | 0.2747 | 0 | -0.0036 | 0 | 10200000000 | 23900000000 | 234 | 112 | 0.2503 | -0.0321 | 0.42677824267782427 | 1 | 0 | 2.0892857142857144 | 1.0892857142857144
PCConnection (CNXN) | 0.25 | Inistitutional | 0.8 | 0.083 | 0.1604 | 0.87 | 0.0472 | 0.0574 | 0.0114 | 0.0233 | 0.057 | 0.0934 | 0.1002 | 0.1 | 0.018 | 8452000 | 10200000 | 21759000 | 46.39 | 51.03 | 0.043199999999999995 | 0.08860000000000001 | 0.8572085114205616 | 1 | 0 | 0.9090730942582794 | -0.09092690574172058
Peloton | 0.5 | Institutional | 0.68 | 1.474 | 0.04 | 0.68 | 0.056 | 0.043 | 0.4225 | 0.0293 | 0.0418 | 0.1206 | 0.0513 | 0 | -0.0529 | 0 | 0 | 561900000 | 83.81 | 166.78 | 0.009500000000000001 | -0.4225 | 0 | 1 | 0 | 0.5025182875644562 | -0.49748171243554384
Peloton (PTON) | 1 | Institutional  | 0.93 | 1.7794 | 0.017 | 0.99 | 0.0485 | 0.0383 | 0.4278 | 0.0365 | 0.0293 | 0.096 | 0.0067 | 0 | -0.000689 | 0 | 0 | 3851000000 | 88.13 | 234.86 | -0.0226 | -0.4278 | 0 | 1 | 0 | 0.3752448267052712 | -0.6247551732947287
Peloton (PTON) | 1 | Institutional | 0.99 | -0.0323 | 0.584 | 0.65 | 0.058 | 0.054 | 0.1321 | 0.023 | 7.05 | 12.2 | 28 | 0.6 | 0.067 | 0 | 0 | 1193400 | 83 | 579.24 | 20.95 | 0.4679 | 0 | 1 | 0 | 0.1432912091706374 | -0.8567087908293626
Peloton (PTON) | 0.5 | Institutional | 0.99 | -0.365 | 0.612 | 0.78 | 0.0485 | 0.0551 | 0.064 | 0.0497 | 0.0539 | 0.1357 | 0.0639 | 0 | -0.064 | 0 | 0 | -1137050000 | 88.25 | 862.79 | 0.009999999999999995 | -0.064 | NA | 0 | 1 | 0.10228444928661667 | -0.8977155507133834
Peloton (PTON) | 1 | Institutional | 1.26 | 1.31 | 0.04 | 1.52 | 0.049 | 0.092 | 0.0222 | 0.0223 | 9.06 | 0.122 | 0.051 | 0 | -0.0222 | 0 | 0 | 0 | 83.81 | 32.02 | -9.009 | -0.0222 | NA | 0 | 0 | 2.617426608369769 | 1.6174266083697688
PepsiCo (PEP) | 0.5 | Institutional | 0.6 | -0.0083 | 0.325 | 0.76 | 0.052 | 0.0559 | 0.1903 | 0.0222 | 0.0486 | 0.5254 | 0.1767 | 0.2 | 0.0097 | 24442 | 12600 | 9591 | 145.53 | 124.21 | 0.1281 | 0.009700000000000014 | 3.8621624439578772 | 0 | 1 | 1.1716447951050641 | 0.17164479510506414
Pfizer Inc (PFE) | 1 | Institutional | 0.68 | -0.0317 | 0.239 | 0.99 | 0.0544 | 0.0631 | 0.1941 | 0.02 | 0.0537 | 0.1515 | 0.1169 | 0.2 | -0.0059 | 8440000000 | 225345000 | 2833000000 | 36.81 | 23.44 | 0.0632 | 0.005900000000000016 | 3.0587169078715144 | 0 | 1 | 1.5703924914675769 | 0.5703924914675769
Planet Fitness (PLNT) | 1.25 | Institutional | 2.07 | 0.2985 | 0.692 | 2.18 | 0.0472 | 0.1085 | 0.2163 | 0.0365 | 0.0912 | 0.0685 | 0.0541 | 0.3 | 0.0837 | 0 | 500000000 | 193000000 | 83.99 | 12.72 | -0.0371 | 0.0837 | 2.5906735751295336 | 0 | 1 | 6.602987421383647 | 5.602987421383647
Quidel Corp (QDEL) | 1 | Individual | 0.16 | 0.0489 | 0.2 | 0.81 | 0.0439 | 0.0517 | 0.0513 | 0.0403 | 0.0503 | 3.6368 | 1.6071 | 0.9 | 0.1411 | 0 | 47889000 | 239990000 | 110.01 | 155.4 | 1.5568 | 0.8487 | 0.1995458144089337 | 1 | 0 | 0.7079150579150579 | -0.29208494208494207
Ralph Lauren (RL) | 0.5 | Institutional | 1.53 | -0.0778 | 0.385 | 1.18 | 0.0519 | 0.0773 | 0.2565 | 0.0296 | 0.063 | 0.213 | 0.12 | 0.3 | 0.0098 | 892100000 | 1930100000 | 2670300000 | 133.4 | 104.99 | 0.056999999999999995 | 0.04349999999999998 | 1.0568849941954088 | 0 | 1 | 1.270597199733308 | 0.2705971997333081
Restaurant Brands International (QSR) | 2 | Institutional | 1.58 | -0.0449 | 0.642 | 1.67 | 0.0479 | 0.0961 | 0.4268 | 0.0438 | 0.0687 | 0.188 | 0.069 | 0.3 | 0.107 | 959000000 | 0 | 678600000 | 69.64 | 69.26 | 0.0003000000000000086 | -0.12680000000000002 | 1.413203654582965 | 0 | 1 | 1.0054865723361246 | 0.0054865723361245955
Revolve  | 0.5 | Institutional | 1.74 | 0.2525 | 0.28 | 1.16 | 0.0472 | 0.0711 | 0.0031 | 0.0232 | 0.071 | 0.4412 | 0.5989 | 0.0031 | 0 | 0 | 0 | 66.6 | 49.02 | 12.17 | 0.5279 | 0 | 0 | 1 | 0 | 4.027937551355794 | 3.0279375513557936
RH (RH) | -1 | Institutional | 2.85 | 0.0437 | 0.3152 | 1.57 | 0.0472 | 0.0903 | 0.117 | 0.0232 | 0.0815 | N/A | 0.234 | 0.3 | 0.056 | 0 | 8350000 | 180320000 | 600 | 624 | 0.15250000000000002 | 0.183 | 0.046306566104702754 | 1 | 0 | 0.9615384615384616 | -0.038461538461538436
Rockwell Automation  | 1 | Institutional | 1.33 | 0.7563 | 0.639 | 0.96 | 0.0544 | 0.068 | 0.0953 | 0.0298 | 0.0636 | 0.4247 | 0.286 | 0.3 | 0.227 | 2492.4 | 6696.5 | 4554.5 | 261.41 | 170.5 | 0.2224 | 0.2047 | 2.0175430892523876 | 0 | 1 | 1.5331964809384167 | 0.5331964809384167
SAIC Motors (SHA) | -1 | Government | 0.62 | 0.05 | 0.16 | 1.01 | 0.0537 | 0.0971 | 0.1875 | 0.0504 | 0.086 | 0.14 | 0.1379 | 0.2 | 0.0727 | 1534776119 | 0 | -587336615 | 20.06 | 35.3 | 0.0519 | 0.012500000000000011 | NA | 0 | 1 | 0.568271954674221 | -0.431728045325779
Salesforce | 1 | Institutional with insider influence | 1.09 | 0.0775 | 0.328 | 0.87 | 0.0554 | 0.0665 | 0.0312 | 0.0279 | 6.51 | 0.4653 | 0.0677 | 0 | -0.0311 | 0 | 0 | 3950 | 216.5 | 86.64 | -6.4422999999999995 | -0.0312 | 0 | 1 | 0 | 2.4988457987072947 | 1.4988457987072947
Salesforce | 1 | Institutional | 1.12 | 0.0143 | 0.2374 | 0.89 | 0.0472 | 0.0578 | 0.0226 | 0.0556 | 0.0596 | 0.0578 | 0.0942 | 0 | 0.061 | 0 | 0 | 3592 | 216.5 | 0 | 0.034600000000000006 | -0.0226 | 0 | 1 | 0 | NA | NA
Scholastic Publishing  | 1 | Institutional | 1.26 | -0.0099 | 0.501 | 0.95 | 0.0482 | 0.0538 | 0.298 | 0.0266 | 4.59 | 1.2 | 3.3 | 0.2 | -0.015 | 21000000 | 2790000 | 15 | 31.28 | 15.29 | -1.29 | -0.09799999999999998 | 1586000 | 0 | 1 | 2.0457815565729236 | 1.0457815565729236
Sea Limited (SE) | 0.5 | Institutional | 1.4 | 1.7263 | 0.335 | 1.06 | 0.0583 | 0.0786 | 0.0166 | 0.0708 | 0.0782 | -1.392 | 1.5791 | 0 | 0.0255 | 0 | 0 | -4368574000 | 239.24 | 344.42 | 1.5009 | -0.0166 | NA | 0 | 1 | 0.6946170373381336 | -0.3053829626618664
ServiceNow, Inc (NOW) | 1 | Institutional | 0.95 | 0.0697 | 0.281 | 1.06 | 0.0653 | 0.0852 | 0.0243 | 0.0331 | 0.0837 | 0.0538 | 0.0309 | 0 | -0.1843 | 0 | 508.6 | 1840.52 | 485 | 425.05 | -0.0528 | -0.0243 | 0.2763349488188121 | 1 | 0 | 1.141042230325844 | 0.14104223032584406
Shake Shack (SHAK) | 1 | Institutional | 1.71 | 0.0499 | 0.2757 | 1.71 | 0.055 | 0.1114 | 0.081 | 0.042 | 0.1047 | 0.08 | 0.035 | 0.1 | 0.02 | 0 | 0 | -2043000 | 111.86 | 62.43 | -0.0697 | 0.019000000000000003 | NA | 0 | 1 | 1.7917667787922473 | 0.7917667787922473
Shopify (SHOP) | 1 | Institutional | 1.48 | 0.8378 | 0.226 | 0.83 | 0.0495 | 0.0585 | 0.0088 | 0.0274 | 0.0582 | 0.1093 | 0.0513 | 0 | -0.0014 | 0 | 0 | 84296600 | 1182.51 | 1279.02 | -0.006900000000000003 | -0.0088 | 0 | 1 | 0 | 0.9245437913402449 | -0.07545620865975511
Shopify (SHOP) | 1 | Institutional | 1.29 | 0.9938 | 0.238 | 1.21 | 0.0493 | 0.0754 | 0.0075 | 0.0296 | 0.0754 | 0.1999 | 0.2972 | 0 | 0 | 0 | 0 | 880200000 | 1259 | 762.1 | 0.22180000000000002 | -0.0075 | 0 | 1 | 0 | 1.6520141713685867 | 0.6520141713685867
Shopify (SHOP) | 0.5 | Institutional  | 1.45 | 0.843 | 0.245 | 0.97 | 0.0499 | 0.0707 | 0.0069 | 0.0294 | 0.0703 | 0.1182 | 0.1526 | 0 | 0 | 0 | 0 | 41410000 | 1090.93 | 109.89 | 0.08230000000000001 | -0.0069 | 0 | 1 | 0 | 9.927472927472929 | 8.927472927472929
Sony Corporation (SNE) | 1 | Institutional | 0.93 | 0.0873 | 0.384 | 0.89 | 0.0546 | 0.0487 | 0.1306 | 0.0134 | 0.0436 | 0.1448 | 0.1319 | 0.4 | 0.0217 | 356.48 | 922.69 | 9443.6 | 100.37 | 121.1857445 | 0.08829999999999999 | 0.26940000000000003 | 0.13545364056080308 | 1 | 0 | 0.828232729964373 | -0.17176727003562697
Southwest (LUV) | 1 | Institutional | 1.32 | 33.85 | 0.285 | 0.94 | 0.052 | 0.0965 | 0.289 | 0.037 | 0.0891 | 0.2339 | 0.337 | 0.5 | 0.3369 | 1519 | 9485 | 12577 | 55.68 | 69.64 | 0.2479 | 0.21100000000000002 | 0.87493042856007 | 1 | 0 | 0.7995404939689833 | -0.2004595060310167
Southwest Airlines (LUV) | 1.5 | Institutional | 1.31 | 0.3389 | 0.285 | 0.96 | 0.0495 | 0.0961 | 0.291 | 0.0381 | 0.0885 | 0.1852 | 0.025 | 0.5 | 0.3369 | 1519 | 9485 | 12577 | 59.85 | 73.82 | -0.0635 | 0.20900000000000002 | 0.87493042856007 | 1 | 0 | 0.8107558927120022 | -0.1892441072879978
Spotify(SPOT) | 0.5 | Institutional; with insider influence | 0.99 | -0.1375 | 0.586 | 0.95 | 0.0677 | 0.0666 | 0.024 | 0.1222 | 0.0671 | 0.0767 | 0.0226 | 0 | 0.034 | 0 | 525.6 | -585.53 | 262.15 | 158.37 | -0.04450000000000001 | -0.024 | NA | 0 | 1 | 1.6553008776914817 | 0.6553008776914817
Sprouts Farmers Market (SFM) | 1 | Institutional | 0.21 | -0.2961 | 0.108 | 0.24 | 0.0472 | 0.0278 | 0.58 | 0.026 | 1.91 | 32.62 | 11.58 | 0.4 | 0.065 | 0 | 0 | 461056000 | 25.81 | 26.37 | 9.67 | -0.17999999999999994 | 0 | 1 | 0 | 0.9787637466818353 | -0.0212362533181647
Square | 1.5 | Inistitutional | 2.58 | 0.0409 | 0.422 | 0.86 | 0.0472 | 0.0919 | 0.0297 | 0.0287 | 8.87 | 0.315 | 0.0783 | 0 | 0.0247 | 0 | 0 | 1289000000 | 233 | 298.91 | -8.791699999999999 | -0.0297 | 0 | 1 | 0 | 0.7794988458064299 | -0.22050115419357008
Square | 1 | Institutional w/ insider influence | 2.46 | 0.47 | 0.42 | 0.88 | 0.0473 | 0.0577 | 0.0209 | 0.1906 | 0.0589 | 0.1929 | 0.1161 | 0 | 0.0593 | 0 | 0 | 2414680000 | 246.43 | 190.99 | 0.057199999999999994 | -0.0209 | 0 | 1 | 0 | 1.2902769778522436 | 0.2902769778522436
Square | 1 | Institutional with insider influence | 2.41 | 0.5299 | 0.53 | 0.6 | 0.0461 | 0.0443 | 0.0265 | 0.1909 | 0.0471 | 0.0795 | -0.031 | 0 | 0.0398 | 0 | 0 | 2021600000 | 208.47 | 112.56 | -0.0781 | -0.0265 | 0 | 1 | 0 | 1.8520788912579957 | 0.8520788912579957
Square Enix (TSE:9684) | 2 | Institutional | 0.83 | 0.1084 | 0.14 | 0.87 | 0.0532 | 0.0401 | 0.005 | 0.0064 | 0.0399 | 0.0997 | 0.2653 | 0.3 | 0.0243 | 265.93 | 85.54 | 721.36 | 57.22 | 66.84 | 0.2254 | 0.295 | 0.48723244981701236 | 1 | 0 | 0.8560742070616397 | -0.14392579293836028
Square(SQ) | 1 | Institutional | 2.13 | 0.025 | 0.536 | 0.81 | 0.0473 | 0.0532 | 0.0338 | 0.1898 | 0.0542 | -0.0307 | -0.0265 | 0 | 0.003 | 0 | 0 | 99420000 | 213.51 | 105.07 | -0.0807 | -0.0338 | 0 | 1 | 0 | 2.0320738555248883 | 1.0320738555248883
Starbucks (SBUX) | 1 | Institutional  | 1.11 | 0.0627 | 0.676 | 1.37 | 0.0512 | 0.0854 | 0.243 | 0.0288 | 0.0717 | -0.1461 | 0.0618 | 0 | 0.0022 | 11299700000 | 24740900000 | 45608000000 | 113 | 36.76 | -0.009899999999999999 | -0.243 | 0.7902253990527978 | 1 | 0 | 3.073993471164309 | 2.073993471164309
Stitch Fix (SFIX) | 1 | Institutional | 1.01 | 1.18 | 0.067 | 1.16 | 0.0426 | 0.0656 | 0.0351 | 0.07 | 0.0652 | 0.0559 | 0.0504 | 0 | 0.0181 | 0 | 55400000 | -24200000 | 41.53 | 17.23 | -0.014799999999999994 | -0.0351 | NA | 0 | 1 | 2.4103308183401047 | 1.4103308183401047
Stride, Inc. (LRN) | 1.5 | Institutional | 0.5 | -0.0841 | 0.0237 | 0.98 | 0.0472 | 0.062 | 0.101 | 0.0198 | 0.0573 | 0.0375 | 0.0367 | 0.2 | 0.0023 | 0 | 27482000 | 236915418 | 28.35 | 18.32 | -0.020599999999999993 | 0.099 | 0.11599920440804744 | 1 | 0 | 1.5474890829694323 | 0.5474890829694323
Surgery Partners (SGRY) | 2 | Institutional | 2.27 | 0.0139 | 0.0032 | 1.28 | 0.0668 | 0.1013 | 0.4579 | 0.0673 | 0.0774 | 0.0428 | 0.1408 | 0.7 | 0.1689 | 0 | 0 | 190750000 | 126 | -401.98 | 0.06340000000000001 | 0.24209999999999998 | 0 | 1 | 0 | NA | NA
Take-two interactive | 0 | Institutional | 0.59 | 0.3687 | 0.197 | 1.19 | 0.0635 | 0.0776 | 0.0561 | 0.0219 | 0.0898 | 0.188 | 0.5394 | 0.3 | 0.0703 | 0 | 920.7 | 349.24 | 166 | 98.91 | 0.4496 | 0.2439 | 2.6362959569350592 | 0 | 1 | 1.678293398038621 | 0.678293398038621
Target (TGT) | 2 | Institutional | 1.01 | 0.0114 | 0.2728 | 0.76 | 0.0472 | 0.0517 | 0.1369 | 0.0265 | 4.63 | 0.3159 | 0.1937 | 0.5 | 0.366 | 1343000000 | 745000000 | 16245385535.29 | 212.98 | 207.83 | -4.4363 | 0.3631 | 0.12852880563925173 | 1 | 0 | 1.024779868161478 | 0.024779868161477925
Target (TGT) | Institutional | 1.09 | 0.1525 | 0.272 | 1.13 | 0.0472 | 0.0694 | 0.136 | 0.0278 | 0.063 | 0.3919 | 0.2172 | 0.3 | 0.03 | 1343000000 | 722000000 | 1738870000 | 183.75 | 125.18 | 0.1542 | 0.16399999999999998 | 1.1875528360371965 | 0 | 1 | 1.467886243808915 | 0.4678862438089151
Telsa (TSLA) | 1 | Institutional | 2.19 | 0.571 | 0.248 | 0.83 | 0.0534 | 0.0605 | 0.0191 | 0.0441 | 0.06 | 0.1123 | 0.0828 | 0 | 0.0022 | 0 | 0 | -2479 | 672.08 | 533.84 | 0.0228 | -0.0191 | NA | 0 | 1 | 1.2589539937059793 | 0.25895399370597927
Tencent Music (TME) | 1 | Institutional | 0.61 | -0.0001 | 0.118 | 2.06 | 0.0534 | 0.1433 | 0.2276 | 0.0205 | 0.1153 | 0.0795 | 0.0575 | 0.4 | 0.0035 | 0 | 1000000000 | 1577138414 | 16.07 | 4.79 | -0.0578 | 0.17240000000000003 | 0.6340597572940735 | 1 | 0 | 3.3549060542797493 | 2.3549060542797493
Tesla (TSLA) | 1 | Institutional | 1.87 | 5.8164 | 0.352 | 0.85 | 0.0594 | 0.067 | 0.0205 | 0.0441 | 0.0661 | 0.0638 | 0.0723 | 0 | -0.0205 | 0 | 0 | 1558000000 | 673.6 | 1126.56 | 0.006199999999999997 | -0.0205 | 0 | 1 | 0 | 0.5979264309047011 | -0.4020735690952989
Tesla, Inc. (TSLA) | 1 | Institutional | 1.93 | 2.2892 | 0.362 | 0.84 | 0.0534 | 0.0649 | 0.0191 | 0.0441 | 0.0694 | 0.0543 | 0.0411 | 0 | 0.0018 | 0 | 0 | -750780000 | 665.9 | 162.57 | -0.028300000000000006 | -0.0191 | NA | 0 | 1 | 4.096081687888295 | 3.0960816878882946
The Boeing Company (BA) | 1 | Institutional | 2.62 | -0.3953 | 0.554 | 1.13 | 0.0511 | 0.0746 | 0.3094 | 0.0336 | 0.0591 | 0.2384 | 0.5085 | 0.2 | 0.0256 | 1158 | 0 | 9478.8 | 235.19 | 146.89 | 0.44939999999999997 | -0.1094 | 0.12216736295733638 | 1 | 0 | 1.60113009735176 | 0.6011300973517599
The Coca-Cola Company (KO) | 1 | Institutional | 1 | -0.0947 | 0.663 | 0.82 | 0.0583 | 0.063 | 0.1824 | 0.0257 | 0.0562 | 0.3368 | 0.1217 | 0.15 | 0 | 7047000000 | 118000000 | 5896000000 | 54 | 22.23 | 0.0655 | -0.03240000000000001 | 1.2152306648575306 | 0 | 1 | 2.42914979757085 | 1.42914979757085
The Hershey Company | 1.5 | Institutional | 0.57 | 0.126 | 0.412 | 0.65 | 0.0508 | 0.0519 | 0.1602 | 0.0295 | 0.0484 | 0.5714 | 0.176 | 0.3 | 0.0189 | 640700000 | 211200000 | 932000000 | 159.45 | 159.99 | 0.1276 | 0.13979999999999998 | 0.9140557939914163 | 1 | 0 | 0.9966247890493155 | -0.003375210950684493
The Home Depot (HD) | 1 | Institutional | 1.04 | 0.2759 | 0.518 | 1.07 | 0.0472 | 0.0706 | 0.134 | 0.0281 | 0.0639 | 0.1688 | 0.1251 | 0.4 | 0.1807 | 1650000000 | 0 | 14253000000 | 339 | 156.52 | 0.06119999999999999 | 0.266 | 0.11576510208377183 | 1 | 0 | 2.165857398415538 | 1.1658573984155378
[sheet truncated]
