Source: http://www.stern.nyu.edu/~adamodar/pc/datasets/intrinsicvsactualrate.xlsx

Sheet: Sheet1
Year end | Ten-year T.Bond rate | Inflation rate | Real GDP growth | Intrinsic riskfree rate | The Fed Effect | T.Bond/Fund Int rate | Fed Funds Rate | Inflation rate (10 year average) | Real GDP growth (10-year average) | Intrinsic risk free rate (smoothed) | Column1 | Year | Inflation rate | GDP growth
1954 | 0.0251 | -0.0037 | -0.006 | -0.0097 | 0.0348 | -2.5876288659793816 | 0.0235 | 0.04302373999999999 | 0.014729790000000001 | 0.05775352999999999 | -0.032653529999999986 | 1945 | 0.0224719 | -0.0097809
1955 | 0.0296 | 0.0037 | 0.071 | 0.07469999999999999 | -0.04509999999999999 | 0.3962516733601072 | 0.0248 | 0.04114654999999999 | 0.022807879999999996 | 0.06395442999999998 | -0.03435442999999998 | 1946 | 0.1813187 | -0.116056
1956 | 0.0359 | 0.0283 | 0.021 | 0.0493 | -0.013399999999999995 | 0.7281947261663286 | 0.0294 | 0.02584468 | 0.03651348 | 0.062358159999999996 | -0.026458159999999994 | 1947 | 0.08837210000000001 | -0.0114464
1957 | 0.0321 | 0.0304 | 0.021 | 0.0514 | -0.019300000000000005 | 0.6245136186770427 | 0.0298 | 0.020047469999999998 | 0.03975812 | 0.05980559 | -0.027705590000000002 | 1948 | 0.0273387 | 0.041132999999999996
1958 | 0.0386 | 0.0176 | -0.007 | 0.010600000000000002 | 0.028 | 3.6415094339622636 | 0.0242 | 0.019073600000000003 | 0.03494482 | 0.054018420000000004 | -0.015418420000000002 | 1949 | -0.0182952 | -0.005642200000000001
1959 | 0.0469 | 0.0152 | 0.069 | 0.08420000000000001 | -0.037300000000000014 | 0.5570071258907362 | 0.0399 | 0.022423119999999998 | 0.04240904 | 0.06483216 | -0.017932160000000003 | 1950 | 0.058026299999999996 | 0.08686540000000001
1960 | 0.0384 | 0.0136 | 0.026 | 0.039599999999999996 | -0.0011999999999999997 | 0.9696969696969697 | 0.0198 | 0.017980490000000002 | 0.0363225 | 0.05430299 | -0.015902990000000006 | 1951 | 0.0596477 | 0.0804579
1961 | 0.0406 | 0.0067 | 0.026 | 0.0327 | 0.007899999999999997 | 1.241590214067278 | 0.0233 | 0.012685720000000001 | 0.03087671 | 0.04356243 | -0.002962430000000002 | 1952 | 0.0090669 | 0.0408852
1962 | 0.0386 | 0.0123 | 0.061 | 0.0733 | -0.0347 | 0.5266030013642565 | 0.0293 | 0.01300903 | 0.03288819 | 0.045897219999999996 | -0.007297219999999993 | 1953 | 0.0059903 | 0.0468819
1963 | 0.0413 | 0.0165 | 0.044 | 0.0605 | -0.019199999999999995 | 0.6826446280991736 | 0.0338 | 0.01406 | 0.0326 | 0.04665999999999999 | -0.00535999999999999 | 1954 | -0.0037 | -0.006
1964 | 0.0418 | 0.012 | 0.058 | 0.07 | -0.02820000000000001 | 0.5971428571428571 | 0.0385 | 0.015629999999999998 | 0.03899999999999999 | 0.05462999999999999 | -0.012829999999999994 | 1955 | 0.0037 | 0.071
1965 | 0.0462 | 0.0192 | 0.065 | 0.0842 | -0.038 | 0.5486935866983372 | 0.0432 | 0.01718 | 0.038400000000000004 | 0.055580000000000004 | -0.009380000000000006 | 1956 | 0.0283 | 0.021
1966 | 0.0484 | 0.0336 | 0.066 | 0.0996 | -0.051199999999999996 | 0.4859437751004016 | 0.054 | 0.01771 | 0.0429 | 0.06061 | -0.012209999999999999 | 1957 | 0.0304 | 0.021
1967 | 0.057 | 0.0328 | 0.027 | 0.059800000000000006 | -0.002800000000000004 | 0.9531772575250835 | 0.0451 | 0.01795 | 0.0435 | 0.06145 | -0.004449999999999996 | 1958 | 0.0176 | -0.007
1968 | 0.0603 | 0.0471 | 0.049 | 0.0961 | -0.035800000000000005 | 0.627471383975026 | 0.0602 | 0.0209 | 0.0491 | 0.06999999999999999 | -0.009699999999999993 | 1959 | 0.0152 | 0.069
1969 | 0.0765 | 0.059 | 0.031 | 0.09 | -0.013499999999999998 | 0.85 | 0.0897 | 0.025280000000000004 | 0.04529999999999999 | 0.07058 | 0.005919999999999995 | 1960 | 0.0136 | 0.026
1970 | 0.0639 | 0.0557 | 0.002 | 0.0577 | 0.006199999999999997 | 1.1074523396880416 | 0.049 | 0.02949 | 0.04290000000000001 | 0.07239000000000001 | -0.008490000000000011 | 1961 | 0.0067 | 0.026
1971 | 0.0593 | 0.0327 | 0.033 | 0.06570000000000001 | -0.00640000000000001 | 0.9025875190258751 | 0.0414 | 0.03209 | 0.04360000000000001 | 0.07569000000000001 | -0.01639000000000001 | 1962 | 0.0123 | 0.061
1972 | 0.0636 | 0.0341 | 0.052 | 0.0861 | -0.022499999999999992 | 0.7386759581881533 | 0.0533 | 0.03427000000000001 | 0.0427 | 0.07697000000000001 | -0.013370000000000007 | 1963 | 0.0165 | 0.044
1973 | 0.0674 | 0.0894 | 0.056 | 0.1454 | -0.078 | 0.46354883081155435 | 0.0995 | 0.04156 | 0.04390000000000001 | 0.08546000000000001 | -0.018060000000000007
1974 | 0.0743 | 0.121 | -0.005 | 0.11599999999999999 | -0.04169999999999999 | 0.6405172413793104 | 0.0853 | 0.05245999999999999 | 0.0376 | 0.09006 | -0.015759999999999996
1975 | 0.08 | 0.0713 | -0.002 | 0.0693 | 0.010700000000000001 | 1.1544011544011543 | 0.052 | 0.05767 | 0.0309 | 0.08857 | -0.008569999999999994
1976 | 0.0687 | 0.0504 | 0.054 | 0.10439999999999999 | -0.035699999999999996 | 0.6580459770114943 | 0.0465 | 0.05935 | 0.029699999999999997 | 0.08904999999999999 | -0.020349999999999993
1977 | 0.0769 | 0.0668 | 0.046 | 0.1128 | -0.0359 | 0.6817375886524822 | 0.0656 | 0.06275 | 0.0316 | 0.09435 | -0.017450000000000007
1978 | 0.0901 | 0.0899 | 0.056 | 0.1459 | -0.0558 | 0.6175462645647704 | 0.1003 | 0.06702999999999999 | 0.032299999999999995 | 0.09932999999999999 | -0.009229999999999988
1979 | 0.1039 | 0.1325 | 0.032 | 0.1645 | -0.0606 | 0.6316109422492401 | 0.1378 | 0.07438 | 0.0324 | 0.10678 | -0.0028799999999999937
1980 | 0.1284 | 0.1235 | -0.002 | 0.1215 | 0.0068999999999999895 | 1.05679012345679 | 0.189 | 0.08115999999999998 | 0.031999999999999994 | 0.11315999999999998 | 0.015240000000000004
1981 | 0.1372 | 0.0891 | 0.026 | 0.1151 | 0.022099999999999995 | 1.1920069504778452 | 0.1237 | 0.08679999999999999 | 0.03130000000000001 | 0.1181 | 0.019099999999999992
1982 | 0.1054 | 0.0383 | -0.019 | 0.0193 | 0.0861 | 5.461139896373056 | 0.0895 | 0.08721999999999999 | 0.024200000000000003 | 0.11141999999999999 | -0.006019999999999998
1983 | 0.1183 | 0.0379 | 0.046 | 0.0839 | 0.0344 | 1.4100119189511322 | 0.0947 | 0.08207 | 0.0232 | 0.10527 | 0.01303
1984 | 0.115 | 0.0404 | 0.073 | 0.1134 | 0.0016000000000000042 | 1.0141093474426808 | 0.0838 | 0.07400999999999999 | 0.031 | 0.10500999999999999 | 0.009990000000000013
1985 | 0.0926 | 0.0379 | 0.042 | 0.0799 | 0.012700000000000003 | 1.1589486858573217 | 0.0827 | 0.07067000000000001 | 0.0354 | 0.10607000000000001 | -0.01347000000000001
1986 | 0.0711 | 0.0119 | 0.035 | 0.046900000000000004 | 0.024199999999999992 | 1.5159914712153515 | 0.0691 | 0.06682000000000002 | 0.033499999999999995 | 0.10032000000000002 | -0.029220000000000024
1987 | 0.0899 | 0.0433 | 0.035 | 0.07830000000000001 | 0.011599999999999985 | 1.148148148148148 | 0.0677 | 0.06447 | 0.0324 | 0.09687 | -0.006970000000000004
1988 | 0.0911 | 0.0441 | 0.042 | 0.08610000000000001 | 0.0049999999999999906 | 1.0580720092915215 | 0.0876 | 0.05989 | 0.031 | 0.09089 | 0.00021000000000000185
1989 | 0.0784 | 0.0464 | 0.037 | 0.0834 | -0.0050000000000000044 | 0.9400479616306954 | 0.0845 | 0.051280000000000006 | 0.0315 | 0.08278 | -0.004380000000000009
1990 | 0.0808 | 0.0625 | 0.019 | 0.0815 | -0.0007000000000000062 | 0.9914110429447852 | 0.0731 | 0.04518 | 0.033600000000000005 | 0.07878 | 0.002019999999999994
1991 | 0.0709 | 0.0298 | -0.001 | 0.0288 | 0.042100000000000005 | 2.461805555555556 | 0.0443 | 0.03925 | 0.0309 | 0.07015 | 0.0007500000000000007
1992 | 0.0677 | 0.0297 | 0.036 | 0.0657 | 0.0020000000000000018 | 1.030441400304414 | 0.0292 | 0.03839 | 0.0364 | 0.07479 | -0.007089999999999999
1993 | 0.0577 | 0.0281 | 0.027 | 0.055099999999999996 | 0.002600000000000005 | 1.0471869328493648 | 0.0296 | 0.03741 | 0.0345 | 0.07191 | -0.01421
1994 | 0.0781 | 0.026 | 0.04 | 0.066 | 0.0121 | 1.1833333333333333 | 0.0545 | 0.03597 | 0.0312 | 0.06717000000000001 | 0.010929999999999995
1995 | 0.0571 | 0.0253 | 0.027 | 0.0523 | 0.004799999999999999 | 1.0917782026768643 | 0.056 | 0.034710000000000005 | 0.029700000000000004 | 0.06441000000000001 | -0.007310000000000011
1996 | 0.063 | 0.0338 | 0.038 | 0.0718 | -0.008800000000000002 | 0.8774373259052924 | 0.0529 | 0.0369 | 0.03 | 0.0669 | -0.0039000000000000007
1997 | 0.0581 | 0.017 | 0.045 | 0.062 | -0.0039000000000000007 | 0.9370967741935484 | 0.055 | 0.03427 | 0.031 | 0.06527 | -0.007169999999999996
1998 | 0.0465 | 0.0161 | 0.045 | 0.0611 | -0.014600000000000002 | 0.7610474631751227 | 0.0468 | 0.03147 | 0.0313 | 0.06276999999999999 | -0.016269999999999993
1999 | 0.0628 | 0.0268 | 0.047 | 0.0738 | -0.01100000000000001 | 0.8509485094850947 | 0.053 | 0.029509999999999998 | 0.032299999999999995 | 0.06180999999999999 | 0.0009900000000000048
2000 | 0.0524 | 0.0344 | 0.041 | 0.0754 | -0.022999999999999993 | 0.6949602122015915 | 0.064 | 0.026699999999999995 | 0.034499999999999996 | 0.06119999999999999 | -0.008799999999999988
2001 | 0.0509 | 0.016 | 0.01 | 0.026000000000000002 | 0.0249 | 1.9576923076923076 | 0.0182 | 0.02532 | 0.0356 | 0.06092 | -0.010020000000000001
2002 | 0.0403 | 0.0248 | 0.018 | 0.0428 | -0.0024999999999999953 | 0.941588785046729 | 0.0124 | 0.024829999999999998 | 0.0338 | 0.058629999999999995 | -0.018329999999999992
2003 | 0.0427 | 0.0204 | 0.028 | 0.0484 | -0.005699999999999997 | 0.8822314049586778 | 0.0098 | 0.02406 | 0.0339 | 0.05796 | -0.015259999999999996
2004 | 0.0423 | 0.0334 | 0.038 | 0.07139999999999999 | -0.029099999999999994 | 0.592436974789916 | 0.0216 | 0.0248 | 0.0337 | 0.058499999999999996 | -0.0162
2005 | 0.0447 | 0.0334 | 0.033 | 0.0664 | -0.021700000000000004 | 0.6731927710843373 | 0.0416 | 0.02561 | 0.0343 | 0.05991 | -0.015210000000000001
2006 | 0.0456 | 0.0252 | 0.027 | 0.052199999999999996 | -0.006599999999999995 | 0.8735632183908046 | 0.0524 | 0.02475 | 0.03320000000000001 | 0.05795000000000001 | -0.012350000000000007
2007 | 0.041 | 0.0411 | 0.018 | 0.0591 | -0.018099999999999998 | 0.6937394247038917 | 0.0424 | 0.027159999999999997 | 0.030500000000000006 | 0.05766 | -0.01666
2008 | 0.0242 | -0.0002 | -0.003 | -0.0032 | 0.0274 | -7.562499999999999 | 0.0016 | 0.025529999999999997 | 0.0257 | 0.05123 | -0.02703
2009 | 0.0359 | 0.0281 | -0.028 | 9.99999999999994e-05 | 0.0358 | 359.00000000000216 | 0.0012 | 0.02566 | 0.0182 | 0.043859999999999996 | -0.007959999999999995
2010 | 0.0329 | 0.0144 | 0.025 | 0.039400000000000004 | -0.006500000000000006 | 0.8350253807106598 | 0.0018 | 0.02366 | 0.016599999999999997 | 0.04026 | -0.0073599999999999985
2011 | 0.0198 | 0.0306 | 0.016 | 0.0466 | -0.0268 | 0.424892703862661 | 0.0007 | 0.025119999999999996 | 0.0172 | 0.042319999999999997 | -0.022519999999999995
2012 | 0.0172 | 0.0176 | 0.023 | 0.0406 | -0.023399999999999997 | 0.4236453201970444 | 0.0016 | 0.024399999999999998 | 0.017699999999999997 | 0.0421 | -0.0249
2013 | 0.029 | 0.0151 | 0.022 | 0.0371 | -0.0081 | 0.7816711590296496 | 0.0016 | 0.023869999999999995 | 0.017099999999999997 | 0.04096999999999999 | -0.011969999999999991
2014 | 0.0221 | 0.0066 | 0.024 | 0.030600000000000002 | -0.0085 | 0.7222222222222222 | 0.0016 | 0.021189999999999997 | 0.0157 | 0.03688999999999999 | -0.01478999999999999
2015 | 0.0227 | 0.0066 | 0.021 | 0.0276 | -0.004899999999999998 | 0.8224637681159421 | 0.002 | 0.01851 | 0.014499999999999996 | 0.03301 | -0.010309999999999996
2016 | 0.0245 | 0.0208 | 0.016 | 0.0368 | -0.012299999999999998 | 0.6657608695652174 | 0.005 | 0.018069999999999996 | 0.0134 | 0.03147 | -0.006969999999999997
2017 | 0.0241 | 0.0211 | 0.023 | 0.0441 | -0.02 | 0.546485260770975 | 0.015 | 0.01607 | 0.013900000000000001 | 0.029970000000000004 | -0.005870000000000004
2018 | 0.0268 | 0.0254 | 0.03 | 0.0554 | -0.028599999999999997 | 0.4837545126353791 | 0.024 | 0.01863 | 0.0172 | 0.03583 | -0.00903
2019 | 0.0192 | 0.0229 | 0.0207 | 0.0436 | -0.0244 | 0.4403669724770642 | 0.0155 | 0.01811 | 0.022069999999999996 | 0.040179999999999993 | -0.020979999999999995
2020 | 0.0093 | 0.012 | -0.0291 | -0.0171 | 0.0264 | -0.5438596491228069 | 0.0009 | 0.01787 | 0.016659999999999998 | 0.03453 | -0.02523
1954-2020 | 0.056464179104477624 | 0.03501044776119403 | 0.02921791044776119 | 0.06422835820895521 | -0.007764179104477615 | 6.119045102601804 | 0.06707231238805966 | -0.010608133283582094
1954-1980 | 0.0582888888888889 | 0.04487407407407407 | 0.03496296296296297 | 0.07983703703703704 | -0.021548148148148143 | 0.7300983484876601 | 0.07102981222222222 | -0.012740923333333327
1981-2008 | 0.06877857142857143 | 0.03260357142857143 | 0.030357142857142867 | 0.0629607142857143 | 0.005817857142857125 | 1.0924045606670822 | 0.07588035714285712 | -0.007101785714285699
2010-2020 | 0.02250909090909091 | 0.017554545454545458 | 0.017418181818181812 | 0.034972727272727266 | -0.01033 | 0.6436184039511309 | 0.03766799999999999 | -0.012167999999999995
Inflation rate for 2019 is thru Nov 2019

Sheet: Sheet2
Year | Inflation rate | GDP growth
1945 | 0.0224719 | -0.0097809
1946 | 0.1813187 | -0.116056
1947 | 0.08837210000000001 | -0.0114464
1948 | 0.0273387 | 0.041132999999999996
1949 | -0.0182952 | -0.005642200000000001
1950 | 0.058026299999999996 | 0.08686540000000001
1951 | 0.0596477 | 0.0804579
1952 | 0.0090669 | 0.0408852
1953 | 0.0059903 | 0.0468819
