Source: http://www.stern.nyu.edu/~adamodar/pc/blog/IndustryJuly17.xlsx

Sheet: Pivot 1
Industry | count | sum(Market Capitalization [My Setting] [02/14/2020] ($USDmm, Historical rate)) | sum(Market Capitalization [My Setting] [02/21/2020] ($USDmm, Historical rate)) | sum(Market Capitalization [My Setting] [02/28/2020] ($USDmm, Historical rate)) | sum(Market Capitalization [My Setting] [03/06/2020] ($USDmm, Historical rate)) | sum(Market Capitalization [My Setting] [03/13/2020] ($USDmm, Historical rate)) | sum(Market Capitalization [My Setting] [03/20/2020] ($USDmm, Historical rate)) | sum(Market Capitalization [My Setting] [03/27/2020] ($USDmm, Historical rate)) | sum(Market Capitalization [My Setting] [04/03/2020] ($USDmm, Historical rate)) | sum(Market Capitalization [My Setting] [04/10/2020] ($USDmm, Historical rate)) | sum(Market Capitalization [My Setting] [04/17/2020] ($USDmm, Historical rate)) | sum(Market Capitalization [My Setting] [04/24/2020] ($USDmm, Historical rate)) | sum(Market Capitalization [My Setting] [05/01/2020] ($USDmm, Historical rate)) | sum(Market Capitalization [My Setting] [05/08/2020] ($USDmm, Historical rate)) | sum(Market Capitalization [My Setting] [05/15/2020] ($USDmm, Historical rate)) | sum(Market Capitalization [My Setting] [05/22/2020] ($USDmm, Historical rate)) | sum(Market Capitalization [My Setting] [05/29/2020] ($USDmm, Historical rate)) | sum(Market Capitalization [My Setting] [06/05/2020] ($USDmm, Historical rate)) | sum(Market Capitalization [My Setting] [06/12/2020] ($USDmm, Historical rate)) | sum(Market Capitalization [My Setting] [06/19/2020] ($USDmm, Historical rate)) | sum(Market Capitalization [My Setting] [06/26/2020] ($USDmm, Historical rate)) | sum(Market Capitalization [My Setting] [07/03/2020] ($USDmm, Historical rate)) | sum(Market Capitalization [My Setting] [07/10/2020] ($USDmm, Historical rate)) | sum(Market Capitalization [My Setting] [07/17/2020] ($USDmm, Historical rate)) | sum(Total Revenue [LTM] ($USDmm, Historical rate)) | sum(Gross Profit [LTM] ($USDmm, Historical rate)) | sum(EBITDA [LTM] ($USDmm, Historical rate)) | sum(EBIT [LTM] ($USDmm, Historical rate)) | sum(Net Income [LTM] ($USDmm, Historical rate)) | sum(Total Cash & ST Investments [Latest Quarter] ($USDmm, Historical rate)) | sum(Total Debt [Latest Quarter] ($USDmm, Historical rate)) | sum(Total Equity [Latest Quarter] ($USDmm, Historical rate)) | sum(Repurchase of Common Stock [LTM] ($USDmm, Historical rate)) | sum(Issuance of Common Stock [LTM] ($USDmm, Historical rate)) | sum(Total Dividends Paid [LTM] ($USDmm, Historical rate)) | sum(EBT Incl Unusual Items [LTM] ($USDmm, Historical rate)) | sum(Income Tax Expense [LTM] ($USDmm, Historical rate)) | sum(Total Debt Issued [LTM] ($USDmm, Historical rate)) | sum(Total Debt Repaid [LTM] ($USDmm, Historical rate)) | sum(Total Debt [Latest Annual] ($USDmm, Historical rate)) | median(Est. Annual EPS Growth - 2 Yr % - Capital IQ [Latest]) | median(Est. Annual Revenue Growth - 2 Yr % - Capital IQ [Latest]) | median(Est. Annual EBITDA Growth - 2 Yr % - Capital IQ [Latest]) | median(LT EPS Growth Rate - Capital IQ [Latest] (%)) | median(2 Year Beta [Latest]) | median(2 Year Beta R-Squared [Latest]) | q1(% Market Cap Change (2/14-3/20)) | median(% Market Cap Change (2/14-3/20)) | q3(% Market Cap Change (2/14-3/20)) | q1(% Market Cap Change (3/20-5/22)) | median(% Market Cap Change (3/20-5/22)) | q3(% Market Cap Change (3/20-5/22)) | q1(% Market Cap Change (5/20-7/17)) | median(% Market Cap Change (5/20-7/17)) | q3(% Market Cap Change (5/20-7/17)) | q1(% Market Cap Change (2/14-7/17)) | median(% Market Cap Change (2/14-7/17)) | q3(% Market Cap Change (2/14-7/17))
Advertising | 262 | 177486.8200000002 | 177578.5600000001 | 156768.5499999998 | 155204.24 | 131290.3199999999 | 111620.9300000001 | 120612.4899999999 | 115096.3500000001 | 127380.1000000001 | 128071.3599999999 | 127007.9200000001 | 134002.362 | 137433.9570000001 | 134715.6599999999 | 136789.2599999998 | 145538.3200000001 | 158934.6099999999 | 150819.1199999999 | 152754.6899999998 | 149004.55 | 150958.5200000001 | 154580.54 | 151927.6899999997 | 152030.2250000002 | 49541.19900000002 | 18172.507 | 12825.77 | 3172.976000000001 | 30710.08999999999 | 72858.93100000011 | 78339.19999999997 | -1393.523 | 1464.742000000001 | -4496.985999999997 | 7111.492000000001 | 3238.987999999997 | 18468.57500000001 | -19755.52199999999 | 73046.17500000015 | -0.791 | 3.32 | 4.395 | 7.34 | 0.812 | 0.113 | -0.488795518207283 | -0.3594306049822065 | -0.1849380362249762 | -0.01075268817204311 | 0.2106096428269864 | 0.4915001491201909 | -0.01702786377708965 | 0.09444444444444433 | 0.2283317800559181 | -0.3151996264300724 | -0.1686746987951807 | 0.01388888888888884
Aerospace/Defense | 214 | 1219994.93 | 1207414.02 | 1055720.409999999 | 1037999.88 | 839890.0099999998 | 674020.180000001 | 800569.7000000002 | 684544.7100000004 | 822077.7 | 833784.3599999993 | 783550.2699999996 | 799959.05 | 794483.8699999998 | 743460.7900000003 | 784781.3500000006 | 836615.8200000016 | 960044.3000000007 | 880963.4999999999 | 879875.6000000009 | 828664.0500000005 | 856539.04 | 854885.0399999997 | 877945.6500000004 | 702836.9369999996 | 153201.2570000002 | 75174.40499999997 | 51161.92300000005 | 24231.456 | 106348.4530000001 | 292232.2039999999 | 215809.7999999999 | -11612.058 | 3923.524 | -19604.74499999999 | 35146.93900000002 | 10144.69400000001 | 121226.292 | -80641.76799999995 | 268027.1450000001 | 6.27 | 5.21 | 6.87 | 6 | 0.801 | 0.13 | -0.4867021276595744 | -0.3704606570723 | -0.1925183909845046 | 0.002850643554378252 | 0.1556777661639036 | 0.3595166163141994 | 0.007233938205002399 | 0.124252724478636 | 0.2589438629876308 | -0.3305084745762712 | -0.187908017573665 | -0.02821881961879846
Air Transport | 155 | 558872.5500000005 | 549355.2299999996 | 465580.5599999996 | 456903.2899999999 | 382763.1099999998 | 315541.9 | 340411.4299999998 | 306686.1100000002 | 349773.4099999999 | 350286.1000000001 | 334448.9700000001 | 353405.7500000002 | 335957.7700000001 | 315903.9500000002 | 336506.78 | 362778.35 | 426016.58 | 401957.7700000003 | 394846.7700000003 | 373725.72 | 387863.5199999999 | 382465.1000000002 | 383146.4200000003 | 638019.2899999998 | 151979.7000000001 | 83551.94199999998 | 37182.14700000002 | -4258.892999999998 | 132248.269 | 521632.4099999999 | 237033.8999999998 | -7922.419 | 2979.636 | -15149.53600000001 | -1426.518999999998 | 4070.401000000004 | 133175.4559999999 | -109555.876 | 474151.27 | -19 | -7.57 | -5.57 | 0.796 | 1.02 | 0.233 | -0.6166471277842906 | -0.4347400931173101 | -0.2458471760797343 | -0.008466903628193911 | 0.1788942052099947 | 0.3517633487145684 | 0.004212797657273448 | 0.0984883188273018 | 0.1944608567208272 | -0.4198958768982276 | -0.2612636473323326 | -0.1048387096774194
Apparel | 876 | 1065777.230000003 | 1051315.170000002 | 960051.0400000006 | 962224.300000002 | 798693.4699999987 | 754991.9599999998 | 830301.5300000001 | 765789.2100000011 | 849618.5600000006 | 867775.5499999998 | 824810.6299999993 | 858486.100000001 | 850973.2299999981 | 813144.3600000002 | 853375.0800000004 | 914790.3900000006 | 1015880.889999999 | 942496.2999999993 | 950286.9799999985 | 936626.2899999992 | 962374.4199999988 | 975749.5000000015 | 988602.5199999999 | 555483.0519999996 | 256404.522 | 81107.65600000006 | 61829.129 | 23055.85899999999 | 105293.2730000001 | 236718.9879999996 | 359232.5710000001 | -6459.628999999997 | 1750.6 | -19802.58199999997 | 44520.57299999995 | 14932.90700000002 | 96761.12500000007 | -89967.07399999996 | 225437.2860000001 | 3.91 | 1.68 | 2.09 | 10.2 | 0.5965 | 0.0735 | -0.4036764705882353 | -0.2634328358208956 | -0.1199400299850075 | -0.06122448979591832 | 0.06049671255393463 | 0.2650000000000001 | -0.02247367593902239 | 0.08058608058608052 | 0.2212389380530972 | -0.2806324110671937 | -0.154777927321669 | -0.01923076923076916
Auto & Truck | 129 | 1203334.480000001 | 1222438.029999999 | 1096575.369999999 | 1100154.75 | 925893.2899999993 | 809720.8200000003 | 910683.6400000002 | 822512.0300000001 | 941431.3600000002 | 976384.3799999992 | 943336.1099999995 | 975524.97 | 1007664.04 | 970332.41 | 999079.75 | 1049024.86 | 1144993.34 | 1115841.719999999 | 1155485.2 | 1138086.22 | 1203483.93 | 1286186.509999998 | 1303443.08 | 2394510.687999999 | 399504.5399999999 | 209923.945 | 103907.926 | 67609.07799999995 | 458910.17 | 1509757.914000001 | 1194302.066 | -7118.624999999999 | 5951.985 | -40688.457 | 100841.4500000001 | 31704.338 | 704514.1459999995 | -612677.6329999994 | 1473144.622 | 5.34 | 1.405 | 3.555 | 10.7 | 0.866 | 0.157 | -0.4313378799360108 | -0.2818802065663991 | -0.1629981903118556 | 0.003831813397082273 | 0.1514439507860561 | 0.346017175007403 | 0.06593740504405954 | 0.1715957025851698 | 0.3534892942109438 | -0.2112676056338028 | -0.1136889157961362 | 0.08901196716447424
Auto Parts | 652 | 537124.0099999993 | 538570.0899999995 | 494519.1900000004 | 484657.8599999999 | 415035.83 | 358524.3400000001 | 388912.2500000002 | 358980.6000000003 | 406347.0400000003 | 409921.9699999998 | 403684.8799999993 | 419125.9199999994 | 428348.8800000006 | 415103.54 | 427642.7600000006 | 450706.0400000005 | 491081.7600000007 | 469377.1600000001 | 467861.8799999993 | 467931.44 | 476297.7400000002 | 487594.1299999996 | 495363.9699999999 | 895191.6020000008 | 156022.6730000001 | 83027.12699999993 | 39420.12300000001 | 14624.94299999999 | 134240.5029999999 | 220066.7680000006 | 427502.3069999995 | -3645.210999999998 | 2193.184 | -13394.69799999999 | 27149.92999999996 | 10194.82999999999 | 104063.6449999999 | -87702.08400000005 | 216878.9740000001 | 7.99 | 0.607 | 3.445 | 8.719999999999999 | 0.862 | 0.161 | -0.461744966442953 | -0.3486509143974913 | -0.1895861148197597 | -0.006975978940440886 | 0.1484962406015038 | 0.3271889400921659 | 0.003484320557491261 | 0.1120782034044016 | 0.2537673297166969 | -0.2574850299401197 | -0.1560293718271211 | -0.03015075376884413
Bank (Money Center) | 629 | 6848002.560000005 | 6740166.159999997 | 6192052.630000005 | 5984879.450000006 | 5222733.919999995 | 4654398.260000001 | 4854798.14 | 4610180.050000006 | 5008240.339999994 | 4870385.389999997 | 4714992.290000003 | 4938622.340000005 | 4875891.489999986 | 4681153.040000002 | 4743950.890000008 | 4752205.939999995 | 5526503.600000003 | 5252842.5 | 5231490.080000008 | 5103988.399999999 | 5240451.620000008 | 5292714.349999987 | 5243515.129999997 | 2135452.413999998 | 2122733.221 | 3571.9 | 3345.493 | 606044.3989999995 | 25241759.35000002 | 18876691.99100002 | 7332718.289999994 | -28945.08400000001 | 135325.0759999999 | -182508.5239999998 | 762702.8360000006 | 140301.893 | 2731137.321000001 | -2327104.327000001 | 18506182.73800002 | -3.89 | 2.07 | -4.72 | 3.32 | 0.55 | 0.135 | -0.4070917016970262 | -0.2831559385031255 | -0.1481233243967829 | -0.06757715501951034 | 0.03330547026664776 | 0.1356508389077749 | 0.004802322984141183 | 0.0762932841071452 | 0.1809847867045358 | -0.320100687555304 | -0.1996876394466756 | -0.0937834941050375
Banks (Regional) | 803 | 1010948.86 | 996290.9900000005 | 892000.2600000002 | 847025.2299999987 | 746522.5399999988 | 656582.3300000001 | 703888.1699999997 | 640573.8399999994 | 740885.2499999992 | 700493.7099999996 | 697380.0799999987 | 733877.3899999993 | 735039.9799999995 | 679556.2700000008 | 710559.3200000012 | 757606.8000000014 | 838785.6499999993 | 779148.2999999999 | 779729.6600000008 | 742713.1200000014 | 753980.27 | 750951.5500000018 | 759549.6399999986 | 308751.9949999998 | 308429.8899999998 | -114.3 | -120.3 | 80725.9269999998 | 1647574.424 | 1680698.006000001 | 1140594.830000001 | -16430.54999999998 | 12688.892 | -25799.13100000003 | 97628.445 | 20636.32199999999 | 822530.0150000004 | -803155.3189999997 | 1687442.476000002 | -11.85 | 1.78 | 4.475 | 0.649 | 0.235 | -0.4029048286405911 | -0.2952314165497896 | -0.1926929876252209 | -0.02958579881656809 | 0.05704131489099995 | 0.1753110520233809 | -0.0315270935960591 | 0.01745895880574821 | 0.08078191238812993 | -0.3370959466393023 | -0.2416253166677135 | -0.1138922489997209
Beverage (Alcoholic) | 205 | 1149723.810000001 | 1152596.43 | 1034067.01 | 1075630.159999998 | 941210.8399999995 | 875322.3299999996 | 918625.6299999995 | 907914.6099999993 | 981073.3799999993 | 991107.6800000005 | 972600.2900000002 | 1007856.18 | 1020666.59 | 1005053.910000001 | 1015234.489999999 | 1067254.270000001 | 1155734.520000001 | 1115596.689999999 | 1133591.84 | 1115767.190000001 | 1169759.929999999 | 1241985.220000001 | 1231041 | 332232.3119999999 | 167014.4990000001 | 88279.505 | 71108.74399999998 | 36836.55499999999 | 73547.52600000003 | 254342.7659999999 | 347667.2240000004 | -5915.914999999999 | 1361.437 | -18447.034 | 54745.142 | 14047.05400000001 | 32257.28599999999 | -29257.32199999999 | 243689.2240000001 | 4.734999999999999 | 2.565 | 3.57 | 11.1 | 0.505 | 0.092 | -0.3363085353703089 | -0.2242084922776335 | -0.1079947319642943 | 0.0009013068949976777 | 0.1092342342342343 | 0.2747252747252746 | 0.002954833262980072 | 0.07453416149068315 | 0.2184862547151889 | -0.1858585858585859 | -0.06578253996135597 | 0.06481481481481466
Beverage (Soft) | 78 | 748622.4299999998 | 746192.8900000002 | 670503.1099999998 | 687893.51 | 611067.6099999999 | 510316.41 | 557397.1000000003 | 564508.6300000005 | 621077.3200000003 | 618373.0100000002 | 597755.6699999999 | 594657.3300000008 | 609844.8599999998 | 594797.4900000003 | 601953.9700000001 | 621303.6799999998 | 642520.0700000001 | 612530.7099999998 | 624182.6700000002 | 601135.7999999998 | 615055.1300000002 | 620628.15 | 628069.2000000004 | 235206.9170000001 | 115852.109 | 45543.923 | 36204.976 | 24639.34199999999 | 46477.13299999997 | 156287.552 | 125480.662 | -5815.896999999999 | 1721.676 | -16366.942 | 32003.53899999999 | 6739.231999999999 | 56644.27900000001 | -33896.63000000002 | 136833.9330000001 | 6.03 | 3.225 | 3.12 | 9.95 | 0.472 | 0.0905 | -0.3693181818181819 | -0.2930998016148901 | -0.1757575757575758 | 0.0803152766881352 | 0.1699672476544325 | 0.3706293706293706 | -0.01250000000000007 | 0.04130163619153382 | 0.1206179441473558 | -0.2135761589403974 | -0.09541066924579467 | 0
Broadcasting | 126 | 165336.74 | 157051.07 | 140417.8699999998 | 133727.35 | 113856.012 | 94491.57000000008 | 101009.2700000001 | 93754.44199999992 | 109013.81 | 108302.28 | 104248.6 | 109172.56 | 110659.9219999999 | 106903.1619999999 | 111951.9720000001 | 118739.1700000001 | 131276.52 | 120352.5900000001 | 121657.242 | 116258.1 | 117795.2320000001 | 116627.072 | 119888.23 | 146497.3359999999 | 61134.311 | 30208.31700000002 | 23069.64900000001 | 19680.71199999999 | 23603.41299999999 | 116850.1279999999 | 114174.2219999999 | -2736.646999999999 | 356.4649999999999 | -4388.318000000003 | 22171.935 | 3577.700000000003 | 32269.27000000001 | -15951.386 | 116401.3999999999 | -5.905 | -0.963 | -3.255 | -0.75 | 0.734 | 0.124 | -0.449596646128438 | -0.319862308923993 | -0.1824 | -0.02052238805970152 | 0.1102172164119068 | 0.2879746835443038 | -0.0441703143653005 | 0.0327510917030569 | 0.1600821355236139 | -0.3532536520584328 | -0.2027210884353742 | -0.0768786127167631
Brokerage & Investment Banking | 404 | 826437.3399999992 | 854092.3199999984 | 771698.8800000004 | 781016.1700000005 | 722842.2499999994 | 635455.2399999995 | 669983.2399999993 | 651749.3800000006 | 704328.7000000005 | 704145.2599999991 | 679348.8300000002 | 704233.7100000014 | 719317.7400000013 | 690617.0500000007 | 688018.6799999996 | 713756.4600000008 | 777329.8800000005 | 743610.0900000007 | 769967.2999999999 | 760313.2900000012 | 843223.2000000008 | 913610.6100000012 | 847231.4099999989 | 405359.9950000003 | 255962.4850000001 | 6733.661000000001 | 6279.254000000002 | 49355.19000000001 | 2816386.496999991 | 1929059.126999999 | 647792.1309999995 | -6687.542000000005 | 10129.57 | -20392.40500000001 | 66174.92799999993 | 14575.986 | 1998016.340000001 | -1936759.311 | 1948246.546000002 | 7.08 | 4.31 | 6.57 | 8.4 | 0.652 | 0.098 | -0.3763641451357149 | -0.2267828490788533 | -0.09410528453669231 | -0.04283604135893637 | 0.0929203539823007 | 0.3303757828810019 | 0.005382131324004336 | 0.1292065862402614 | 0.3747903187155524 | -0.2070393374741201 | -0.06611570247933884 | 0.05140409328891016
Building Materials | 374 | 441404.5400000002 | 441962.8399999998 | 401756.9199999999 | 405499.5699999998 | 343758.6300000004 | 298375.49 | 325765.5600000002 | 306357.2199999994 | 344562.55 | 338023.1500000002 | 332999.68 | 344866.3400000002 | 356110.4799999996 | 345260.2800000003 | 364586.3400000004 | 384234.6800000003 | 415380.88 | 390079.15 | 398320.4299999998 | 393513.24 | 405675.3300000002 | 414552.7500000002 | 436718.9900000004 | 367784.9500000005 | 111561.8920000001 | 45331.31699999996 | 30920.03300000002 | 20380.088 | 43057.99600000006 | 126687.33 | 188462.8760000002 | -11113.333 | 1322.344 | -7593.916 | 22486.97300000001 | 5877.398999999993 | 42063.47900000001 | -46251.186 | 120176.8409999999 | 3.415 | 0.6515 | 2.39 | 9.93 | 0.685 | 0.1375 | -0.4050073637702505 | -0.2958153542099284 | -0.1641375038711675 | 0.03100775193798455 | 0.1711745090774364 | 0.3641304347826089 | 0.005690636316606268 | 0.08348962038414287 | 0.1759708737864079 | -0.2121982210927573 | -0.1115023474178404 | -0.01967728237791944
Business & Consumer Services | 732 | 910559.9500000012 | 898329.7300000011 | 811135.1300000018 | 820167.0300000007 | 686600.4900000007 | 593275.6480000011 | 661994.6599999998 | 625892.6599999997 | 700161.8699999999 | 714216.9699999993 | 695254.7900000006 | 724622.3499999976 | 742531.0800000017 | 721103.640000001 | 751098.5900000007 | 785558.09 | 828175.1500000003 | 791926.7100000009 | 805152.8699999998 | 792891.8009999982 | 807378.951 | 807493.176999999 | 824981.1499999994 | 549930.0130000002 | 174687.3460000001 | 65654.86899999998 | 45915.22700000002 | 23916.09899999998 | 78426.31699999992 | 215829.0359999998 | 209959.2330000003 | -9946.612000000008 | 5325.308000000005 | -13029.27899999999 | 31683.87299999996 | 8153.022000000003 | 90648.03699999985 | -80772.95799999987 | 204232.7569999998 | 3.99 | 3.95 | 4.625 | 11.3 | 0.8015000000000001 | 0.144 | -0.4649298597194389 | -0.3446225891731328 | -0.2098039215686274 | 0.04297994269340966 | 0.222457627118644 | 0.433234421364985 | -0.04338510980182109 | 0.05555555555555558 | 0.1646017699115043 | -0.2958895978631845 | -0.1466458892473212 | 0
Cable TV | 55 | 544750.7000000001 | 545583.4000000001 | 488262.6799999999 | 487265.8699999999 | 447470.02 | 388768.3999999998 | 423320.5800000001 | 413224.6999999999 | 454989.17 | 466672.3099999999 | 464460.3 | 452650.4999999998 | 452826.5000000002 | 441915.7000000001 | 461269.4 | 484003.6999999999 | 503575.7000000002 | 478928.5999999999 | 482918.8 | 464097.6000000002 | 474977.8999999999 | 489110.1000000001 | 504233.8 | 240290.6500000001 | 145906.422 | 78447.17999999998 | 43134.507 | 19436.42000000001 | 30556.44599999999 | 305144.4089999999 | 215908.2 | -13894.551 | 1669.669 | -5780.929999999999 | 26808.68899999999 | 5993.256000000006 | 55361.27999999999 | -54777.51900000001 | 311295.977 | 2.85 | 1.6 | 0.575 | 8.625 | 0.746 | 0.132 | -0.4279015240328253 | -0.2759817278486382 | -0.1682926829268292 | 0.01875000000000004 | 0.142644587110462 | 0.3952578325003047 | -0.007970783455552022 | 0.07238903653167261 | 0.2240811975714883 | -0.2550427964326331 | -0.1067529316619491 | 0.03143917203671154
Chemical (Basic) | 715 | 715628.33 | 721472.9299999998 | 664723.5999999999 | 678311.4600000002 | 570651.5400000004 | 529205.6700000005 | 551753.5799999989 | 554450.8700000012 | 597923.4599999982 | 600203.709999999 | 593337.3600000005 | 614546.9299999998 | 608894.3560000001 | 603307.7099999995 | 617622.9500000004 | 536885.6800000006 | 678924.9000000008 | 663778.7500000007 | 674750.5199999996 | 665284.7799999994 | 681957.3300000007 | 703353.5299999998 | 705738.5500000002 | 694702.6660000009 | 130973.3659999999 | 86030.12600000009 | 48076.13600000001 | 24152.61300000004 | 130680.0560000002 | 321596.2069999998 | 491431.0239999999 | -6254.936999999999 | 3641.857 | -26648.87799999994 | 34176.04700000004 | 8301.208 | 171200.3950000001 | -140604.567 | 299648.328 | 9.96 | 3.39 | 6.7 | 10 | 0.643 | 0.107 | -0.3732057416267942 | -0.2453808021631366 | -0.08133648329395893 | -0.0217696629213483 | 0.1519582457237083 | 0.3355067490276824 | 0.01804123711340222 | 0.1069596453378924 | 0.2209470886687608 | -0.1746198217094913 | -0.07732646048109965 | 0.0462633451957295
Chemical (Diversified) | 71 | 211982.7399999999 | 206390.46 | 188147.88 | 188148.09 | 149519.6 | 139675.7399999999 | 147365.4599999999 | 141124.0800000001 | 161041.35 | 158590.59 | 156378.76 | 164815.3300000001 | 163759.29 | 158684.61 | 163135.8400000001 | 171981.8700000001 | 194092.09 | 180120.7000000002 | 182012.34 | 176993.72 | 180706.6 | 181875.3599999999 | 187460.83 | 251552.99 | 68341.98799999994 | 33466.25000000001 | 18048.989 | 14474.609 | 30039.238 | 119173.9299999999 | 175425.0400000001 | -2435.445999999999 | 2174.848 | -7836.046 | 10963.84200000001 | 3251.594999999998 | 46577.45 | -39726.361 | 112600.78 | 9.74 | 2.41 | 2.87 | 6.4 | 0.879 | 0.222 | -0.3875857785139613 | -0.3149673388241977 | -0.2394067796610169 | 0.04117071579977183 | 0.2380428134556576 | 0.3696027633851469 | 0.01666134695180332 | 0.094900849858357 | 0.1507917174177831 | -0.2076055715233253 | -0.1365496879822854 | -0.01477832512315269
Chemical (Specialty) | 723 | 1322794.349999999 | 1316137.450000001 | 1182849.519999999 | 1209431.150000002 | 1062477.919999999 | 965229.0400000009 | 1027243.129999999 | 1005405.04 | 1121148.739999999 | 1126020.62 | 1118305.75 | 1138954.83 | 1161799.72 | 1133984.140000002 | 1172638.909999997 | 1211335.810000001 | 1288610.220000003 | 1230910.819999998 | 1258278.480000002 | 1240879.43 | 1285164.609999999 | 1316650.25 | 1358971.160000003 | 699118.8040000009 | 216564.6390000001 | 113244.7899999999 | 70096.74000000006 | 33935.247 | 115803.5950000001 | 344388.0499999996 | 564318.8099999999 | -16494.756 | 6002.432000000003 | -26288.19699999996 | 48246.33499999993 | 13972.32099999998 | 134702.591 | -129257.7719999999 | 327247.3829999997 | 11.5 | 6.785 | 8.125 | 10.3 | 0.715 | 0.11 | -0.3985915492957746 | -0.2641509433962265 | -0.1176470588235294 | 0.01528792254119238 | 0.1841834768084286 | 0.4049917830731307 | 0.01363420427553441 | 0.115435822213668 | 0.2524271844660193 | -0.1734273956496178 | -0.05964402284781722 | 0.0822447992259312
Coal & Related Energy | 189 | 171834.9500000001 | 168788.5099999998 | 163916.0699999998 | 167218.2199999999 | 150403.79 | 139294.78 | 142897.7 | 146785.1799999999 | 146585.1 | 153348.53 | 142230.25 | 147053.75 | 147195.6599999999 | 142733.3299999999 | 150118.03 | 153443.5400000001 | 157967.9700000001 | 156302.38 | 154633.5 | 150354.1200000001 | 159134.0199999999 | 164898.5000000001 | 160829.0900000001 | 205308.1020000001 | 60880.191 | 46361.69600000003 | 29869.018 | 17245.99400000001 | 56664.25599999998 | 106553.053 | 203503.8109999999 | -777.181 | 733.1430000000001 | -12468.297 | 27271.71899999999 | 7055.788999999999 | 41250.45600000002 | -39153.00100000001 | 104504.0979999999 | -5.61 | -1.775 | -10.25 | -1.9895 | 0.637 | 0.078 | -0.4363143631436314 | -0.3117497344636164 | -0.1006252298639205 | -0.02426882389545726 | 0.1615138592750534 | 0.6446280991735536 | -0.03752759381898441 | 0.07643312101910826 | 0.1854709952102183 | -0.2310941110845486 | -0.1202817718121458 | -0.005494505494505364
Computer Services | 803 | 1097508.809999998 | 1093449.980000002 | 979549.3800000002 | 985441.69 | 852418.3900000001 | 769700.7599999991 | 837780.1099999999 | 792229.9899999986 | 887361.23 | 894018.7100000015 | 894991.3499999997 | 930538.4299999998 | 943402.4199999983 | 916196.6199999987 | 944616.8399999996 | 975594.2799999994 | 1014382.300000001 | 981925.5600000004 | 995215.7800000007 | 1006791.12 | 1022765.479999999 | 1041492.13 | 1062450.441999997 | 962779.1560000002 | 207620.7819999999 | 92196.46499999998 | 68854.33700000007 | 44433.952 | 118763.9049999999 | 218742.242 | 313699.661 | -14141.07500000001 | 3446.058 | -20076.93200000002 | 53924.13999999998 | 12822.84299999999 | 136047.1440000002 | -118356.758 | 206544.6060000001 | 10.05 | 5.57 | 6.91 | 10 | 0.786 | 0.145 | -0.4210526315789475 | -0.3251590914562356 | -0.1708860759493671 | 0.06603773584905648 | 0.2760497667185071 | 0.5 | -0.005698005698005826 | 0.1008181805225669 | 0.2295383483538715 | -0.183698296836983 | -0.06505640449217742 | 0.07443365695792892
Computers/Peripherals | 301 | 2217438.379999997 | 2140002.280000002 | 1900680.630000001 | 1989613.920000001 | 1841476.79 | 1566157.610000001 | 1697870.95 | 1647202.99 | 1803389.300000001 | 1880167.300000002 | 1857551.59 | 1884222.240000002 | 1990942.909999998 | 1964357.760000003 | 2017234.01 | 2034699.32 | 2149057.090000001 | 2149939.679999997 | 2209461.749999998 | 2229692.7 | 2284120.339999998 | 2382579.100000001 | 2398427.11 | 1214040.155999999 | 335758.807 | 179877.2849999999 | 119419.7149999999 | 95721.93000000005 | 314756.6879999997 | 363568.2659999999 | 522170.8380000005 | -86363.604 | 3236.597000000001 | -33256.622 | 113215.2490000001 | 15555.965 | 147037.3999999999 | -140824.4420000002 | 344968.8350000005 | 12.3 | 2.29 | 6.89 | 12 | 0.837 | 0.182 | -0.3995859213250518 | -0.3004513540621866 | -0.179979777553084 | 0.07461024498886415 | 0.2301012253558191 | 0.452855245683931 | 0.03560403375180088 | 0.1240880666904998 | 0.2523261248247441 | -0.2117537765570724 | -0.06588447653429597 | 0.1331421102316463
Construction Supplies | 678 | 1039049.789999999 | 1032430.239999999 | 963798.7499999997 | 971157.2099999997 | 838907.139999999 | 751231.3499999994 | 801667.0500000002 | 796669.0900000004 | 869092.91 | 864671.5299999992 | 849646.6000000001 | 881824.7999999991 | 886265.3600000006 | 860398.7700000008 | 872639.3800000007 | 896966.1800000005 | 980361.9199999986 | 935061.8299999995 | 951838.6500000004 | 933786.9100000004 | 969583.6300000001 | 988950.8299999993 | 1020837.669999999 | 1013864.058 | 271065.1630000001 | 145227.5149999999 | 101635.522 | 60062.24800000005 | 214119.2529999999 | 491358.0509999999 | 694885.5149999994 | -10969.58900000001 | 3499.531 | -27245.64200000004 | 86051.94100000002 | 20940.71800000001 | 244592.2910000001 | -239997.2400000002 | 489754.3979999995 | 0.845 | 1.14 | 1.59 | 10 | 0.6935 | 0.121 | -0.4308426073131956 | -0.2951385887555272 | -0.1132253076043838 | 0.00924937744574894 | 0.1491419608647885 | 0.3384615384615386 | 0.0112359550561798 | 0.1055482600131319 | 0.2115869017632241 | -0.2387560892715532 | -0.1281208935611038 | -0.0003014999623125458
Diversified | 300 | 1718679.689999999 | 1702435.619999999 | 1545488.31 | 1534175.98 | 1357777.01 | 1186291.539999999 | 1275480.97 | 1250198.54 | 1363572.560000001 | 1348627.579999999 | 1307596.32 | 1333066.98 | 1321554.97 | 1264083.979999999 | 1318708.909999999 | 1365779.95 | 1516503.920000001 | 1407435.520000002 | 1419303.18 | 1382949.409999999 | 1415860.71 | 1421372.88 | 1471036.679999999 | 1582727.681999999 | 399052.7809999998 | 245221.089 | 180927.363 | 78393.1509999999 | 651146.7849999998 | 1156048.574 | 1564444.784 | -18937.11399999999 | 4437.683000000001 | -32507.96399999999 | 127363.643 | 24980.22500000002 | 468091.6029999999 | -432804.8920000002 | 1127020.225999999 | 0.271 | 1.84 | 1.73 | 6.9 | 0.611 | 0.139 | -0.4036578053168098 | -0.282186852443855 | -0.1574468085106383 | -0.01622117648710197 | 0.1013623978201634 | 0.2720672525792893 | 0.006058380760051385 | 0.07059916582675185 | 0.1516587677725119 | -0.2493368700265252 | -0.1451177798386157 | -0.032705389848247
Drugs (Biotechnology) | 915 | 1406869.349999999 | 1413682.43 | 1315231.838000004 | 1371780.074 | 1220187.762000001 | 1133255.311 | 1210982.109999998 | 1240373.62 | 1327136.339999998 | 1420965.179999996 | 1439268.880000001 | 1399850.635 | 1486362.709999998 | 1529039.159999998 | 1541746.329999998 | 1557963.909999998 | 1561083.269999998 | 1547377.069999997 | 1653754.840000001 | 1646439.493000003 | 1688060.506 | 1715373.429999998 | 1773439.996000001 | 183866.8179999999 | 115004.253 | 26114.66 | 14263.16899999999 | 403.6619999999937 | 197139.8329999998 | 182397.1469999997 | 218564.0679999996 | -19949.502 | 42339.02799999997 | -15069.612 | 4496.200999999987 | 4312.377000000005 | 51363.56899999996 | -21380.52399999998 | 180030.0000000001 | 21.8 | 26 | 16.1 | 15 | 0.931 | 0.08 | -0.4283536585365854 | -0.3136645962732919 | -0.1789473684210526 | 0.2397995705082319 | 0.4818263521221725 | 0.802909090909091 | -0.05958904109589036 | 0.08381502890173409 | 0.3341902313624678 | -0.1207865168539326 | 0.1117865943251974 | 0.4885514581826949
Drugs (Pharmaceutical) | 1085 | 3566083.180000002 | 3549066.61 | 3245547.279999994 | 3391065.466999997 | 3008766.386999997 | 2839242.93699999 | 3034773.401999997 | 3133574.424 | 3297849.376000004 | 3436261.697999998 | 3477607.399999997 | 3433257.842000005 | 3458271.265999998 | 3481865.949999999 | 3461493.394000003 | 3541339.304000005 | 3572810.740000003 | 3493250.906000001 | 3624600.947000002 | 3573929.022000005 | 3610638.416000005 | 3633216.789000006 | 3719908.584 | 987195.8929999982 | 628897.5489999993 | 261473.0320000006 | 189491.3820000003 | 111724.462 | 256705.253 | 654844.2449999996 | 971982.7659999996 | -26848.99699999999 | 19263.31799999996 | -65663.38900000002 | 130327.7069999996 | 23370.94099999997 | 190944.9540000004 | -167280.5680000001 | 644741.1489999996 | 13.3 | 12.5 | 12.3 | 13 | 0.7295 | 0.0775 | -0.4062937062937063 | -0.2747487111250394 | -0.1215865171386934 | 0.05419988725134894 | 0.2815733898941556 | 0.5932203389830508 | -0.02675585284280924 | 0.09724901758155313 | 0.2604395604395604 | -0.1556683587140439 | -0.01120063958865669 | 0.2081693286924087
Education | 193 | 194193.8100000001 | 196622.1599999999 | 186167.4600000001 | 187286.36 | 169579.8700000001 | 151211.25 | 162446.2700000002 | 152617.67 | 162346.79 | 165081.4000000002 | 160948.34 | 173281.8700000001 | 182443.8499999999 | 179553.2599999999 | 176708.7200000003 | 182807.8599999999 | 198881.98 | 194467.0899999998 | 204273.0599999999 | 201387.58 | 208290.5000000001 | 221644.4400000001 | 223914.7799999999 | 53320.13999999996 | 24087.10500000001 | 7903.413000000002 | 5362.254000000001 | 2871.673000000001 | 24700.309 | 32073.42699999997 | 47379.91399999999 | -1020.525 | 2944.336000000001 | -1239.103 | 3113.384999999996 | 822.8310000000007 | 8719.871999999998 | -7854.409999999998 | 28056.51799999999 | 17.6 | 11.3 | 16.2 | 15 | 0.616 | 0.0825 | -0.3865698729582577 | -0.250252552490433 | -0.1398963730569948 | 0.02099737532808388 | 0.1508054131538666 | 0.3899150871262425 | -0.03465346534653457 | 0.05005186452310628 | 0.1962536518302114 | -0.2230705891159518 | -0.08408760960664069 | 0.1234177215189873
Electrical Equipment | 782 | 895312.2799999996 | 922643.32 | 835319.5500000009 | 862510.6499999987 | 750982.6900000002 | 678351.1499999991 | 720108.8999999998 | 689738.9300000003 | 741470.0899999983 | 750715.0500000003 | 739194.9500000002 | 768928.0099999999 | 776703.6800000009 | 759506.7799999998 | 772866.869999999 | 807949.4300000009 | 869080.6899999996 | 840238.5100000001 | 857257.9500000001 | 857920.4799999993 | 887406.5500000002 | 932896.2860000007 | 942147.6919999998 | 597077.2299999996 | 152691.857 | 64071.73100000012 | 42022.0239999999 | 21233.86900000003 | 127587.3800000002 | 209093.994 | 376988.8920000004 | -6594.267000000003 | 6561.133000000003 | -15917.36300000001 | 30318.488 | 8939.196000000007 | 103885.674 | -91451.24599999996 | 197744.0680000001 | 14.25 | 6.550000000000001 | 8.6 | 12.2 | 0.69 | 0.097 | -0.3951515151515151 | -0.2506684491978609 | -0.06538049303322613 | -0.04619970193740675 | 0.122555012224939 | 0.332501781895937 | 0.03550295857988184 | 0.1308663186441769 | 0.2903930131004369 | -0.1847776249426868 | -0.06330380108602451 | 0.06978229447949014
Electronics (Consumer & Office) | 123 | 216525.65 | 218044.2199999999 | 199839.3599999999 | 205207.3899999999 | 173680.4999999999 | 161107.7199999998 | 177155.9 | 167776.8499999999 | 179699.3099999998 | 184264.6800000002 | 177554.67 | 184755.2600000002 | 188816.48 | 186671.8699999999 | 187629.7799999999 | 194833.6100000001 | 203600.0099999998 | 205683.19 | 211708.7099999999 | 208815.2500000001 | 210846.3 | 222582.02 | 227312.0199999998 | 307481.4739999998 | 76580.28000000001 | 25873.11499999999 | 14650.74000000001 | 9184.175999999998 | 50353.86400000001 | 77799.91199999995 | 131337.278 | -3300.233999999999 | 475.1229999999999 | -3479.141 | 12688.062 | 3137.137000000002 | 34395.34800000001 | -26826.557 | 85546.37099999998 | 19.5 | 2.75 | 6.64 | 10.95 | 0.854 | 0.142 | -0.4109263657957245 | -0.3063971742543172 | -0.1935483870967742 | 0.03278688524590168 | 0.1831946043453367 | 0.3723577235772355 | 0.003745318352059934 | 0.1221301775147928 | 0.2537993723059293 | -0.239978896904497 | -0.1091178721775737 | 0.0812733758304729
Electronics (General) | 1224 | 1446152.76 | 1481264.329999999 | 1358282.610000001 | 1385921.020000002 | 1225002.809999997 | 1086751.460000001 | 1153557.550000001 | 1132040.539999998 | 1205393.020000003 | 1228259.620000002 | 1207053.519999999 | 1269433.959999998 | 1306595.059999999 | 1283839.690000003 | 1266289.170000001 | 1298743.429999999 | 1392408.669999998 | 1362215.01 | 1406603.649999997 | 1419686.800000003 | 1453066.549999997 | 1531687.620000001 | 1493812.620000004 | 1013364.865000001 | 197415.3199999995 | 103562.658 | 58283.98499999996 | 34514.33300000007 | 232839.3610000003 | 248664.5449999997 | 604807.6909999994 | -6477.137999999997 | 10747.631 | -20735.24600000001 | 47031.23099999999 | 12249.07 | 150558.8769999999 | -131580.6030000001 | 240586.953 | 15 | 6.83 | 10.7 | 13.5 | 0.868 | 0.154 | -0.4193548387096774 | -0.2967032967032967 | -0.1443228454172366 | 0.02964118564742591 | 0.2337888049862159 | 0.4440845550630754 | 0.01418439716312059 | 0.1203332888827904 | 0.2582025677603426 | -0.1790393013100436 | -0.06412720128956911 | 0.07028329317936355
Engineering/Construction | 1044 | 749411.3699999982 | 742061.9200000012 | 690736.6299999994 | 702900.9200000004 | 602013.8699999994 | 549316.1700000003 | 588338.1299999994 | 563691.2200000001 | 612317.6099999986 | 611880.0700000015 | 600286.050000001 | 620431.0599999994 | 621531.0680000002 | 594979.8279999997 | 605862.7790000007 | 630132.0099999995 | 666988.7700000001 | 632982.8530000004 | 647909.6030000007 | 634624.5349999998 | 654923.5150000004 | 664562.0999999995 | 669077.8999999997 | 1906523.753000001 | 324042.9319999999 | 133818.1320000002 | 98543.75099999981 | 48153.68700000006 | 351892.2639999994 | 715017.0169999995 | 723732.3589999985 | -7298.211000000007 | 21019.27399999999 | -32341.67899999997 | 78298.99899999991 | 22414.09299999999 | 374257.6159999996 | -294953.8770000002 | 686503.2760000005 | 6.2 | 3.92 | 5.46 | 8.75 | 0.668 | 0.113 | -0.4062078272604588 | -0.277340753568842 | -0.1283422459893048 | -0.00824468085106389 | 0.1392080745341614 | 0.3149905123339658 | -0.01085271317829462 | 0.07277833380256771 | 0.1878841088674277 | -0.2388527896034058 | -0.1113205684360524 | 0.02706766917293235
Entertainment | 525 | 1115900.090000001 | 1110263.079999998 | 1010505.37 | 1020025.029999999 | 906930.1100000006 | 843681.9100000003 | 910594.3500000006 | 906435.6719999994 | 957081.4100000004 | 1016642.680000001 | 997656.6999999998 | 1000846.5 | 1047361.109999999 | 1061755.400000001 | 1083756.874 | 1090653.703 | 1131972.731000002 | 1123166.914000001 | 1184706.205000003 | 1180118.657 | 1224866.183999999 | 1315048.856999998 | 1254954.006000001 | 334370.1659999999 | 139361.4330000001 | 51336.12999999992 | 32731.72600000002 | 14124.74900000001 | 128837.76 | 196385.2229999999 | 342225.1969999998 | -6889.871999999999 | 5114.288 | -9687.177999999996 | 19367.95000000006 | 5174.091999999994 | 58946.43900000006 | -48310.17499999997 | 179828.7519999997 | 21.8 | 11.1 | 13.5 | 11.2 | 0.776 | 0.097 | -0.434326710816777 | -0.301470588235294 | -0.1477707006369426 | -0.009740259740259716 | 0.2269877529242083 | 0.5493562231759657 | 0 | 0.1358135365307038 | 0.3372093023255813 | -0.2456546929316339 | -0.04490174418780113 | 0.1779661016949152
Environmental & Waste Services | 255 | 273680.6499999994 | 275220.8699999999 | 253213.77 | 266241.4 | 236091.2 | 214057.4399999999 | 216642.55 | 211700.86 | 232308.5000000001 | 234686.2899999999 | 231432.0700000001 | 235027.5299999999 | 243778.1199999998 | 236983.8900000001 | 238541.4100000001 | 246725.9299999998 | 259475.24 | 244584.9299999998 | 247059.36 | 245386.7499999997 | 248932.2499999999 | 256108.5800000001 | 267311.8699999998 | 136743.6749999999 | 39124.78599999993 | 23137.06999999997 | 14110.98 | 6158.092999999999 | 23359.66600000001 | 95108.68000000005 | 87205.00699999998 | -1571.72 | 1846.176 | -4209.657999999999 | 8230.544000000007 | 2322.657000000002 | 49181.06399999999 | -35533.02 | 92808.03999999996 | 14.8 | 5.95 | 8.27 | 15 | 0.681 | 0.0975 | -0.3912448700410396 | -0.2524033491833781 | -0.0794004611837048 | -0.01865294496002934 | 0.1480384900074019 | 0.3738060407882282 | -0.001988071570576455 | 0.08012176954465944 | 0.1925754060324825 | -0.2318697582634435 | -0.07293981870275679 | 0.0544554455445545
Farming/Agriculture | 351 | 315706.6899999995 | 313337.4199999997 | 292130.28 | 302475.95 | 264269.0900000003 | 238281.1300000001 | 255081.9299999999 | 256753.28 | 273305.1600000002 | 269521.5199999997 | 269780.5400000003 | 273355.6699999998 | 273844.0200000001 | 266064.0400000002 | 272746.5900000002 | 285823.7 | 303368.75 | 292330.2699999998 | 295850.6199999998 | 293744.27 | 302788.3999999998 | 308974.6300000002 | 320991.2099999999 | 390278.823 | 60905.68099999992 | 33575.22500000003 | 21370.37999999998 | 11852.87100000001 | 47049.07999999993 | 195255.7480000001 | 175438.9580000002 | -2087.702 | 1537.893000000001 | -5832.526999999999 | 15369.19500000001 | 3078.583 | 80057.64200000007 | -67575.37099999998 | 184063.849 | 16 | 6.25 | 11.8 | 10.25 | 0.468 | 0.0535 | -0.385 | -0.244853399875234 | -0.1221374045801527 | 0.03651115618661271 | 0.1732558139534885 | 0.3622616699539776 | -0.01421568627450986 | 0.0492610837438423 | 0.1560779469148488 | -0.1962338949454905 | -0.08342926866456679 | 0.06192660550458706
Financial Svcs. (Non-bank & Insurance) | 841 | 1649497.430000001 | 1633791.800000001 | 1461250.639999998 | 1456312.259999998 | 1261619.279999999 | 1038510.424 | 1143868.03 | 1057914.79 | 1214223.1 | 1198696.840000001 | 1167422.950000001 | 1226859.949999999 | 1236027.919999998 | 1207444.479999999 | 1242471.689999999 | 1303161.310000001 | 1417354.260000002 | 1363711.270000001 | 1403684.590000002 | 1366732.579999999 | 1404782.449999998 | 1436268.640000002 | 1434985.31 | 635116.0040000003 | 456421.1629999997 | 72096.13599999993 | 57471.83699999998 | 96219.10099999988 | 3074410.395000003 | 9244973.79299999 | 1109052.024999997 | -44445.28499999997 | 22997.82700000001 | -38503.48899999991 | 136301.0480000001 | 35915.50500000006 | 3900669.999999997 | -3975809.440999995 | 10313266.49599998 | 2.48 | 4.36 | 5.04 | 10 | 0.5834999999999999 | 0.099 | -0.4358377659574467 | -0.2894368423429526 | -0.1737588652482269 | -0.04845381130588922 | 0.0857908847184985 | 0.2714497041420121 | -0.0175070028011205 | 0.05150096392178449 | 0.1932787741598467 | -0.327461139896373 | -0.194017094017094 | -0.05122146932952909
Food Processing | 1091 | 1797940.239999995 | 1800914.039999994 | 1673972.690000003 | 1741121.830000001 | 1563194.219999999 | 1506883.764999999 | 1585875.47 | 1620208.89 | 1680933.480000004 | 1720297.499999998 | 1710231.530000004 | 1706295.209999997 | 1730904.700000002 | 1717036.499999997 | 1708804.429999997 | 1736937.14 | 1786547.267999996 | 1762024.717999998 | 1821405.076 | 1789817.580000001 | 1810009.699999999 | 1848106.728000003 | 1881891.022 | 1286926.428 | 366842.1489999999 | 157102.5100000001 | 115770.8590000002 | 70766.33699999996 | 155078.0320000004 | 481664.9600000002 | 672641.6949999997 | -16151.743 | 9535.752000000002 | -35692.57199999999 | 94172.13200000003 | 20454.223 | 198674.7239999998 | -196676.4430000001 | 460180.6889999998 | 9.145 | 4.595 | 6.885 | 8.469999999999999 | 0.462 | 0.07050000000000001 | -0.3410138248847926 | -0.2066179223901776 | -0.08207547169811313 | 0.03940362087326932 | 0.1522931497257556 | 0.3300970873786406 | -0.009259259259259411 | 0.04840189554345642 | 0.1518034963487498 | -0.1602112676056338 | -0.04085257548845478 | 0.08539094650205747
Food Wholesalers | 121 | 93408.40999999995 | 91049.64000000001 | 80241.06999999992 | 79917.47 | 60280.02999999998 | 50302.86000000002 | 61682.21999999999 | 53218.75999999999 | 61886.91 | 61614.91000000001 | 63928.37999999999 | 64799.65000000001 | 64780.74000000002 | 60151.07999999998 | 64130.85999999999 | 67534.99999999994 | 74257.16999999993 | 68032.75000000007 | 68278.25000000003 | 67199.58000000002 | 68084.90000000002 | 67349.70000000001 | 68900.98999999996 | 338005.0400000002 | 50202.395 | 11879.517 | 8112.477999999997 | 1966.868000000001 | 16687.964 | 69225.70899999999 | 45423.457 | -1116.651999999999 | 1015.739 | -1871.228999999999 | 3300.500999999999 | 1209.234 | 27589.872 | -20866.71899999999 | 59926.231 | 3.73 | 1.31 | 1.501 | 9 | 0.5135000000000001 | 0.07350000000000001 | -0.3583925168889659 | -0.2325683501044238 | -0.1383752337419489 | 0.02053915275994855 | 0.1537141230449781 | 0.3736694677871149 | -0.05106382978723401 | 0.02445175438596492 | 0.09274755927475575 | -0.2567049808429119 | -0.09274935590725064 | 0.08005822416302766
Furn/Home Furnishings | 297 | 330719.7700000002 | 330077.1399999997 | 310108.2400000002 | 320058.3100000003 | 284997.96 | 253213.9500000001 | 265154.3699999999 | 256106.92 | 274010.9000000003 | 275409.9800000003 | 276931.3499999997 | 286108.0000000003 | 292303.8899999999 | 291045.3599999999 | 292401.3799999999 | 306954.1500000002 | 321781.6799999995 | 315690.6699999996 | 322533.2800000003 | 320309.9700000004 | 331306.7300000003 | 337446.8399999999 | 341294.4100000003 | 293118.1800000002 | 83795.81699999998 | 27264.057 | 19930.40999999999 | 14528.595 | 69248.61700000001 | 76168.93099999998 | 128895.7539999999 | -1063.867 | 1873.474999999999 | -7305.396999999992 | 18941.728 | 4212.179999999999 | 44666.241 | -42588.27500000001 | 70294.79900000007 | 9.65 | 5.025 | 6.885 | 11 | 0.628 | 0.1225 | -0.4051128941966784 | -0.2644755750696054 | -0.1109534619750283 | -0.003851167199905192 | 0.1370802265610769 | 0.3626062322946175 | 0.03463855421686746 | 0.1309540150995194 | 0.2443288702002877 | -0.2222222222222223 | -0.09497850398535063 | 0.05834018077239111
Green & Renewable Energy | 184 | 227801.0300000001 | 230106.5200000002 | 213143.4700000001 | 221608.5 | 194836.63 | 181710.94 | 187968.78 | 187550.33 | 197112.5399999999 | 198466.1400000001 | 195361.33 | 200564.41 | 201101.0999999999 | 199881.4 | 202041.4900000001 | 208174.0800000001 | 216863.7699999998 | 213933.5300000002 | 221475.73 | 221351.13 | 228368.9300000001 | 230866.4299999999 | 233746.9199999998 | 53917.21299999995 | 28697.41 | 24448.736 | 18332.407 | 7646.050999999996 | 18769.834 | 162983.8620000001 | 141257.039 | -406.225 | 4725.594000000001 | -5284.663000000005 | 9860.832999999999 | 1992.719 | 48910.75100000001 | -40639.24600000001 | 167022.4069999999 | 18.2 | 10.4 | 12.55 | 10.9 | 0.5335000000000001 | 0.072 | -0.3605600933488915 | -0.2450994474090013 | -0.09638554216867479 | -0.01354401805869065 | 0.1447811447811449 | 0.3475177304964538 | 0.01930294906166208 | 0.09999999999999987 | 0.1892707460184408 | -0.183777731121842 | -0.06251988310440482 | 0.04608294930875578
Healthcare Products | 635 | 1832387.449999999 | 1816601.009999997 | 1651721.989999999 | 1687401.749999998 | 1507655.85 | 1350786.919999999 | 1513750.079999998 | 1501692.4 | 1651124.959999998 | 1724511.709999998 | 1731713.427999999 | 1699755.956000003 | 1770416.361999999 | 1747200.950000001 | 1795987.736999996 | 1861386.717 | 1877351.925000001 | 1800472.367 | 1859541.180000001 | 1822845.449999999 | 1899109.158999998 | 1924275.089000003 | 2011121.482999998 | 371926.1420000002 | 206888.3020000002 | 78322.45600000003 | 52569.97800000002 | 38759.32099999998 | 88056.74699999996 | 222199.0110000001 | 391386.2570000004 | -10411.694 | 10531.554 | -10727.04 | 38198.98099999998 | 329.9799999999985 | 81752.52299999996 | -46043.51699999992 | 207522.5190000002 | 11.1 | 11.1 | 9.62 | 14 | 0.776 | 0.096 | -0.4171029668411868 | -0.2996065661436798 | -0.1326417191552426 | 0.129505192425168 | 0.3383690060640958 | 0.636150234741784 | -0.03795701925760542 | 0.09199794642498338 | 0.3154981549815496 | -0.2076778881459438 | -0.006103763987792554 | 0.3531181447822
Healthcare Support Services | 330 | 1084315.95 | 1081976.749999999 | 944741.8500000002 | 1004625.679999999 | 927121.4899999996 | 764928.8200000003 | 858123.84 | 826184.0499999993 | 930967.77 | 984525.95 | 979763.3999999996 | 971961.4900000002 | 982264.0899999993 | 988418.3000000003 | 1003796.210000001 | 1044393.77 | 1070949.16 | 1007132.94 | 1029215.930000001 | 1004580.729999999 | 1045664.900000001 | 1024154.339999999 | 1065163.25 | 2001390.609999999 | 299453.6089999995 | 116095.8800000001 | 94241.40100000004 | 46427.06900000003 | 160168.4710000001 | 397741.8080000001 | 436269.3760000001 | -18911.51 | 7541.566000000004 | -14258.65799999999 | 67107.83999999982 | 16799.86600000001 | 178584.5179999999 | -168295.4410000002 | 379310.1980000002 | 10.8 | 7.95 | 9.52 | 13.8 | 0.661 | 0.1 | -0.3851162790697675 | -0.2461038530406526 | -0.138388303298198 | 0.01317715959004406 | 0.2092081670426282 | 0.44311377245509 | -0.03635729239357988 | 0.04513869511171886 | 0.1894977168949772 | -0.2080131723380899 | -0.07609607978443822 | 0.05253851982823954
Heathcare Information and Technology | 317 | 771554.8699999999 | 767398.9399999991 | 700909.9100000003 | 731520.6400000005 | 650283.300000001 | 606651.8200000009 | 644856.7700000005 | 655372.8100000003 | 724823.2900000003 | 758557.8600000001 | 768269.9499999996 | 771791.6199999995 | 797625.53 | 816315.4999999992 | 826228.2699999999 | 850065.0500000003 | 859013.4399999997 | 848092.7700000001 | 884510.4700000001 | 886450.7000000004 | 913225.9800000008 | 940306.1700000007 | 960422.6900000004 | 143523.107 | 64387.95199999997 | 26655.41199999997 | 17207.30900000002 | 11793.807 | 35625.52900000003 | 94289.87399999994 | 130996.7319999999 | -11263.21500000001 | 13658.85399999998 | -1945.812 | 14511.083 | 2602.433999999998 | 41754.04199999999 | -36555.606 | 91096.68199999993 | 13.6 | 13.8 | 12.3 | 13.35 | 0.769 | 0.0915 | -0.4168465385627796 | -0.2879440719075474 | -0.1524186079646649 | 0.1889502762430939 | 0.4382597805280761 | 0.7684729064039408 | -0.01421800947867302 | 0.1053171506039323 | 0.3009708737864076 | -0.1345917740945366 | 0.09422181870217461 | 0.3648648648648647
Homebuilding | 148 | 245940.6200000001 | 245207.2699999999 | 214196.0500000001 | 214500.4 | 161477.7899999999 | 126676.79 | 148866.3800000002 | 126069.27 | 158994.5300000001 | 153150.1099999999 | 155466.94 | 165807.8100000001 | 172294.2099999999 | 160059.14 | 176699.47 | 184777.8500000002 | 200381.4199999999 | 187986.1300000001 | 191328.27 | 184700.3999999999 | 187865.8500000001 | 198786.07 | 206165.6799999999 | 246836.8589999999 | 53062.50899999999 | 28757.75399999998 | 26642.572 | 19355.788 | 38872.41099999999 | 80509.503 | 144614.4899999999 | -4450.326000000003 | 1502.337 | -3917.935 | 25679.56900000001 | 5997.971999999993 | 33828.68399999999 | -28168.72600000002 | 74615.68 | 0.801 | 1.89 | 1.4 | 9.094999999999999 | 1.14 | 0.2995 | -0.5292689329308309 | -0.4115874016284537 | -0.3028571428571429 | 0.05695364238410594 | 0.2205323193916351 | 0.412751677852349 | 0.004694835680751019 | 0.08985901323345957 | 0.2114803625377644 | -0.3266266769768996 | -0.2043795620437956 | -0.1009782265698959
Hospitals/Healthcare Facilities | 187 | 251383.8099999998 | 251243 | 225493.9399999999 | 229198.8399999999 | 192178.7399999999 | 162915.15 | 172754.4699999999 | 168600.0799999999 | 192020.66 | 196130.3400000001 | 191263.0400000001 | 192505.54 | 194140.61 | 190313.4599999999 | 198674.08 | 198471.9299999999 | 215753.5800000002 | 204857.9799999999 | 211113.27 | 204823.4500000001 | 211483.6949999999 | 221320.101 | 230879.177 | 194063.6619999999 | 65221.33000000005 | 29121.618 | 19482.319 | 5720.245999999997 | 14772.194 | 172088.222 | 70964.00000000003 | -2408.587999999999 | 1053.191 | -2910.282999999998 | 9838.825999999986 | 2711.666000000001 | 51759.10300000002 | -44944.953 | 163724.8689999999 | 7.99 | 6.035 | 6.970000000000001 | 9.2 | 0.516 | 0.099 | -0.414872474329248 | -0.2898318884922303 | -0.1774193548387096 | 0.008037825059101555 | 0.1412213740458015 | 0.3464337700145559 | -0.04159292035398232 | 0.03000743218134516 | 0.1317318725247068 | -0.2794419044616111 | -0.1326265876091144 | -0.04347826086956519
Hotel/Gaming | 574 | 711790.5200000001 | 697528.9599999998 | 606651.9700000006 | 571511.039999999 | 465724.5200000002 | 384350.2699999991 | 413650.7300000002 | 373477.25 | 452565.2900000006 | 465384.8699999996 | 451421.7699999996 | 475275.2000000001 | 494172.0100000002 | 467983.7699999998 | 494130.1700000003 | 515803.3299999996 | 586238.6899999996 | 549284.2500000007 | 543501.4899999996 | 508988.7600000001 | 531297.0200000014 | 526471.9899999996 | 544831.1699999988 | 340523.8149999997 | 159689.1660000003 | 67041.76000000001 | 39198.8649999999 | 13050.60700000001 | 109870.3350000001 | 407425.2819999995 | 306099.4449999996 | -13495.23000000001 | 5657.083000000002 | -16543.215 | 20390.44900000003 | 6146.367999999999 | 148668.5140000002 | -113984.421 | 360112.099 | -3.49 | -0.8654999999999999 | -3.02 | 2.305 | 0.6285000000000001 | 0.107 | -0.4867844736444645 | -0.32 | -0.1728608470181504 | -0.03404539385847816 | 0.103863861197778 | 0.4075043630017452 | -0.008695652173912993 | 0.07069182462355506 | 0.1773049645390072 | -0.3292117465224111 | -0.1887755102040817 | -0.04278606965174125
Household Products | 436 | 1459565.800000001 | 1444515.550000001 | 1313126.999999999 | 1387410.360000001 | 1245448.059999999 | 1191134.610000003 | 1264271.18 | 1263516.76 | 1316641.999999999 | 1362372.399999999 | 1340915.419999999 | 1357918.069999999 | 1348059.179999998 | 1333358.12 | 1334300.850000001 | 1391479.999999999 | 1431944.134999999 | 1401077.880000002 | 1443410.459999999 | 1426529.58 | 1461201.729999998 | 1471275.159999999 | 1497840.361999999 | 474607.1179999998 | 243142.0830000001 | 93543.38399999996 | 75476.86299999992 | 27524.80300000006 | 79943.0490000001 | 201608.1529999998 | 253232.8860000002 | -17145.43100000001 | 8385.618999999993 | -27879.45599999999 | 44071.46700000002 | 14483.729 | 58957.19700000001 | -50176.31700000002 | 184824.5779999998 | 8.629999999999999 | 4.785 | 7.315 | 9.82 | 0.63 | 0.084 | -0.3907363420427554 | -0.252462914563269 | -0.1324014316715048 | 0.03052064631956908 | 0.20609787794183 | 0.5310077519379846 | -0.02214022140221406 | 0.0642250726528728 | 0.2054329371816639 | -0.2222015791918254 | -0.06349936283712349 | 0.1111111111111112
Information Services | 186 | 1687782.72 | 1672140.890000001 | 1473933.459999999 | 1464996.250000001 | 1357554.259999998 | 1090728.88 | 1235269.060000001 | 1167120.709999999 | 1338479.979999999 | 1331583.020000001 | 1329891.260000001 | 1369779.809999999 | 1455496.87 | 1428739.99 | 1497584.79 | 1546674.63 | 1614303.69 | 1544733.01 | 1558430.640000001 | 1533173.130000002 | 1598572.58 | 1587579.02 | 1606216.489999999 | 218618.6590000001 | 110939.058 | 65524.44099999996 | 51684.91000000005 | 34750.569 | 79361.18900000001 | 183772.928 | 233798.3149999999 | -26289.15199999999 | 4293.456000000002 | -9734.018999999998 | 44285.31900000002 | 9111.614 | 124590.588 | -84182.97499999995 | 171682.3119999999 | 5.53 | 3.83 | 5.79 | 11.1 | 0.925 | 0.14 | -0.4737732656514382 | -0.3630100688924218 | -0.2215669191072984 | 0.03418803418803429 | 0.2868160884888891 | 0.609375 | 0.003889992680121468 | 0.1115107913669064 | 0.2611599297012304 | -0.235885855554273 | -0.09750562142300984 | 0.07614942528735646
Insurance (General) | 211 | 834329.6299999994 | 823981.9700000002 | 731065.2799999999 | 726774.1899999994 | 593251.4500000005 | 508620.9899999998 | 570741.6379999997 | 532310.875 | 602139.7899999998 | 589136.695 | 558989.7859999996 | 594320.2429999999 | 591964.6539999997 | 566799.5469999999 | 583455.2300000002 | 606366.6399999999 | 688924.7899999999 | 638077.0799999998 | 642773.5400000011 | 636892.0900000002 | 657051.6300000006 | 666340.46 | 680973.8500000001 | 999022.8499999995 | 223342.3830000002 | 108564.1600000001 | 90906.79099999997 | 53690.00699999998 | 402641.407 | 363079.0300000002 | 608324.5540000013 | -7773.515999999999 | 3250.920000000001 | -23000.79800000001 | 74803.48999999998 | 17148.30700000002 | 43510.12999999999 | -36409.35599999997 | 361768.7400000002 | 2.46 | 2.79 | 7.41 | 7.055 | 0.464 | 0.074 | -0.368891797556719 | -0.2465733015494637 | -0.1241379310344828 | 0 | 0.1245218635625636 | 0.2371278458844133 | -0.00512820512820511 | 0.06010574586696438 | 0.1708766716196137 | -0.2384751773049645 | -0.1171270389958201 | -0.02702702702702697
Insurance (Life) | 135 | 1210040.87 | 1188827.560000001 | 1075902.810000001 | 1060998.74 | 908382.5599999996 | 791447.3999999997 | 881400.7400000006 | 842186.2000000004 | 919131.9999999995 | 912905.09 | 886673.3199999998 | 934131.4999999999 | 925005.6 | 882483.6699999998 | 878554.9999999999 | 903392.9499999996 | 1006757.96 | 968827.3199999994 | 970334.3799999999 | 955542.9599999998 | 996553.6900000001 | 1045583.88 | 1025725.770000001 | 1686727.279999999 | 468630.2869999998 | 162234.739 | 158889.0270000001 | 100132.073 | 2400065.973999999 | 1086229.658000001 | 1153319.98 | -23100.43000000001 | 4549.661000000003 | -36269.07100000001 | 127566.382 | 19830.48 | 238134.9900000001 | -168681.414 | 1009380.102000001 | 2.455 | 0.9369999999999999 | 1.91 | 4.68 | 0.673 | 0.2015 | -0.4573199809251312 | -0.316465611781294 | -0.1805555555555556 | 0.01785714285714279 | 0.1277957692883875 | 0.3044156467482602 | 0.003248128795367844 | 0.08256119926640615 | 0.1706888986397543 | -0.3133039945836155 | -0.1876519202722411 | -0.0843373493975903
Insurance (Prop/Cas.) | 210 | 656380.5999999999 | 649018.6200000001 | 582476.6299999997 | 591848.6000000002 | 511157.9899999999 | 433931.4299999996 | 484307.7699999998 | 467415.9100000002 | 519555.0199999997 | 513393.5199999996 | 488955.08 | 481179.7499999999 | 481626.9400000001 | 462730.93 | 484810.7799999999 | 501953.0800000002 | 551745.0400000009 | 515951.5699999999 | 526443.9000000006 | 512480.3300000001 | 519936.4400000001 | 523597.2999999998 | 541302.5000000001 | 684765.3280000001 | 158611.9749999999 | 64702.25199999999 | 56166.484 | 37775.25599999999 | 176614.6930000002 | 188146.043 | 466527.1399999995 | -11106.97399999999 | 1828.011 | -14642.51700000001 | 45567.11099999999 | 6586.807999999998 | 36170.75100000002 | -33937.68799999999 | 190137.925 | 2.26 | 2.505 | -1.86 | 7.12 | 0.469 | 0.072 | -0.3508641696386786 | -0.2560509554140128 | -0.1593406593406592 | 0 | 0.1185185185185185 | 0.2478296627981358 | -0.02275077559462257 | 0.02561412141687902 | 0.1111111111111112 | -0.2722443559096945 | -0.1593261965510731 | -0.06225680933852129
Investments & Asset Management | 830 | 877721.6300000009 | 874450.8399999985 | 762856.4700000009 | 744791.250000001 | 641832.89 | 540385.9900000001 | 607576.3699999995 | 581871.8499999999 | 664544.93 | 654024.7300000011 | 636592.7600000009 | 663452.1299999998 | 681500.7299999984 | 653539.0000000008 | 675290.7300000014 | 711111.220000001 | 777649.0419999997 | 736082.5140000005 | 749818.8200000018 | 724176.0900000003 | 743992.9599999995 | 753722.1899999996 | 769844.8090000007 | 308482.4189999999 | 161444.6439999999 | 64095.09099999997 | 57481.61899999993 | 38712.45400000009 | 793975.4440000001 | 758201.4660000002 | 615267.4970000017 | -14332.39499999999 | 24883.962 | -19048.38400000001 | 50230.77700000007 | 11410.026 | 203923.069 | -167007.0960000001 | 760548.8720000002 | 3.59 | 4.425000000000001 | 4.24 | 8 | 0.521 | 0.085 | -0.4269911504424779 | -0.2906175270783513 | -0.0843104410943607 | 0.01669758812615951 | 0.1123535529809437 | 0.3516732841747021 | 0.01206896551724146 | 0.06774554389819232 | 0.173862232708822 | -0.2466367713004485 | -0.1097659402744149 | -0.002070393374741131
Machinery | 1184 | 1179269.839999997 | 1170051.539999995 | 1067806.080000002 | 1065750.770000001 | 921076.8000000004 | 820496.4500000012 | 905275.7100000002 | 870517.8799999992 | 956789.4099999982 | 959117.8100000004 | 948600.2799999994 | 991337.1199999978 | 1014220.169999999 | 984580.7300000016 | 1019285.47 | 1067609.890000004 | 1146892.18 | 1082381.290000001 | 1104386.700000002 | 1095691.069999998 | 1114445.27 | 1147086.420000002 | 1174172.750000003 | 741443.0330000009 | 225166.0400000005 | 91143.37900000034 | 61235.015 | 33380.00399999996 | 144781.5190000001 | 242666.5790000005 | 476685.4109999994 | -7301.930000000004 | 5361.032999999999 | -20328.01799999996 | 47900.919 | 12440.945 | 128265.5940000001 | -114352.837 | 229858.2659999998 | 6.92 | 1.38 | 3.95 | 11.4 | 0.7505 | 0.156 | -0.3972602739726028 | -0.2871287128712871 | -0.1189245087900724 | -0.006019563581640464 | 0.1622950819672131 | 0.3419804766205796 | 0.010752688172043 | 0.08571428571428563 | 0.2006344171292627 | -0.2195121951219512 | -0.1043624652320304 | 0.02481730699659956
Metals & Mining | 921 | 842963.6599999986 | 834795.5099999998 | 730891.2600000009 | 733817.4599999981 | 606042.8600000015 | 544605.5799999995 | 591414.2699999998 | 592241.3499999994 | 648917.3900000011 | 648397.8000000003 | 637153.7899999989 | 649063.5900000007 | 668873.4000000004 | 657831.1099999979 | 692610.4399999992 | 701525.2499999993 | 772245.0270000005 | 750493.6200000007 | 745578.1399999997 | 750331.6599999999 | 768164.1000000011 | 809602.4899999994 | 824113.3000000004 | 893958.2680000005 | 181187.7410000004 | 138100.0400000002 | 78562.6699999999 | 29832.71999999998 | 140676.2840000001 | 390267.025 | 581297.3380000007 | -6743.855 | 5163.413000000008 | -34384.638 | 53336.71300000005 | 22767.49200000001 | 153795.0379999999 | -150005.577 | 390320.6389999999 | 10.3 | 4.47 | 8.29 | 11.8 | 0.831 | 0.067 | -0.4933333333333333 | -0.3940659340659341 | -0.2603406326034063 | 0.0841121495327104 | 0.3500329597890575 | 0.7158590308370043 | 0.04516129032258065 | 0.2018303017525753 | 0.4655172413793105 | -0.2442748091603053 | -0.0847457627118644 | 0.125
Office Equipment & Services | 119 | 46402.75000000001 | 45319.00999999999 | 41469.40000000006 | 41533.40999999996 | 35384.26999999997 | 31773.02999999999 | 35500.30000000002 | 33092.16999999999 | 36411.8 | 36207.69000000001 | 35654.34000000003 | 36426.57000000001 | 37399.43 | 36033.27999999999 | 36582.66999999999 | 38430.40000000002 | 40444.16000000003 | 38246.23999999999 | 38462.26999999999 | 38249.10000000003 | 38413.60999999999 | 39537.42000000003 | 41169.36000000003 | 51297.00000000001 | 17924.023 | 5316.680000000001 | 3656.481999999998 | 1744.723 | 8967.949999999997 | 14529.146 | 22754.02900000002 | -338.569 | 193.101 | -703.1520000000003 | 2328.078999999999 | 772.3059999999995 | 6653.570000000003 | -7038.958999999996 | 13646.962 | 1.7495 | -1.137 | -0.936 | 10 | 0.7695000000000001 | 0.145 | -0.4320462146549102 | -0.3295791345583876 | -0.1783817557013434 | 0.02318840579710146 | 0.1520302171860244 | 0.3304347826086957 | -0.009138381201044377 | 0.05494505494505497 | 0.207563203739112 | -0.2668977469670711 | -0.1755952380952381 | -0.04358353510895874
Oil/Gas (Integrated) | 50 | 3679319.000000001 | 3687209.9 | 3425668.670000003 | 3352680.939999999 | 2746134.060000001 | 2617362.34 | 2772142.14 | 2970854.289999999 | 3066678.29 | 2895431.290000001 | 2886377.140000001 | 3006377.870000002 | 3008522.650000003 | 2958972.730000001 | 3098895.35 | 1364300.76 | 3264229.78 | 3144499.639999999 | 3181330.02 | 3106896.63 | 3135601.330000001 | 3134694.45 | 3155024.77 | 3140200.190000001 | 1017805.439 | 593592.6900000003 | 328977.8639999998 | 131115.391 | 333787.3400000001 | 1018263.95 | 2162494.880000001 | -28931.42099999999 | 14908.77 | -167582.437 | 262627.06 | 126145.578 | 418090.5360000001 | -370800.4869999999 | 998837.03 | -20.5 | -7.475 | -11 | -5.38 | 0.815 | 0.246 | -0.5288111903383963 | -0.4439808450170889 | -0.24860853432282 | 0.0452159636481233 | 0.2468667664983792 | 0.40418648905804 | -0.0119009685067224 | 0.04007542612583
