Source: http://www.stern.nyu.edu/~adamodar/pc/blog/RiskCapitalCOVID.xlsx

Sheet: IPOs 1999-2019
Year | Number of IPOs | Proceeds Raised ($ billions) | Source: Jay Ritter
1980 | 71 | 0.91
1981 | 192 | 2.31
1982 | 77 | 1
1983 | 451 | 8.89
1984 | 171 | 2.02
1985 | 186 | 4.09
1986 | 393 | 13.4
1987 | 285 | 11.68
1988 | 105 | 3.88
1989 | 116 | 5.81
1990 | 110 | 4.27
1991 | 286 | 15.39
1992 | 412 | 22.69
1993 | 510 | 31.44
1994 | 402 | 17.18
1995 | 462 | 27.95
1996 | 677 | 42.05
1997 | 474 | 31.76
1998 | 281 | 33.65
1999 | 476 | 64.67
2000 | 380 | 64.8
2001 | 80 | 34.84
2002 | 66 | 22.03
2003 | 63 | 9.54
2004 | 173 | 31.19
2005 | 159 | 28.23
2006 | 157 | 30.48
2007 | 159 | 35.66
2008 | 21 | 22.76
2009 | 41 | 13.17
2010 | 91 | 29.82
2011 | 81 | 26.97
2012 | 93 | 31.11
2013 | 157 | 38.75
2014 | 206 | 42.2
2015 | 118 | 22
2016 | 75 | 12.52
2017 | 107 | 22.99
2018 | 134 | 33.47
2019 | 112 | 39.18

Sheet: COVID IPOs
Quarter | # IPOs | Number of IPOs | Proceeds Raised (in $ billion) | Source: Renaissance Capital
Q2 2017 | 56 | 52 | 10.6
Q3 2017 | 36 | 29 | 4.1
Q4 2017 | 56 | 54 | 10.9
Q1 2018 | 45 | 44 | 15.5
Q2 2018 | 69 | 60 | 13.1
Q3 2018 | 61 | 52 | 11.2
Q4 2018 | 44 | 36 | 7
Q1 2019 | 31 | 18 | 4.7
Q2 2019 | 72 | 62 | 25.1
Q3 2019 | 44 | 39 | 10.8
Q4 2019 | 53 | 41 | 5.8
Q1 2020 | 40 | 25 | 6.8
Q2 2020 | 58 | 39 | 15.1

Sheet: VC over time
Year | Global  | US | % from US | Capital Raised (NVCA 2020 Yearbook)
2007 | 53.6 | 35.1 | 0.6548507462686567
2008 | 52.4 | 32.1 | 0.6125954198473282
2009 | 24.3 | 13.1 | 0.5390946502057613
2010 | 35.3 | 19 | 0.538243626062323
2011 | 45.8 | 23.4 | 0.5109170305676856
2012 | 39.5 | 24.7 | 0.6253164556962025
2013 | 40.4 | 20.4 | 0.504950495049505
2014 | 52.2 | 34.9 | 0.6685823754789272
2015 | 74.6 | 37.4 | 0.5013404825737265
2016 | 72.8 | 42.6 | 0.5851648351648352
2017 | 59 | 36 | 0.6101694915254238
2018 | 87 | 58.1 | 0.667816091954023
2019 | 75.1 | 50.5 | 0.6724367509986685

Sheet: VC during COVID
Period | VC funding
1st Half- 2016 | 92
2nd Half: 2016 | 72
1st Half: 2017 | 93
2nd Half: 2017 | 131
1st Half: 2018 | 158
2nd Half: 2018 | 168
1st Half: 2019 | 138
2nd Half: 2019 | 144
1st Half: 2020 | 129
Quarter | Q2 2019 | Q3 2019 | Q4 2019 | Q1 2020 | Q2 2020
Angel Seed | 3.7 | 3.8 | 4 | 2.8 | 2.3
Early Stage | 24.9 | 23.1 | 24.8 | 19.1 | 19.6
Late Stage | 39.1 | 37.9 | 42.9 | 35.5 | 35.7
Technology Growth | 2.8 | 3.2 | 4 | 2.2 | 11.9

Sheet: Corporate Bond Issuance
Year | Investment Grade | High Yield | Total | % from HY Bonds | Source: Dealogic
2004 | 650.1700000000001 | 139.82999999999998 | 790 | 0.177
2005 | 671.44 | 98.56 | 770 | 0.128
2006 | 913.72 | 146.28 | 1060 | 0.138
2007 | 984.48 | 135.51999999999998 | 1120 | 0.121
2008 | 666.69 | 43.31 | 710 | 0.061
2009 | 744.04 | 145.96 | 890 | 0.164
2010 | 782.0799999999999 | 257.92 | 1040 | 0.248
2011 | 786.79 | 223.21 | 1010 | 0.221
2012 | 1043.625 | 331.375 | 1375 | 0.241
