Source: http://www.stern.nyu.edu/~adamodar/pc/blog/S&PValueCoronaMarch13.xlsx

Sheet: Valuing the Index
Implied Risk Premium Calculator
Inputs | 2020-02-01 00:00:00 | Post Corona Virus | Estimation Notes
Base Year Earnings for the Index | 163 | 163 | Base year. Do not change
Enter current level of index | 3225.52 | 2771.02 | Update to current level
Dividends plus Buybacks (base year) | 150.5 | Base year. Do not change
Cash Return as percent of earnings | 0.9233128834355828 | 0.85 | Cash return as percent of earnings.
Expected growth rate in earnings next year = | 0.0552 | -0.15 | Effect of virus on 2020 earnings
Percentage of 2020 lost earnngs recouped by 2025 | NA | 0.6 | Proportion of lost 2020 earnings that will be recouped between 2021 & 2025
Expected growth rate in years 2-5 | 0.0336 | 0.07227591628982011 | DO NOT INPUT. 
Enter current long term risk free rate  = | 0.0151 | 0.0098 | Update to current level
ERP used to compute fair value of index (you can override this number) = | 0.05126 | 0.0569 | Long term effect on risk premium
Expected growth rate in the long term (after year 5) = | 0.0151 | 0.0098 | Set equal to risk free rate. 
Do you want to adjust the payout ratio to sustainable levels in year 5? | Yes | Yes | Intrinsic value adjuster
Expected Earnings in 2025 | 199.26967721799014 | 184.9558631913233 | -0.07183137056526823
Intrinsic Value | 3225.0747498676687 | 2791.1637691213773 | -0.13454292207152585
Percent under or over valued | -0.0001719686738711479 | -0.007577856518973691
Intrinsic Trailing PE | 19.785734661764838 | 17.123704105039124 | -0.13454292207152585
Intrinsic Forward PE | 18.750696229875704 | 20.145534241222503 | 0.07438859838838341
Intrinsic Value Estimate (Pre-Corona Virus)
Last 12 months | 1 | 2 | 3 | 4 | 5 | Terminal Year
Expected Earnings | 163 | 171.99759999999998 | 177.77671936 | 183.750017130496 | 189.92401770608066 | 196.30546470100498 | 199.26967721799014
Expected cash payout (dividends + buybacks) as % of earnings | 0.9233128834355828 | 0.9185169734151329 | 0.9137210633946831 | 0.9089251533742332 | 0.9041292433537833 | 0.8993333333333334 | 0.8993333333333333
Expected Dividends + Buybacks = | 150.5 | 157.98271498666665 | 162.43833306043732 | 167.01501250285403 | 171.71585842330924 | 176.54404792110384 | 179.20986304471245
Expected Terminal Value = | 3496.0956505016084
Present Value = | 148.15138882428698 | 142.85019322004024 | 137.73489188037084 | 132.799066236106 | 2663.5392097068648
Intrinsic Value of Index = | 3225.0747498676687
Intrinsic Trailing PE = | 19.785734661764838
Intrinsic Value Estimate (Post-Corona Virus)
Last 12 months | 1 | 2 | 3 | 4 | 5 | Terminal Year
Expected Earnings | 163 | 138.54999999999998 | 148.56382820195455 | 159.30141501277424 | 170.8150707490874 | 183.16088650358813 | 184.9558631913233
Expected cash payout (dividends + buybacks) as % of earnings | 0.8499999999999999 | 0.8669333333333332 | 0.8838666666666666 | 0.9007999999999999 | 0.9177333333333333 | 0.9346666666666666 | 0.9346666666666666
Expected Dividends + Buybacks = | 138.54999999999998 | 120.1136133333333 | 131.3106156201009 | 143.49871464350701 | 156.76268426212914 | 171.19437525202036 | 172.87208012949017
Expected Terminal Value = | 3038.173640237086
Present Value = | 112.6029936564482 | 115.40250799040714 | 118.22821310284458 | 121.08030631111423 | 2323.8497480605633
Intrinsic Value of Index = | 2791.1637691213773
Intrinsic Trailing PE = | 17.123704105039124

Sheet: Earnings History
Year | Earnings Yield | Dividend Yield | S&P 500 | Earnings | Dividends | Payout Ratio
1960 | 0.053399999999999996 | 0.0341 | 58.11 | 3.103074 | 1.9815509999999998 | 0.6385767790262172
1961 | 0.0471 | 0.0285 | 71.55 | 3.370005 | 2.039175 | 0.605095541401274
1962 | 0.0581 | 0.034 | 63.1 | 3.66611 | 2.1454000000000004 | 0.585197934595525
1963 | 0.0551 | 0.0313 | 75.02 | 4.133602 | 2.348126 | 0.5680580762250454
1964 | 0.0562 | 0.0305 | 84.75 | 4.76295 | 2.584875 | 0.5427046263345195
1965 | 0.0573 | 0.0306 | 92.43 | 5.296239 | 2.828358 | 0.5340314136125655
1966 | 0.0674 | 0.0359 | 80.33 | 5.414242 | 2.883847 | 0.5326409495548962
1967 | 0.0566 | 0.0309 | 96.47 | 5.460202 | 2.980923 | 0.5459363957597174
1968 | 0.0551 | 0.0293 | 103.86 | 5.722686 | 3.043098 | 0.5317604355716878
1969 | 0.0663 | 0.0352 | 92.06 | 6.103578 | 3.2405120000000003 | 0.5309200603318251
1970 | 0.0598 | 0.0346 | 92.15 | 5.51057 | 3.18839 | 0.5785953177257525
1971 | 0.054599999999999996 | 0.031 | 102.09 | 5.574114 | 3.16479 | 0.5677655677655677
1972 | 0.0523 | 0.027 | 118.05 | 6.174015 | 3.18735 | 0.5162523900573613
1973 | 0.08159999999999999 | 0.037 | 97.55 | 7.96008 | 3.6093499999999996 | 0.4534313725490196
1974 | 0.1364 | 0.0543 | 68.56 | 9.351584 | 3.722808 | 0.3980938416422287
1975 | 0.0855 | 0.0414 | 90.19 | 7.711245 | 3.733866 | 0.4842105263157895
1976 | 0.0907 | 0.0393 | 107.46 | 9.746622 | 4.223178 | 0.4332965821389195
1977 | 0.11430000000000001 | 0.0511 | 95.1 | 10.86993 | 4.85961 | 0.44706911636045493
1978 | 0.1211 | 0.0539 | 96.11 | 11.638921 | 5.180329 | 0.4450867052023122
1979 | 0.1348 | 0.0553 | 107.94 | 14.550312 | 5.969082 | 0.41023738872403565
1980 | 0.11040000000000001 | 0.0474 | 135.76 | 14.987904 | 6.435023999999999 | 0.4293478260869565
1981 | 0.1239 | 0.0557 | 122.55 | 15.183945 | 6.826035 | 0.44955609362389026
1982 | 0.09830000000000001 | 0.0493 | 140.64 | 13.824912 | 6.933551999999999 | 0.501525940996948
1983 | 0.08059999999999999 | 0.0432 | 164.93 | 13.293358 | 7.124976000000001 | 0.5359801488833748
1984 | 0.1007 | 0.0468 | 167.24 | 16.841068 | 7.8268320000000005 | 0.46474677259185704
1985 | 0.0742 | 0.0388 | 211.28 | 15.676976 | 8.197664 | 0.522911051212938
1986 | 0.0596 | 0.0338 | 242.17 | 14.433332 | 8.185346 | 0.5671140939597314
1987 | 0.0649 | 0.0371 | 247.08 | 16.035492 | 9.166668000000001 | 0.5716486902927581
1988 | 0.0868500648134812 | 0.0368 | 277.72 | 24.12 | 9.75 | 0.404228855721393
1989 | 0.06881720430107527 | 0.0332 | 353.4 | 24.32 | 11.06 | 0.45476973684210525
1990 | 0.0685906365453334 | 0.0374 | 330.22 | 22.65 | 12.09 | 0.5337748344370861
1991 | 0.04627298664556811 | 0.0311 | 417.09 | 19.3 | 12.2 | 0.6321243523316061
1992 | 0.04789883179178812 | 0.029 | 435.71 | 20.87 | 12.39 | 0.5936751317680882
1993 | 0.05766963232929574 | 0.0272 | 466.45 | 26.9 | 12.58 | 0.4676579925650558
1994 | 0.06913144773227078 | 0.0291 | 459.27 | 31.75 | 13.17 | 0.4148031496062992
1995 | 0.06120825418472879 | 0.023 | 615.93 | 37.7 | 13.79 | 0.3657824933687002
1996 | 0.05485055485055485 | 0.0201 | 740.74 | 40.63 | 14.9 | 0.36672409549593893
1997 | 0.04543346763805736 | 0.015994971301381864 | 970.43 | 44.09 | 15.5 | 0.35155364028124286
1998 | 0.03601441552842023 | 0.013178981964319126 | 1229.23 | 44.27 | 16.2 | 0.3659362999774113
1999 | 0.035174408711927854 | 0.011374404356705241 | 1469.25 | 51.68 | 16.69 | 0.32294891640866874
2000 | 0.04251370921319721 | 0.012321969696969698 | 1320.28 | 56.13 | 16.07 | 0.28629966150008906
2001 | 0.03383881054621154 | 0.013710597601233353 | 1148.09 | 38.85 | 15.74 | 0.40514800514800514
2002 | 0.05232888545384283 | 0.01814007410606715 | 879.82 | 46.04 | 15.96 | 0.34665508253692445
2003 | 0.04918563552805532 | 0.0161 | 1111.91 | 54.69 | 17.88 | 0.3269336258913878
2004 | 0.05584527031487227 | 0.01568585385173939 | 1211.92 | 67.68 | 19.01 | 0.28088061465721037
2005 | 0.061243781493082544 | 0.0179 | 1248.29 | 76.45 | 22.344390999999998 | 0.2922745716154349
2006 | 0.06184869209617148 | 0.01765653232775552 | 1418.3 | 87.72 | 25.042259800455653 | 0.28547947788937134
2007 | 0.056212372987550746 | 0.01916304009947156 | 1468.36 | 82.54 | 28.138241560460056 | 0.34090430773515934
2008 | 0.054813174647107665 | 0.03149388690779419 | 903.25 | 49.51 | 28.446853349465105 | 0.5745678317403576 | -0.4001696147322511
2009 | 0.050990942516366246 | 0.019701093682061736 | 1115.1 | 56.86 | 21.96868956486704 | 0.3863645720166557
2010 | 0.0666088864857988 | 0.01800787401574803 | 1257.64 | 83.77 | 22.647422677165356 | 0.27035242541680027
2011 | 0.07668575063613232 | 0.021097935880544576 | 1257.6 | 96.44 | 26.532764163372857 | 0.27512198427387863
2012 | 0.06788716790890413 | 0.021911526514700005 | 1426.19 | 96.82 | 31.25 | 0.32276389175790127
2013 | 0.056763833885173885 | 0.01888160315090134 | 1848.36 | 104.92 | 34.9 | 0.332634388105223
2014 | 0.0564184758851814 | 0.019206906001644285 | 2058.9 | 116.16 | 39.54509876678542 | 0.3404364563256321
2015 | 0.049159955771695844 | 0.021238392516414375 | 2043.94 | 100.48 | 43.41 | 0.43202627388535025
2016 | 0.04746229057141454 | 0.02041244757306272 | 2238.83 | 106.26 | 45.7 | 0.43007716920760397
2017 | 0.04656999337973751 | 0.01830109851474224 | 2673.61 | 124.51 | 48.93 | 0.39298048349530157
2018 | 0.05917386361369847 | 0.021385403993059018 | 2506.85 | 148.34 | 53.61 | 0.3613994876634758
2019 | 0.050251022972780564 | 0.01819993933353555 | 3230.78 | 162.35 | 58.8 | 0.3621804742839544

Sheet: Dividend & Buyback History
Year | Dividend Yield | Buybacks/Index | Gross Cash Yield | Payout | Return on Equity | Net Profit Margin
2001 | 0.013709726589378883 | 0.012490273410621118 | 0.0262 | 0.7742588931788931 | 0.11924493554327809 | 0.0527222885680165
2002 | 0.01814007410606715 | 0.01575992589393285 | 0.0339 | 0.6478257602085143 | 0.1360640718739841 | 0.06824886227189848
2003 | 0.016080438164959392 | 0.01231956183504061 | 0.0284 | 0.5774043518010606 | 0.1679049490359818 | 0.07694039194721515
2004 | 0.01568585385173939 | 0.01781414614826061 | 0.0335 | 0.5998717494089835 | 0.18432878503145683 | 0.08586979966250936
2005 | 0.0179 | 0.0311 | 0.049 | 0.8000812295618049 | 0.1843279083785413 | 0.08743938146216489
2006 | 0.01765653232775552 | 0.033924895906984054 | 0.0516 | 0.833993840234053 | 0.19361673950470137 | 0.09209352132786007
2007 | 0.01916304009947156 | 0.04578178427105999 | 0.06494482437053155 | 1.1553474959136625 | 0.1636432125934297 | 0.08052054473797168
2008 | 0.03149388690779419 | 0.04325522159959246 | 0.07474910850738666 | 1.3637069735264997 | 0.09348741479257539 | 0.04749342900447019
2009 | 0.019702860596293312 | 0.013864826752618856 | 0.03356768734891217 | 0.658247826135017 | 0.1259720406761637 | 0.06259357111404668
2010 | 0.01800787401574803 | 0.026143482064741905 | 0.04415135608048994 | 0.6628448306203578 | 0.16310993418746833 | 0.08701478119059737
2011 | 0.021097935880544576 | 0.03558014931927976 | 0.05667808519982434 | 0.7390953955547396 | 0.1665227751493594 | 0.09160073326178016
2012 | 0.021911526514700005 | 0.03130670224454559 | 0.053218228759245596 | 0.7839217689955431 | 0.1579084711485142 | 0.08863297234453528
2013 | 0.01888160315090134 | 0.02879850245623147 | 0.04768010560713281 | 0.8399733130003811 | 0.1573084246667766 | 0.09394615019564653
2014 | 0.019206906001644285 | 0.030324472458207727 | 0.04953137845985201 | 0.8779283325670568 | 0.16227089852481 | 0.09985214730254788
2015 | 0.021238392516414375 | 0.03177196982298893 | 0.0530103623394033 | 1.0783240445859872 | 0.13821943435677342 | 0.08914677100245756
2016 | 0.02041253874809051 | 0.027836092227155374 | 0.048248630975245885 | 1.0165631469979297 | 0.14353834308176527 | 0.09234539576598186
2017 | 0.01830109851474224 | 0.022759489977969862 | 0.0410605884927121 | 0.8816962492972452 | 0.16191367898152123 | 0.10109859772485527
2018 | 0.02169655144902966 | 0.038338951273510585 | 0.06003550272254024 | 0.9850765807042806 | 0.18484731161980353 | 0.11522826177133849
Average: Last 10 years = | 0.048718192598535846 | 0.8523671488458537 | 0.15616113123929556 | 0.09214593816737872
Average: Last 5 years | 0.05037729259795072 | 0.9679176708305001 | 0.15815793331293468 | 0.09953423471343621

Sheet: Implied ERP- Annual since 1960
Year | Earnings Yield | Dividend Yield | T.Bond Rate | Implied ERP
1960 | 0.0534 | 0.0341 | 0.0276
1961 | 0.0471 | 0.0285 | 0.0235 | 0.0292
1962 | 0.0581 | 0.034 | 0.0385 | 0.0356
1963 | 0.0551 | 0.0313 | 0.0414 | 0.0338
1964 | 0.0562 | 0.0305 | 0.0421 | 0.0331
1965 | 0.0573 | 0.0306 | 0.0465 | 0.0332
1966 | 0.0674 | 0.0359 | 0.0464 | 0.0368
1967 | 0.0566 | 0.0309 | 0.057 | 0.032
1968 | 0.0551 | 0.0293 | 0.0616 | 0.03
1969 | 0.0663 | 0.0352 | 0.0788 | 0.0374
1970 | 0.0598 | 0.0346 | 0.065 | 0.0341
1971 | 0.0546 | 0.031 | 0.0589 | 0.0309
1972 | 0.0523 | 0.027 | 0.0641 | 0.0272
1973 | 0.0816 | 0.037 | 0.069 | 0.043
1974 | 0.1364 | 0.0543 | 0.074 | 0.0559
1975 | 0.0855 | 0.0414 | 0.0776 | 0.0413
1976 | 0.0907 | 0.0393 | 0.0681 | 0.0455
1977 | 0.1143 | 0.0511 | 0.0778 | 0.0592
1978 | 0.1211 | 0.0539 | 0.0915 | 0.0572
1979 | 0.1348 | 0.0553 | 0.1033 | 0.0645
1980 | 0.1104 | 0.0474 | 0.1243 | 0.0503
1981 | 0.1239 | 0.0557 | 0.1398 | 0.0573
1982 | 0.0983 | 0.0493 | 0.1047 | 0.049
1983 | 0.0806 | 0.0432 | 0.118 | 0.0431
1984 | 0.1007 | 0.0468 | 0.1151 | 0.0511
1985 | 0.0742 | 0.0388 | 0.0899 | 0.0384
1986 | 0.0596 | 0.0338 | 0.0722 | 0.0358
1987 | 0.0649 | 0.0371 | 0.0886 | 0.0399
1988 | 0.082 | 0.0368 | 0.0914 | 0.0377
1989 | 0.068 | 0.0332 | 0.0793 | 0.0351
1990 | 0.0658 | 0.0374 | 0.0807 | 0.0389
1991 | 0.0458 | 0.0311 | 0.067 | 0.0348
1992 | 0.0416 | 0.029 | 0.0668 | 0.0355
1993 | 0.0425 | 0.0272 | 0.0579 | 0.0317
1994 | 0.0589 | 0.0291 | 0.0782 | 0.0355
1995 | 0.0574 | 0.023 | 0.0557 | 0.0329
1996 | 0.0483 | 0.0201 | 0.0641 | 0.032
1997 | 0.040766408479412965 | 0.015994971301381864 | 0.0574 | 0.0273
1998 | 0.03110419906687403 | 0.013178981964319126 | 0.0465 | 0.0226
1999 | 0.03074085459575776 | 0.011374404356705241 | 0.0644 | 0.0205
2000 | 0.03938558487593541 | 0.012321969696969698 | 0.0511 | 0.0287
2001 | 0.03852485432326734 | 0.013710597601233353 | 0.0505 | 0.0362
2002 | 0.05232888545384283 | 0.018276465640699232 | 0.0381 | 0.041
2003 | 0.0487 | 0.0161 | 0.0425 | 0.0369
2004 | 0.05584527031487227 | 0.016013433229916166 | 0.0422 | 0.0365
2005 | 0.0547 | 0.01792852622387426 | 0.0439 | 0.0408
2006 | 0.06184869209617148 | 0.01766198970598604 | 0.047 | 0.0416
2007 | 0.056212372987550746 | 0.01888501457408265 | 0.0402 | 0.0437
2008 | 0.07239413230002768 | 0.031054525325214504 | 0.0221 | 0.0643
2009 | 0.05349296027262129 | 0.02000717424446238 | 0.0384 | 0.0436
2010 | 0.0665214210743933 | 0.01838363919722655 | 0.0329 | 0.052
2011 | 0.07717080152671756 | 0.02069020356234097 | 0.0188 | 0.0601
2012 | 0.0718487719027619 | 0.02134357974743898 | 0.0176 | 0.0578
2013 | 0.05813261485857734 | 0.0196 | 0.0304 | 0.0496
2014 | 0.05488853271164214 | 0.019155859925202776 | 0.0217 | 0.0578
2015 | 0.05201718250046478 | 0.021116079728367758 | 0.0227 | 0.0612
2016 | 0.0486 | 0.0201 | 0.0245 | 0.0569
2017 | 0.0442 | 0.018 | 0.0241 | 0.0508
2018 | 0.0592 | 0.0208 | 0.0268 | 0.0596
2019 | 0.050251022972780564 | 0.01819993933353555 | 0.0192 | 0.052

Sheet: Historical Returns
Annual Returns on Investments in | Compounded Value of $ 100
Year | S&P 500 | 3-month T.Bill | 10-year T. Bond | Stocks | T.Bills | T.Bonds | Stocks - Bills | Stocks - Bonds | Historical risk premium
1928 | 0.43811155152887893 | 0.0308 | 0.008354708589799302 | 143.8111551528879 | 103.08 | 100.83547085897993 | 0.40731155152887893 | 0.4297568429390796
1929 | -0.0829794661190966 | 0.0316 | 0.04203804156320426 | 131.8777822763307 | 106.337328 | 105.074396573995 | -0.1145794661190966 | -0.12501750768230085
1930 | -0.25123636363636365 | 0.0455 | 0.045409314348970366 | 98.74528781279727 | 111.17567642400002 | 109.84575287805193 | -0.29673636363636363 | -0.29664567798533403
1931 | -0.4383754889178619 | 0.0231 | -0.02558855961942253 | 55.457773989527276 | 113.7438345493944 | 107.03495828159154 | -0.4614754889178619 | -0.41278692929843935
1932 | -0.08642364532019696 | 0.0107 | 0.08790306990477326 | 50.66491100000872 | 114.96089357907292 | 116.44365970167279 | -0.09712364532019696 | -0.17432671522497023
1933 | 0.49982225433526023 | 0.0096 | 0.01855272089185736 | 75.9883610317284 | 116.06451815743202 | 118.60400641974435 | 0.49022225433526023 | 0.48126953344340284
1934 | -0.011885656970912803 | 0.003225 | 0.0796344261796561 | 75.0851894387234 | 116.43882622848975 | 128.04896841358894 | -0.015110656970912803 | -0.0915200831505689
1935 | 0.4674042105263158 | 0.0017499999999999998 | 0.04472047729656613 | 110.18032313054879 | 116.64259417438959 | 133.77537939837757 | 0.46565421052631584 | 0.42268373322974967
1936 | 0.3194341027550261 | 0.0017000000000000001 | 0.0501787540454506 | 145.3756757910145 | 116.84088658448606 | 140.4880612585456 | 0.3177341027550261 | 0.2692553487095755
1937 | -0.3533672875436554 | 0.0030250000000000003 | 0.01379146059646038 | 94.00466756191786 | 117.19433026640414 | 142.42559681966594 | -0.3563922875436554 | -0.36715874814011573
1938 | 0.29282654028436017 | 0.000775 | 0.04213248532204607 | 121.53172913465568 | 117.28515587236059 | 148.42634118715418 | 0.29205154028436014 | 0.2506940549623141
1939 | -0.010975646879756443 | 0.00037500000000000006 | 0.04412261394206067 | 120.19783979098749 | 117.32913780581272 | 154.97529933818757 | -0.011350646879756444 | -0.05509826082181711
1940 | -0.10672873194221515 | 0.00025 | 0.05402481596284551 | 107.36927676790187 | 117.35847009026418 | 163.34781136372007 | -0.10697873194221515 | -0.16075354790506066
1941 | -0.1277145557655955 | 0.0008249999999999999 | -0.020221975848580105 | 93.656657282616 | 117.45529082808865 | 160.0445958674045 | -0.1285395557655955 | -0.10749257991701541
1942 | 0.19173762945914843 | 0.0033750000000000004 | 0.022948682374484164 | 111.61416273305268 | 117.85170243463344 | 163.71740846371824 | 0.18836262945914845 | 0.16878894708466427
1943 | 0.25061310133060394 | 0.0038 | 0.0249 | 139.5861342080017 | 118.29953890388505 | 167.79397193446482 | 0.24681310133060394 | 0.22571310133060393
1944 | 0.1903067694944301 | 0.0038 | 0.025776111579070303 | 166.15032047534245 | 118.74907715171982 | 172.11904807734297 | 0.1865067694944301 | 0.16453065791535978
1945 | 0.358210843373494 | 0.0038 | 0.03804417341923723 | 225.6671668995912 | 119.20032364489636 | 178.66717499115143 | 0.354410843373494 | 0.3201666699542568
1946 | -0.08429147465437781 | 0.0038 | 0.031283745375695685 | 206.64534862054904 | 119.65328487474697 | 184.2565534005695 | -0.0880914746543778 | -0.11557522003007349
1947 | 0.052 | 0.005675 | 0.009196968062832236 | 217.3909067488176 | 120.33231726641117 | 185.95115503756207 | 0.046325 | 0.042803031937167765
1948 | 0.057045751633986834 | 0.010225 | 0.019510369413175046 | 229.79213442269784 | 121.56271521046021 | 189.5791307651515 | 0.046820751633986836 | 0.03753538222081179
1949 | 0.18303223684210526 | 0.011025 | 0.04663485182797314 | 271.851502794806 | 122.90294414565554 | 198.42012543806027 | 0.17200723684210525 | 0.13639738501413212
1950 | 0.30805539011316263 | 0.011725 | 0.00429595741710961 | 355.5968235411095 | 124.34398116576335 | 199.2725298476397 | 0.29633039011316264 | 0.30375943269605304
1951 | 0.2367846304454234 | 0.014775 | -0.0029531392208319886 | 439.7966859908575 | 126.18116348748751 | 198.68405032411223 | 0.22200963044542338 | 0.23973776966625537
1952 | 0.18150988641144306 | 0.016725 | 0.022679961918305656 | 519.6241325091871 | 128.29154344681575 | 203.19019701923781 | 0.16478488641144307 | 0.1588299244931374
1953 | -0.012082047421904465 | 0.018925 | 0.04143840258908851 | 513.3460090986451 | 130.71946090654674 | 211.61007420547722 | -0.031007047421904466 | -0.05352045001099298
1954 | 0.525633212414349 | 0.009625 | 0.032898034558095555 | 783.1777209412517 | 131.97763571777224 | 218.57162973953018 | 0.516008212414349 | 0.4927351778562535
1955 | 0.3259733185102835 | 0.0166 | -0.013364391288618781 | 1038.4727616197922 | 134.16846447068727 | 215.65055295509998 | 0.3093733185102835 | 0.33933770979890227
1956 | 0.07439511873350935 | 0.025550000000000003 | -0.022557738173154165 | 1115.730066022012 | 137.5964687379133 | 210.7859642446429 | 0.04884511873350934 | 0.09695285690666351
1957 | -0.1045736018855796 | 0.0323 | 0.0679701284662499 | 999.0541542860545 | 142.04083467814792 | 225.11311331323367 | -0.1368736018855796 | -0.17254373035182952
1958 | 0.43719954988747184 | 0.017775 | -0.020990181755274694 | 1435.8401808531264 | 144.56561051455202 | 220.38794814929315 | 0.41942454988747185 | 0.4581897316427465
1959 | 0.12056457163557326 | 0.032549999999999996 | -0.026466312591385065 | 1608.9516371948275 | 149.2712211368007 | 214.55509182219998 | 0.08801457163557326 | 0.1470308842269583
1960 | 0.00336535314743695 | 0.030449999999999998 | 0.11639503690963365 | 1614.366327651135 | 153.8165298204163 | 239.52823965399477 | -0.02708464685256305 | -0.1130296837621967 | 0.061119788031217315
1961 | 0.2663771295818275 | 0.022675 | 0.020609208076323167 | 2044.3965961044005 | 157.30431963409424 | 244.46472698517934 | 0.24370212958182752 | 0.24576792150550436 | 0.06617359182997262
1962 | -0.08811460517120888 | 0.027775000000000005 | 0.05693544054008462 | 1864.2553972252979 | 161.67344711193124 | 258.383433912592 | -0.11588960517120889 | -0.14505004571129348 | 0.05968346537898994
1963 | 0.22611927099841514 | 0.031100000000000003 | 0.016841620739546127 | 2285.7994686007432 | 166.70149131711227 | 262.7350297119295 | 0.19501927099841515 | 0.20927765025886902 | 0.06361899391151482
1964 | 0.16415455878432425 | 0.03505 | 0.037280648911540815 | 2661.023871838341 | 172.54437858777706 | 272.5299621113832 | 0.12910455878432425 | 0.12687390987278344 | 0.06526777744265821
1965 | 0.12399242477876114 | 0.039025 | 0.007188550935926234 | 2990.9706741017444 | 179.27792296216506 | 274.48905762558695 | 0.08496742477876115 | 0.11680387384283492 | 0.06661794168987445
1966 | -0.0997095423563779 | 0.0484 | 0.029079409324299622 | 2692.7423569857124 | 187.95497443353386 | 282.47103728732264 | -0.1481095423563779 | -0.12878895168067753 | 0.061123719679815336
1967 | 0.23802966513133328 | 0.043324999999999995 | -0.015806209932824666 | 3333.6949185039784 | 196.09812370086672 | 278.0062407720165 | 0.19470466513133328 | 0.25383587506415795 | 0.06573283877673952
1968 | 0.10814862651601535 | 0.0526 | 0.032746196950768365 | 3694.2294451636035 | 206.4128850075323 | 287.1098878858797 | 0.05554862651601535 | 0.07540242956524698 | 0.06596627828748769
1969 | -0.08241371076449064 | 0.065625 | -0.050140493209926106 | 3389.7742881722256 | 219.95873058615163 | 272.7140565018351 | -0.14803871076449066 | -0.03227321755456453 | 0.06333387273419877
1970 | 0.03561144905496419 | 0.06684999999999999 | 0.16754737183412338 | 3510.489062543298 | 234.6629717258359 | 318.4065799309402 | -0.031238550945035803 | -0.1319359227791592 | 0.05897256666631501
1971 | 0.14221150298426474 | 0.0454 | 0.09786896619712297 | 4009.720988337403 | 245.31667064218885 | 349.56870273914296 | 0.09681150298426475 | 0.04434253678714177 | 0.05866063680987854
1972 | 0.18755362915074925 | 0.039525000000000005 | 0.02818449050444969 | 4761.7587115820115 | 255.01281204932138 | 359.42111852214714 | 0.14802862915074924 | 0.15936913864629956 | 0.06080430372818957
1973 | -0.14308047437526472 | 0.06724999999999999 | 0.036586646024150085 | 4080.444016268308 | 272.16242365963825 | 372.57113175912104 | -0.2103304743752647 | -0.1796671203994148 | 0.054960045718843054
1974 | -0.2590178575089697 | 0.07777500000000001 | 0.019886086932378574 | 3023.5361494891954 | 293.3298561597666 | 379.98011367377757 | -0.3367928575089697 | -0.2789039444413483 | 0.046417018581159875
1975 | 0.36995137106184356 | 0.0599 | 0.03605253602603384 | 4142.097493447771 | 310.90031454373667 | 393.6793604111778 | 0.31005137106184355 | 0.33389883503580975 | 0.051706756781676244
1976 | 0.23830999002106662 | 0.04970000000000001 | 0.1598456074290921 | 5129.200705777594 | 326.3520601765604 | 456.607276908399 | 0.1886099900210666 | 0.07846438259197452 | 0.05219658803895011
1977 | -0.06979704075935232 | 0.051275 | 0.012899606071070449 | 4771.197675053536 | 343.08576206211353 | 462.49733090970153 | -0.12107204075935232 | -0.08269664683042277 | 0.04926676135704655
1978 | 0.0650928391167193 | 0.06932500000000001 | -0.007775806907508648 | 5081.768477709861 | 366.87018251706957 | 458.9010409693096 | -0.004232160883280711 | 0.07286864602422795 | 0.04974189891320324
1979 | 0.18519490167516386 | 0.099375 | 0.006707203124723546 | 6022.886091275286 | 403.32790690470335 | 461.9789834652378 | 0.08581990167516386 | 0.17848769855044033 | 0.052132252828986925
1980 | 0.3173524550676301 | 0.1122 | -0.02989744251999403 | 7934.263778934181 | 448.5812980594111 | 448.16699336164055 | 0.2051524550676301 | 0.34724989758762415 | 0.05731870525758964
1981 | -0.04702390247495576 | 0.143 | 0.08199215335892354 | 7561.163732783006 | 512.7284236819069 | 484.91317021175587 | -0.19002390247495576 | -0.12901605583387932 | 0.05373099046864449
1982 | 0.20419055079559353 | 0.1101 | 0.32814549486295586 | 9105.081920035633 | 569.1798231292848 | 644.0352424164572 | 0.09409055079559353 | -0.12395494406736232 | 0.05103868869213968
1983 | 0.22337155858930619 | 0.084475 | 0.032002094451429264 | 11138.898259597305 | 617.2612886881312 | 664.6457190743178 | 0.1388965585893062 | 0.19136946413787692 | 0.05340283065456397
1984 | 0.0614614199963621 | 0.096125 | 0.13733364344102345 | 11823.510763827162 | 676.5955300632778 | 755.9239372722727 | -0.0346635800036379 | -0.07587222344466135 | 0.05121212631805139
1985 | 0.3123514948576895 | 0.074875 | 0.2571248821260641 | 15516.60202537456 | 727.2556203767657 | 950.2907905396761 | 0.23747649485768949 | 0.05522661273162538 | 0.05128436510258161
1986 | 0.18494578758046187 | 0.06035 | 0.24284215141767618 | 18386.332207530046 | 771.1454970665035 | 1181.0614505867354 | 0.12459578758046187 | -0.057896363837214304 | 0.04966356559973906
1987 | 0.05812721641821871 | 0.057225 | -0.04960508937926228 | 19455.07851889441 | 815.2742981361342 | 1122.4747917679792 | 0.000902216418218714 | 0.107732305797481 | 0.05069359043750721
1988 | 0.16537192812044688 | 0.06449999999999999 | 0.08223595843484167 | 22672.402365298665 | 867.8594903659149 | 1214.7825820879684 | 0.10087192812044689 | 0.0831359696856052 | 0.051199933578993884
1989 | 0.31475183638196724 | 0.08109999999999999 | 0.17693647159446219 | 29808.58264496728 | 938.2428950345906 | 1429.7219259170236 | 0.23365183638196724 | 0.13781536478750506 | 0.05240982169336883
1990 | -0.03064451612903212 | 0.07550000000000001 | 0.06235375333553336 | 28895.113053319994 | 1009.0802336097021 | 1518.8704542240573 | -0.10614451612903213 | -0.09299826946456548 | 0.049979953137364364
1991 | 0.3023484313487976 | 0.05610000000000001 | 0.15004510019517303 | 37631.50515863746 | 1065.6896347152065 | 1746.769523711594 | 0.24624843134879756 | 0.15230333115362454 | 0.0513850639844049
1992 | 0.07493727972380064 | 0.03405 | 0.09361637316207942 | 40451.507787137925 | 1101.976366777259 | 1910.2957512715263 | 0.04088727972380064 | -0.018679093438278782 | 0.050319857010869606
1993 | 0.0996705147919488 | 0.029825 | 0.14210957589263107 | 44483.33039239249 | 1134.8428119163907 | 2181.7670703142176 | 0.0698455147919488 | -0.04243906110068227 | 0.04897593793175847
1994 | 0.013259206774573897 | 0.039850000000000003 | -0.08036655550998592 | 45073.144068086905 | 1180.0662979712588 | 2006.4259659479505 | -0.026590793225426106 | 0.09362576228455982 | 0.0497186361717199
1995 | 0.3719519890260631 | 0.055150000000000005 | 0.23480780112538907 | 61838.18965587012 | 1245.1469543043738 | 2477.5504351330737 | 0.31680198902606305 | 0.137144187900674 | 0.05079145111941363
1996 | 0.2268096601886579 | 0.050225 | 0.01428607793401844 | 75863.6884383998 | 1307.684460084311 | 2512.944913734846 | 0.1765846601886579 | 0.21252358225463946 | 0.05304503967737495
1997 | 0.33103653103653097 | 0.050525 | 0.09939130272977531 | 100977.34069068384 | 1373.7552174300708 | 2762.7097823991153 | 0.280511531036531 | 0.23164522830675566 | 0.05531558490330357
1998 | 0.28337953278443584 | 0.047275 | 0.14921431922606215 | 129592.25231742462 | 1438.6994953340775 | 3174.945641798982 | 0.23610453278443583 | 0.13416521355837369 | 0.056306048135548625
1999 | 0.20885350992084475 | 0.0451 | -0.08254214796268576 | 156658.0490724665 | 1503.5848425736442 | 2912.878808860126 | 0.16375350992084475 | 0.2913956578835305 | 0.05963469481832018
2000 | -0.09031818955249278 | 0.057625 | 0.16655267125397488 | 142508.97770141574 | 1590.2289191269506 | 3398.0265555148762 | -0.14794318955249278 | -0.25687086080646765 | 0.055111895842923087
2001 | -0.11849759142000185 | 0.036725 | 0.055721811892492555 | 125622.00708807123 | 1648.6300761818877 | 3587.37075204697 | -0.15522259142000186 | -0.17421940331249441 | 0.051665345512908356
2002 | -0.219660479579127 | 0.016575 | 0.15116400378109285 | 98027.81676541301 | 1675.9561196946024 | 4129.65207797358 | -0.236235479579127 | -0.37082448336021984 | 0.045325449773477855
2003 | 0.2835580005001023 | 0.0103 | 0.003753185881775853 | 125824.38848080393 | 1693.2184677274568 | 4145.151429849277 | 0.27325800050010235 | 0.27980481461832646 | 0.048237796117156506
2004 | 0.10742775944096193 | 0.012275000000000001 | 0.04490683702274547 | 139341.42061832585 | 1714.0027244188113 | 4331.297069544118 | 0.09515275944096194 | 0.06252092241821647 | 0.04842299846885445
2005 | 0.048344775232688535 | 0.0301 | 0.028675329597779506 | 146077.8502787223 | 1765.5942064238177 | 4455.498440599193 | 0.018244775232688536 | 0.01966944563490903 | 0.04804218940225513
2006 | 0.15612557979315703 | 0.046775000000000004 | 0.019610012417568386 | 168884.33934842583 | 1848.1798754292918 | 4542.8708203458 | 0.10935057979315702 | 0.13651556737558865 | 0.04914903600480591
2007 | 0.054847352464217694 | 0.046425 | 0.10209921930012807 | 178147.19823435548 | 1933.9816261460965 | 5006.694384484438 | 0.008422352464217693 | -0.04725186683591037 | 0.047948712238125024
2008 | -0.3655234411179819 | 0.01585 | 0.20101279926977011 | 113030.22131020659 | 1964.635234920512 | 6013.104037797893 | -0.3813734411179819 | -0.5665362403877521 | 0.0387958688686898
2009 | 0.2593523387766398 | 0.00135 | -0.11116695313259162 | 142344.87355944986 | 1967.2874924876546 | 5344.6455830466175 | 0.2580023387766398 | 0.37051929190923144 | 0.04286850613334847
2010 | 0.14821092278719414 | 0.0013 | 0.08462933880355772 | 163441.9386237224 | 1969.8449662278888 | 5796.959404879208 | 0.14691092278719414 | 0.06358158398363642 | 0.04310851643347546
2011 | 0.0209837473362805 | 0.0003 | 0.16035334999461354 | 166871.5629679545 | 1970.435919717757 | 6726.52126523437 | 0.0206837473362805 | -0.13936960265833304 | 0.04097042900424852
2012 | 0.15890585241730293 | 0.0005 | 0.02971571978018946 | 193388.43092558492 | 1971.421137677616 | 6926.40468624756 | 0.15840585241730293 | 0.12919013263711346 | 0.041988275684727405
2013 | 0.32145085858125483 | 0.00066 | -0.09104568794347262 | 255553.30808629587 | 1972.7222756284834 | 6295.785406613258 | 0.32079085858125483 | 0.41249654652472745 | 0.04617680941872315
2014 | 0.1347735289662188 | 0.00053 | 0.10746180452004755 | 289995.12925607734 | 1973.7678184345664 | 6972.341867278899 | 0.1342435289662188 | 0.02731172444617125 | 0.045969805259763685
2015 | 0.01359949487590461 | 0.0021 | 0.012842996709792224 | 294060.8381108993 | 1977.9127308532788 | 7061.887630939909 | 0.01149949487590461 | 0.0007564981661123855 | 0.04543213214629449
2016 | 0.11740300406086394 | 0.0051 | 0.006905504698747792 | 328584.4638817743 | 1988.0000857806308 | 7110.653529157394 | 0.11230300406086394 | 0.11049749936211616 | 0.046170592023807355
2017 | 0.2160548143449928 | 0.009308333333333333 | 0.028017162707789457 | 399576.7192224 | 2006.505053245772 | 7309.873866042513 | 0.20674648101165946 | 0.18803765163720335 | 0.047680990010414925
2018 | -0.04226869289088544 | 0.019391666666666668 | -0.00016692385713402633 | 382687.1335912408 | 2045.4145304032963 | 7308.65367370163 | -0.06166035955755211 | -0.042101769033751416 | 0.04660289161989151
2019 | 0.3122364720665378 | 0.0155 | 0.09635630741548393 | 502176.0140890257 | 2077.1184556245476 | 8012.88855387813 | 0.2967364720665378 | 0.2158801646510539 | 0.04824904600278135

Sheet: Sheet9
Yes/No
Yes
No
