Source: http://www.stern.nyu.edu/~adamodar/pc/blog/AllBreakdownMarch13.xlsx

Sheet: Region
Change: March 6 to March 13 | Change: February 14 to March 13 | Percentage Change- Individual Stock (2/14-3/13) | Percentage Change- Individual Stock (3/6-3/13)
Region | Number of firms | Mkt Cap (2/14/20) | Mkt Cap (2/21/20) |  Mkt Cap (2/28/20)  |  Mkt Cap (3/6/20)  |  Mkt Cap (3/13/20)  | In US$ | % Change | In US$ | % Change | First Quartile | Median | Third Quartile | First Quartile | Median | Third Quartile
Africa | 673 | 579809.2299999995 | 571782.4900000003 | 503598.0399999995 | 509218.8800000001 | 430505.7099999996 | -78713.17000000051 | -0.1545762992919675 | -149303.5199999999 | -0.257504558870165 | -0.2391796828424944 | -0.1427906435470732 | -0.04771371769383692 | -0.1475400743246991 | -0.08573631204823823 | -0.03305785123966942
Asia w/o China | 10215 | 7324161.879999995 | 7158397.630000008 | 6664971.078999933 | 6680106.700999982 | 5808584.238999966 | -871522.4620000161 | -0.13046535048153546 | -1515577.6410000296 | -0.2069284739785176 | -0.3098516949152542 | -0.2112299465240641 | -0.1197846567967698 | -0.2146690518783542 | -0.1446934975651676 | -0.08160919540229872
Australia & NZ | 1382 | 1618970.849999999 | 1599362.689999997 | 1413901.210000002 | 1398181.630000002 | 1151663.119999996 | -246518.51000000606 | -0.17631365246874664 | -467307.730000003 | -0.2886449314390085 | -0.4360655737704918 | -0.3406565193471484 | -0.2418032786885246 | -0.2954399486191392 | -0.2195107843692749 | -0.1560134566862911
Canada | 1584 | 2279552.250000011 | 2284992.290000004 | 2044945.950000001 | 2030199.370000002 | 1651541.472000004 | -378657.89799999795 | -0.18651266648752707 | -628010.7780000072 | -0.27549742630378576 | -0.4305717619603268 | -0.3305152730638692 | -0.2231182795698925 | -0.3185840707964602 | -0.233229329173167 | -0.1499148211243613
China | 6187 | 14038596.57000001 | 14345295.24100004 | 13688069.27400002 | 14329149.98499997 | 13310885.97499997 | -1018264.0099999998 | -0.07106241550028705 | -727710.5950000398 | -0.05183642049769647 | -0.1124260355029585 | -0.02807357212003869 | 0.05053410024650784 | -0.1091833682321268 | -0.07412854831592874 | -0.03511027095148078
EU & Environs | 4830 | 13688734.86000003 | 13594663.59999996 | 12188013.26999994 | 12298490.35400002 | 9924462.374000015 | -2374027.980000006 | -0.19303409700426083 | -3764272.4860000145 | -0.2749905323244756 | -0.3603603603603602 | -0.2683769233825424 | -0.1591306704777863 | -0.2564491654021245 | -0.1901014385364234 | -0.1202614379084967
Eastern Europe & Russia | 428 | 819962.9200000006 | 820645.5899999997 | 708832.6299999987 | 684758.3999999999 | 539415.2500000002 | -145343.14999999967 | -0.21225464338955125 | -280547.6700000004 | -0.34214677658838544 | -0.3373153096510532 | -0.2377183259738634 | -0.1221910112359551 | -0.2166962699822379 | -0.1632963980355573 | -0.1043388429752066
Japan | 3830 | 6056657.619999999 | 5854120.250000006 | 5445717.269999987 | 5483526.599999974 | 4608250.509999979 | -875276.0899999943 | -0.1596191928748916 | -1448407.11000002 | -0.23914297305120247 | -0.3741007194244605 | -0.2984820156218192 | -0.2268226822682268 | -0.252801300145411 | -0.1939879759519039 | -0.1473586971397292
Latin America & Caribbean | 955 | 2384209.42 | 2344220.549999999 | 2098765.860000002 | 2008812.410000003 | 1725704.129999999 | -283108.280000004 | -0.14093315960747355 | -658505.290000001 | -0.2761943999030089 | -0.3374578986281114 | -0.2374558303886926 | -0.1422413793103449 | -0.2075471698113208 | -0.1355014168221715 | -0.06957928802588997
Middle East | 1291 | 3098369.009999997 | 3140177.190000001 | 3056752.810000003 | 2997725.170000009 | 2591598.669999999 | -406126.5000000098 | -0.1354782299806385 | -506770.339999998 | -0.1635603565502995 | -0.3158975179290304 | -0.2069716775599129 | -0.09345036589568423 | -0.2310374891020053 | -0.1382376561426595 | -0.06109481915933535
UK | 1111 | 3071405.150000001 | 3058249.470000001 | 2684650.499999999 | 2679580.619999998 | 2170195.85 | -509384.7699999977 | -0.19009869163779744 | -901209.3000000007 | -0.29341921888748557 | -0.363265306122449 | -0.2711988304093568 | -0.1878444939603613 | -0.2330327479829141 | -0.1658126380026145 | -0.1107824684054853
United States | 4987 | 35745235.23000009 | 35347184.99999995 | 31262988.91500003 | 31289390.91200001 | 28137889.80499995 | -3151501.1070000604 | -0.1007210755832069 | -7607345.425000142 | -0.21282124389589932 | -0.3699248120300752 | -0.2624113475177304 | -0.1578654808226793 | -0.243636074186102 | -0.1580935591512937 | -0.08540245566166438
Global | 38086 | 90705664.98999979 | 90119091.99100171 | 81761206.80799949 | 82389141.03199953 | 72050697.1049992 | -10338443.927000329 | -0.12548308912438993 | -18654967.885000587 | -0.20566485992972192 | -0.3332352941176471 | -0.2220618887285555 | -0.09852794302835555 | -0.2259887005649718 | -0.1478426647552704 | -0.07929515418502187

Sheet: Sector
Change: March 6 to March 13 | Change: February 14 to March 13 | Percentage Change- Individual Stock (2/14-3/13) | Percentage Change- Individual Stock (3/6-3/13)
Sector | Number of firms | Mkt Cap (2/14/20) | Mkt Cap (2/21/20) |  Mkt Cap (2/28/20)  |  Mkt Cap (3/6/20)  |  Mkt Cap (3/13/20)  | In US$ | % Change | In US$ | % Change | First Quartile | Median | Third Quartile | First Quartile | Median | Third Quartile
Communication Services | 1711 | 7385392.459999994 | 7321010.581000015 | 6707287.683999995 | 6713152.944999998 | 6034139.256999994 | -679013.6880000047 | -0.10114676271538528 | -1351253.2030000007 | -0.18296295157210937 | -0.3603603603603602 | -0.24 | -0.1268368136117557 | -0.2416775107479945 | -0.1610160446831975 | -0.0864864864864866
Consumer Discretionary | 5119 | 10171514.41999999 | 10101436.93999998 | 9150272.564999988 | 9143782.375000028 | 7935562.626000009 | -1208219.7490000194 | -0.13213566327906134 | -2235951.793999982 | -0.21982486596130532 | -0.3478100846521899 | -0.2309782608695652 | -0.102439024390244 | -0.2251561106155219 | -0.1493008570139829 | -0.0830564784053156
Consumer Staples | 2397 | 7138675.120000002 | 7119192.230000009 | 6502330.359999982 | 6801555.75 | 6118502.070000007 | -683053.6799999932 | -0.10042609442699829 | -1020173.0499999952 | -0.14290789717294136 | -0.2700325401667684 | -0.1732071733284811 | -0.07150205761316875 | -0.1771428571428572 | -0.1186440677966102 | -0.06258972150445019
Energy | 1333 | 5940190.87 | 5928233.609999991 | 5399732.979999995 | 5216807.091000007 | 4175556.039999989 | -1041251.0510000186 | -0.19959546765614092 | -1764634.8300000113 | -0.2970670250533568 | -0.4864864864864864 | -0.3425575799243726 | -0.1769041769041769 | -0.3466666666666667 | -0.2123287671232876 | -0.09713104789691218
Financials | 4126 | 14988514.44999999 | 14837578.59999997 | 13422006.97000004 | 13148085.93999999 | 11441814.11 | -1706271.8299999908 | -0.12977340107042165 | -3546700.3399999905 | -0.23662787608681213 | -0.3063973063973063 | -0.2050526177477227 | -0.09870550161812286 | -0.1959064327485379 | -0.1283994650022291 | -0.06231957887587014
Health Care | 3463 | 8980312.039999984 | 8950210.829999954 | 8151379.437999992 | 8488527.02399999 | 7575038.591999989 | -913488.4320000019 | -0.10761448121885639 | -1405273.4479999952 | -0.15648381055587438 | -0.3378839590443686 | -0.2257425742574257 | -0.09787234042553195 | -0.251375940694148 | -0.168940516098854 | -0.0920102881781465
Industrials | 6670 | 10192167.86999999 | 10140368.64000001 | 9161710.399999995 | 9170793.320000032 | 7856741.088000013 | -1314052.2320000194 | -0.143286647746633 | -2335426.7819999773 | -0.229139356002383 | -0.3256480970766684 | -0.2229725468517899 | -0.08953326617738755 | -0.2152521525215252 | -0.1421686746987951 | -0.07728406405880806
Information Technology | 4917 | 13644358.53000004 | 13463210.26000004 | 12139720.58000005 | 12240364.96999994 | 11153945.09199995 | -1086419.8779999893 | -0.0887571474104497 | -2490413.4380000904 | -0.1825233067955803 | -0.3419540229885057 | -0.2389946734105317 | -0.1208791208791209 | -0.2385734072022161 | -0.1658903337056839 | -0.09009009009008995
Materials | 4514 | 4998499.969999998 | 5000084.840000018 | 4499562.451999974 | 4588699.156999989 | 3879405.731 | -709293.4259999893 | -0.15457396567782683 | -1119094.2389999977 | -0.22388601494780008 | -0.3466666666666666 | -0.2395992563519934 | -0.09687836383207749 | -0.2423500611995104 | -0.1556588118154664 | -0.08562691131498479
Real Estate | 2376 | 4054082.589999994 | 4026462.989999995 | 3692614.519999989 | 3805872.229999996 | 3285821.419999998 | -520050.8099999977 | -0.13664431661700802 | -768261.1699999957 | -0.1895030880463629 | -0.2892531876138433 | -0.1840664592405475 | -0.08425508671309567 | -0.2111598923665203 | -0.1333333333333333 | -0.07180851063829796
Utilities | 837 | 3210657.140000001 | 3229990.990000005 | 2933384.489 | 3070264.820000002 | 2593116.449 | -477148.37100000214 | -0.15540951643383055 | -617540.691000001 | -0.19234090221168892 | -0.2741824203118532 | -0.1783837746952501 | -0.0719874804381847 | -0.1951219512195121 | -0.1230491678312794 | -0.06285714285714294

Sheet: Industry
Change: March 6 to March 13 | Change: February 14 to March 13 | Percentage Change- Individual Stock (2/14-3/13) | Percentage Change- Individual Stock (3/6-3/13)
Industry | Number of firms | Mkt Cap (2/14/20) | Mkt Cap (2/21/20) |  Mkt Cap (2/28/20)  |  Mkt Cap (3/6/20)  |  Mkt Cap (3/13/20)  | In US$ | % Change | In US$ | % Change | First Quartile | Median | Third Quartile | First Quartile | Median | Third Quartile
Advertising | 256 | 173523.1600000002 | 173208.7900000001 | 152974.6999999998 | 151331.85 | 127824.08 | -23507.770000000004 | -0.15533920982265137 | -45699.080000000205 | -0.26336011861471487 | -0.3967551622418879 | -0.2732974455334924 | -0.1387784090909091 | -0.2610068117627512 | -0.1774446780341297 | -0.08689248895434465
Aerospace/Defense | 213 | 1280933.23 | 1266918.02 | 1106168.009999999 | 1086915.85 | 879816.8299999998 | -207099.02000000025 | -0.190538227959414 | -401116.40000000014 | -0.3131438787016246 | -0.3574007220216606 | -0.2782682996297351 | -0.1446214426346878 | -0.2366824791974493 | -0.1690732475715411 | -0.07793345008756569
Air Transport | 153 | 559979.3500000006 | 550319.4299999997 | 466346.1599999996 | 457726.49 | 383258.4099999998 | -74468.08000000019 | -0.16269121763086117 | -176720.94000000076 | -0.31558474433030537 | -0.4446096419081361 | -0.3233159446586527 | -0.1893203883495147 | -0.246709792549632 | -0.1807672096689438 | -0.1067044381491975
Apparel | 862 | 1067457.620000004 | 1053067.560000002 | 961735.6700000004 | 964031.3400000021 | 800303.9799999987 | -163727.36000000336 | -0.16983613831475958 | -267153.64000000537 | -0.2502709568928876 | -0.3015783540022547 | -0.1899763334102979 | -0.0688199669664159 | -0.198393293747817 | -0.1288180610889775 | -0.0738255033557047
Auto & Truck | 129 | 1200066.180000001 | 1221283.529999999 | 1095497.369999999 | 1098854.75 | 924784.0899999994 | -174070.66000000061 | -0.15841098197919298 | -275282.0900000017 | -0.22938909085830705 | -0.3229013854930725 | -0.2029732220935454 | -0.03279876823403549 | -0.2044762493098113 | -0.138593739709889 | -0.06930693069306937
Auto Parts | 645 | 531158.8299999993 | 532285.2299999996 | 488703.4100000003 | 479205.1299999998 | 425923.2399999998 | -53281.889999999956 | -0.11118806261527288 | -105235.58999999944 | -0.1981245233181939 | -0.3499719573752104 | -0.2572614107883818 | -0.1194029850746269 | -0.217877094972067 | -0.1505851755526657 | -0.08920850613253328
Bank (Money Center) | 616 | 6837800.060000006 | 6729934.359999998 | 6182036.630000003 | 5974493.750000007 | 5217762.119999996 | -756731.6300000111 | -0.12666037687293757 | -1620037.9400000097 | -0.2369238535471317 | -0.3209419881483 | -0.2083373407360556 | -0.1027898467871027 | -0.2029782840179406 | -0.1324553970591791 | -0.07005033557046991
Banks (Regional) | 798 | 1015677.78 | 1004547.09 | 893833.8600000001 | 852123.4299999987 | 750469.5399999985 | -101653.89000000013 | -0.11929479512140664 | -265208.2400000015 | -0.26111454363016734 | -0.2981786246133873 | -0.2247161901172923 | -0.1165871754107048 | -0.1811680572109654 | -0.1296909492273731 | -0.07129714811407539
Beverage (Alcoholic) | 195 | 1145638.610000001 | 1150440.99 | 1032274.310000001 | 1073821.459999998 | 971025.4199999997 | -102796.03999999841 | -0.09572917270623237 | -174613.19000000134 | -0.15241559465248922 | -0.2589256061109267 | -0.163075780089153 | -0.04638218923933213 | -0.1689947904688578 | -0.1054617593444231 | -0.05828977384775313
Beverage (Soft) | 72 | 702145.3299999998 | 699985.0900000001 | 630380.8099999997 | 648932.5 | 576615.2099999998 | -72317.29000000015 | -0.11144038863826385 | -125530.12 | -0.1787808230526863 | -0.2544463568559955 | -0.1905737164734913 | -0.1130434782608696 | -0.1795454545454546 | -0.125505176327299 | -0.06542056074766356
Broadcasting | 123 | 164792.04 | 156502.67 | 139893.2699999998 | 133210.15 | 113381.312 | -19828.83799999999 | -0.14885380731122957 | -51410.728 | -0.31197336958751165 | -0.3450403417180825 | -0.2426961197123794 | -0.1218568665377177 | -0.2109275730622617 | -0.1461187214611872 | -0.07396449704142005
Brokerage & Investment Banking | 394 | 838338.7099999996 | 866962.7299999988 | 782531.0300000006 | 790873.5900000002 | 730417.3899999991 | -60456.20000000112 | -0.07644230476832727 | -107921.32000000053 | -0.12873235926323928 | -0.2955759485002055 | -0.1689587134018354 | -0.06851821054382157 | -0.1875352192043277 | -0.1137884872824632 | -0.05593344495604857
Building Materials | 372 | 406986.8600000002 | 407750.7799999998 | 371368.0299999999 | 379065.2299999997 | 319744.6500000001 | -59320.57999999961 | -0.15649174681623967 | -87242.21000000014 | -0.21436124497975215 | -0.3037974683544304 | -0.2304084231829443 | -0.1138865368331923 | -0.2072434607645876 | -0.1494252873563218 | -0.08614232209737827
Business & Consumer Services | 725 | 914315.1500000012 | 901739.5700000012 | 814248.310000002 | 821622.1900000008 | 686473.8400000005 | -135148.3500000002 | -0.16448965430205834 | -227841.31000000064 | -0.24919340995279401 | -0.3730444010817842 | -0.2635342185903985 | -0.1473214285714287 | -0.2496325845055637 | -0.172168468981218 | -0.09870678279229339
Cable TV | 59 | 568821.3699999999 | 570261.43 | 509318.5199999998 | 507460.6599999999 | 463641.2 | -43819.459999999905 | -0.08635045719603153 | -105180.16999999987 | -0.18490896359959172 | -0.3260538014732127 | -0.2260514050832815 | -0.1148078725398313 | -0.2127280818869604 | -0.1397589035063576 | -0.08352886744439669
Chemical (Basic) | 710 | 715240.01 | 721210.8299999997 | 664410.7899999997 | 678092.9500000001 | 570706.6600000003 | -107386.2899999998 | -0.15836514743295854 | -144533.34999999974 | -0.20207671268278146 | -0.2914847161572052 | -0.1712909583641292 | -0.03485254691688999 | -0.1903039073806078 | -0.1234708548985455 | -0.07169554875976902
Chemical (Diversified) | 71 | 211957.6399999999 | 206367.26 | 188075.78 | 188128.89 | 149503.7 | -38625.19 | -0.2053123791885446 | -62453.939999999886 | -0.29465293159519945 | -0.3281575215044852 | -0.2620586772749876 | -0.1587497910747118 | -0.2130681818181819 | -0.1661086179089825 | -0.1089840980451736
Chemical (Specialty) | 716 | 1328801.599999999 | 1322064.500000001 | 1189188.099999999 | 1216123.590000002 | 1068693.45 | -147430.140000002 | -0.12122957009657362 | -260108.14999999898 | -0.19574641541671772 | -0.303560466543892 | -0.1945162401998793 | -0.06269243367179822 | -0.1948351783461824 | -0.1255058046812049 | -0.07605633802816913
Coal & Related Energy | 185 | 170806.2100000001 | 167581.5799999999 | 163674.3999999998 | 166875.15 | 150153.01 | -16722.139999999985 | -0.10020749045019577 | -20653.2000000001 | -0.12091597840617203 | -0.3646686188967908 | -0.2228915662650602 | -0.0639141590856076 | -0.2456140350877193 | -0.1394628273132946 | -0.06981541802388713
Computer Services | 805 | 1121003.669999999 | 1117361.700000003 | 1002264.630000001 | 1008611.46 | 873532.5500000002 | -135078.9099999998 | -0.13392561492410546 | -247471.11999999883 | -0.2207585279359514 | -0.3393501805054151 | -0.2472527472527473 | -0.1180616740088106 | -0.2388663967611335 | -0.1652262328418912 | -0.08333333333333326
Computers/Peripherals | 302 | 2220750.279999997 | 2143440.180000002 | 1903620.03 | 1992605.620000001 | 1844196.77 | -148408.85000000102 | -0.0744797909382595 | -376553.509999997 | -0.16956139255783298 | -0.3201583895678495 | -0.2205679247926661 | -0.1042780748663101 | -0.2276923076923076 | -0.1625 | -0.08467741935483875
Construction Supplies | 673 | 1046508.3 | 1040170.249999999 | 971188.6899999995 | 978774.2799999998 | 846551.6499999992 | -132222.6300000006 | -0.13509001278619684 | -199956.65000000084 | -0.1910702953813179 | -0.3295750216825672 | -0.2297198981447799 | -0.06243930860361235 | -0.2205882352941176 | -0.1410256410256409 | -0.07920792079207928
Diversified | 292 | 1724276.809999999 | 1708085.399999999 | 1550166.779999999 | 1540339.78 | 1364130.869999999 | -176208.91000000108 | -0.11439613018369303 | -360145.93999999994 | -0.20886782093879705 | -0.2944596037489619 | -0.2143127431870358 | -0.123614663256607 | -0.2083471872575563 | -0.1342722768758897 | -0.08531978637488602
Drugs (Biotechnology) | 922 | 1413205.299999999 | 1420382.14 | 1321654.768000003 | 1380022.964 | 1227737.792 | -152285.17200000002 | -0.11034973762943848 | -185467.50799999922 | -0.13123889925971785 | -0.3716032608695652 | -0.2587973386810689 | -0.1267605633802816 | -0.2777777777777777 | -0.2029485543855133 | -0.1205811623246492
Drugs (Pharmaceutical) | 1078 | 3629255.25 | 3614674.290000001 | 3306529.329999994 | 3454094.279999998 | 3068961.219999996 | -385133.0600000019 | -0.11150044810010286 | -560294.030000004 | -0.154382646412099 | -0.3244735933724543 | -0.2043011509791773 | -0.08303886925795045 | -0.2357637040979245 | -0.1487712817218118 | -0.08421450151057397
Education | 187 | 192688.1400000001 | 195893.4599999999 | 185438.79 | 186570.56 | 168959.43 | -17611.130000000005 | -0.09439393867928576 | -23728.71000000011 | -0.12314566947400134 | -0.303030303030303 | -0.1830708661417323 | -0.07187500000000002 | -0.2069672131147542 | -0.1251707062360852 | -0.06689536878216118
Electrical Equipment | 778 | 899994.0499999998 | 927821.0199999999 | 836267.4600000007 | 867090.9999999987 | 755079.1000000002 | -112011.89999999851 | -0.12918125087216759 | -144914.9499999996 | -0.16101767561685507 | -0.3083570607922475 | -0.1809184711122901 | -0.0177514792899407 | -0.2067039106145251 | -0.126931833107132 | -0.06490384615384626
Electronics (Consumer & Office) | 124 | 216541.65 | 218059.4199999999 | 199854.5599999999 | 205222.6899999999 | 173695.5999999999 | -31527.089999999997 | -0.15362380251423471 | -42846.050000000105 | -0.19786516820205308 | -0.3234292788610338 | -0.217941356908024 | -0.09965635738831613 | -0.2203389830508474 | -0.1618013527945888 | -0.1055276381909547
Electronics (General) | 1229 | 1466487.35 | 1501792.109999999 | 1378956.990000001 | 1407169.710000002 | 1245397.849999997 | -161771.860000005 | -0.11496257974456027 | -221089.50000000303 | -0.15076127318793647 | -0.3214285714285714 | -0.2054794520547946 | -0.08750000000000002 | -0.2299065420560747 | -0.152931854199683 | -0.08708578058153871
Engineering/Construction | 1036 | 741244.6099999979 | 734333.5600000012 | 682821.9399999995 | 695421.9400000009 | 594896.8799999993 | -100525.06000000157 | -0.1445526150641745 | -146347.72999999858 | -0.1974351354811187 | -0.3200000000000001 | -0.2169164736340101 | -0.08587786259541985 | -0.214824120603015 | -0.1402214022140221 | -0.07262323943661975
Entertainment | 515 | 1114294.480000001 | 1108706.069999997 | 1009463.38 | 1018946.749999999 | 905696.2300000004 | -113250.5199999985 | -0.1111446893569253 | -208598.25000000047 | -0.18720208503590569 | -0.377431906614786 | -0.2517482517482519 | -0.1251448435689456 | -0.2639649507119386 | -0.1749706916764361 | -0.0932166301969366
Environmental & Waste Services | 247 | 272507.0899999994 | 274070.3399999998 | 252085.2 | 265032.3800000001 | 235014.6400000001 | -30017.74000000002 | -0.11326065139663315 | -37492.449999999284 | -0.13758339278438358 | -0.3068493150684931 | -0.1873727087576375 | -0.04436229205175601 | -0.2207792207792207 | -0.1305285868392665 | -0.0736842105263158
Farming/Agriculture | 329 | 317535.8399999997 | 315169.5699999998 | 293967.15 | 304412.59 | 266250.9300000003 | -38161.65999999974 | -0.1253616350099046 | -51284.90999999939 | -0.16150904414443246 | -0.288354898336414 | -0.1916338934572757 | -0.086160205245154 | -0.1876804619826756 | -0.1256830601092896 | -0.06258972150445019
Financial Svcs. (Non-bank & Insurance) | 826 | 1656114.410000001 | 1640707.52 | 1468183.049999996 | 1458786.799999999 | 1262062.85 | -196723.94999999902 | -0.1348544900461117 | -394051.560000001 | -0.23793740192140514 | -0.3065774804905239 | -0.1929376448283125 | -0.1038011695906432 | -0.1951456310679611 | -0.1293532338308458 | -0.06132879045996587
Food Processing | 1065 | 1796803.129999996 | 1799996.949999994 | 1673255.650000003 | 1740343.56 | 1562318.069999999 | -178025.49000000115 | -0.10229330236381669 | -234485.05999999703 | -0.1305012530782922 | -0.2632174988989787 | -0.1607431340872374 | -0.06829765545361866 | -0.1682515206031011 | -0.1124703779637132 | -0.06217616580310881
Food Wholesalers | 118 | 92955.90999999996 | 90873.34000000003 | 79810.46999999991 | 79749.56999999999 | 60117.62999999999 | -19631.940000000002 | -0.2461698539565794 | -32838.27999999997 | -0.35326726401796277 | -0.311960542540074 | -0.2271677197649928 | -0.1162790697674418 | -0.1980830670926518 | -0.1441543700340523 | -0.0773601398601399
Furn/Home Furnishings | 293 | 324093.1500000001 | 323215.0999999996 | 302820.7500000001 | 312821.6400000004 | 279484.1400000001 | -33337.50000000035 | -0.1065703127187758 | -44609.01000000001 | -0.13764255739437875 | -0.2867839137451956 | -0.1739631336405529 | -0.05517241379310345 | -0.1861702127659575 | -0.123088075389634 | -0.08065415383409591
Green & Renewable Energy | 181 | 232238.4300000001 | 234478.5200000001 | 217393.1700000001 | 225803.5 | 198670.03 | -27133.47 | -0.12016408071619794 | -33568.40000000011 | -0.1445428304006365 | -0.3029336734693878 | -0.1717747683535282 | -0.07095553453169345 | -0.2103004291845494 | -0.1294041810770752 | -0.06269829279347339
Healthcare Products | 637 | 1833181.83 | 1817239.259999998 | 1652727.399999999 | 1689719.429999998 | 1509728.06 | -179991.36999999802 | -0.10652145368299293 | -323453.77 | -0.17644391009483223 | -0.3288201160541585 | -0.2236421725239617 | -0.096551724137931 | -0.2528147389969294 | -0.1767676767676768 | -0.09900990099009899
Healthcare Support Services | 322 | 1080544.74 | 1078151.349999999 | 940923.7500000002 | 1000869.679999999 | 923313.0900000001 | -77556.58999999892 | -0.07748919919324461 | -157231.6499999999 | -0.1455114667440794 | -0.3112633181126332 | -0.1985729174903832 | -0.09430834407809907 | -0.2103746397694526 | -0.1404494382022472 | -0.08004327629605501
Heathcare Information and Technology | 320 | 772584.0899999997 | 768629.5099999992 | 701971.3500000003 | 732558.8200000005 | 651098.0900000009 | -81460.72999999963 | -0.11120025829461663 | -121485.99999999884 | -0.15724631347249057 | -0.3387909319899245 | -0.2476620691751877 | -0.1121692229900556 | -0.2489270386266095 | -0.1649669188873049 | -0.08202914193200228
Homebuilding | 148 | 247441.3900000001 | 246851.3599999999 | 215664.1200000001 | 215895.37 | 162598.5999999999 | -53296.770000000106 | -0.24686388596476203 | -84842.79000000021 | -0.3428803483523924 | -0.3897154895625488 | -0.3325888960905951 | -0.2370473537604457 | -0.2775800711743772 | -0.2300826958366102 | -0.1632047477744808
Hospitals/Healthcare Facilities | 184 | 251540.8299999998 | 251134.2799999999 | 227572.84 | 231261.8499999999 | 194200.3399999999 | -37061.50999999998 | -0.16025777706093763 | -57340.4899999999 | -0.22795698813588214 | -0.3206310182339684 | -0.2139448785233194 | -0.1059829059829059 | -0.2206095791001451 | -0.1493775933609959 | -0.07825645488830857
Hotel/Gaming | 545 | 715874.0500000002 | 703044.3999999998 | 612508.6600000003 | 588743.729999999 | 477395.8500000002 | -111347.87999999884 | -0.18912792498019304 | -238478.19999999995 | -0.3331287116777035 | -0.3736263736263736 | -0.2211466865227104 | -0.1158106747230615 | -0.2369417108251324 | -0.1461025458275124 | -0.07482269503546113
Household Products | 433 | 1463867.930000001 | 1449376.040000001 | 1318392.889999999 | 1392489.060000002 | 1250605.239999999 | -141883.82000000286 | -0.10189223317848017 | -213262.69000000204 | -0.1456843787813576 | -0.3040596785554205 | -0.1962421711899791 | -0.0773353751914242 | -0.2149665670792432 | -0.1384375109984867 | -0.06396063960639609
Information Services | 186 | 1686760.999999999 | 1671592.28 | 1473503.679999999 | 1466176.440000002 | 1359222.459999998 | -106953.98000000394 | -0.07294755056901868 | -327538.54000000097 | -0.19418194990280255 | -0.3543147208121827 | -0.2441602598567505 | -0.1498158002455997 | -0.2463414634146341 | -0.148794706011971 | -0.07359307359307354
Insurance (General) | 195 | 832541.7599999993 | 822167.5900000003 | 729281.58 | 725066.0899999992 | 591556.2800000004 | -133509.80999999878 | -0.18413467660582353 | -240985.47999999893 | -0.28945752823257676 | -0.3052995706746152 | -0.2103002269568155 | -0.1089494163424125 | -0.2141203703703703 | -0.1377826106655793 | -0.06882431687534463
Insurance (Life) | 131 | 1208542.07 | 1187334.460000001 | 1074576.510000001 | 1059732.34 | 908007.7599999997 | -151724.58000000042 | -0.14317254864563292 | -300534.3100000004 | -0.2486750916333433 | -0.3177198631515395 | -0.2002501824246846 | -0.1089852422619826 | -0.1850421240674319 | -0.1245501537440804 | -0.0714285714285714
Insurance (Prop/Cas.) | 202 | 655389.61 | 648083.9300000002 | 581602.9999999999 | 591361.1 | 510713.0299999999 | -80648.07000000007 | -0.13637702919586708 | -144676.58000000007 | -0.22074896793069404 | -0.2595836851474392 | -0.1815835899748879 | -0.1239669421487603 | -0.1608416130917593 | -0.1142857142857142 | -0.06024270442068769
Investments & Asset Management | 788 | 886973.450000001 | 884743.7699999983 | 771888.7800000008 | 754529.2400000013 | 650193.0500000002 | -104336.19000000111 | -0.13827984983060554 | -236780.40000000084 | -0.2669531991064677 | -0.3186708104231413 | -0.2011353540362404 | -0.0557029177718833 | -0.2121212121212122 | -0.1272727272727272 | -0.03562653562653573
Machinery | 1180 | 1220839.949999996 | 1211558.989999994 | 1105721.550000002 | 1099644.300000003 | 952614.93 | -147029.37000000302 | -0.133706299391542 | -268225.01999999594 | -0.21970531026609738 | -0.3165973776782859 | -0.219444054314588 | -0.06313131313131315 | -0.2083333333333334 | -0.1453037569944045 | -0.08333333333333337
Metals & Mining | 916 | 847591.7199999988 | 839584.1299999998 | 734524.5200000005 | 737508.2769999985 | 608924.5570000012 | -128583.7199999973 | -0.17434885005364836 | -238667.1629999976 | -0.28158269762238586 | -0.4065420560747663 | -0.3187136085398626 | -0.1899834437086093 | -0.2873754152823921 | -0.2075471698113207 | -0.1181471801492584
Office Equipment & Services | 119 | 46281.42000000001 | 45189.64999999999 | 41346.89000000006 | 41409.61999999997 | 35245.84799999998 | -6163.77199999999 | -0.14884879407248833 | -11035.57200000003 | -0.23844497424668532 | -0.3387764232188792 | -0.2514839112777257 | -0.1327800829875517 | -0.2294946147473074 | -0.1672661849119954 | -0.09528688524590156
Oil/Gas (Integrated) | 50 | 3679306.800000001 | 3687197.9 | 3430787.770000002 | 3357605.24 | 2749675.660000001 | -607929.5799999991 | -0.18106046915747578 | -929631.1400000001 | -0.25266475195816773 | -0.4720012548457211 | -0.3728143478663614 | -0.2146594751247787 | -0.3376570322818442 | -0.23733438786802 | -0.1248422996451882
Oil/Gas (Production and Exploration) | 482 | 692799.4699999994 | 691303.2399999985 | 586469.2399999993 | 538477.8600000007 | 375733.1200000003 | -162744.7400000004 | -0.3022310703730701 | -317066.3499999991 | -0.4576596312927309 | -0.5663936240867833 | -0.4229787909000272 | -0.2743362831858408 | -0.4158037599276164 | -0.2810507519970931 | -0.1650943396226415
Oil/Gas Distribution | 189 | 653803.3699999991 | 649329.1600000003 | 579850.7999999992 | 554324.5500000003 | 425010.1100000002 | -129314.44000000006 | -0.23328290258838436 | -228793.25999999885 | -0.34994200167551776 | -0.4043126684636118 | -0.2633502330437778 | -0.1180124223602486 | -0.2700964630225081 | -0.15 | -0.06091533474549082
Oilfield Svcs/Equip. | 427 | 743475.0199999992 | 732821.7299999995 | 638950.77 | 599524.2910000002 | 474984.1400000002 | -124540.15100000001 | -0.20773161800044557 | -268490.879999999 | -0.36112965839793687 | -0.4530706836616454 | -0.3224967490247075 | -0.1677852348993288 | -0.3208376147114057 | -0.1962025316455696 | -0.09652814308258806
Packaging & Container | 338 | 281221.5399999999 | 280543.56 | 251897.8799999999 | 256144.7900000001 | 221652.41 | -34492.38000000009 | -0.13465969774360853 | -59569.12999999992 | -0.21182278569415391 | -0.2784615384615385 | -0.1845717545979326 | -0.08812260536398475 | -0.1833568406205924 | -0.123498466213698 | -0.06761565836298944
Paper/Forest Products | 245 | 171538.69 | 173757.7500000001 | 158023 | 161288.26 | 139702.0000000002 | -21586.259999999806 | -0.13383652350146133 | -31836.6899999998 | -0.18559480662933708 | -0.3052531945101751 | -0.2148997134670487 | -0.06869838485712199 | -0.2055686132706563 | -0.1408578660202893 | -0.07128747385544976
Power | 514 | 2209280.129999998 | 2220618.590000004 | 2014191.600000003 | 2100041.979999997 | 1766932.690000002 | -333109.28999999515 | -0.1586203005332282 | -442347.439999996 | -0.200222431729378 | -0.2747893713545042 | -0.188813005788568 | -0.07937096654550846 | -0.1929123349055933 | -0.1206616446129998 | -0.06452568255437308
Precious Metals | 525 | 420361.88 | 451148.4100000002 | 386988.9500000004 | 421275.01 | 315606.84 | -105668.16999999998 | -0.25082942850087403 | -104755.03999999998 | -0.2492020446763631 | -0.4123711340206185 | -0.3156108597285068 | -0.1703703703703703 | -0.341008089607965 | -0.261233657036375 | -0.1577287066246057
Publishing & Newspapers | 288 | 148073.8199999999 | 148159.25 | 136325.4000000002 | 137333.1000000001 | 119830.6400000001 | -17502.459999999992 | -0.12744531362067835 | -28243.17999999979 | -0.1907371606945766 | -0.3125 | -0.1971971020056787 | -0.09127516778523481 | -0.2063349230630792 | -0.127869816088537 | -0.06832298136645976
R.E.I.T. | 760 | 2213390.110000001 | 2208493.949999997 | 1968350.939999999 | 2039975.18 | 1737175.640000002 | -302799.53999999794 | -0.14843295299308393 | -476214.4699999988 | -0.2151516209675296 | -0.3138686131386862 | -0.232815958484239 | -0.1497975708502024 | -0.2423928746965343 | -0.1739330573793891 | -0.110655737704918
Real Estate (Development) | 732 | 810712.6399999995 | 791633.0200000001 | 768015.59 | 793890.8799999993 | 719648.2900000002 | -74242.58999999915 | -0.09351737357154073 | -91064.3499999994 | -0.11232629850201847 | -0.2516789254876879 | -0.145925502447302 | -0.04931506849315059 | -0.1731219600072059 | -0.1063034802962281 | -0.0522704339051463
Real Estate (General/Diversified) | 339 | 497666.3500000002 | 492712.9000000006 | 466337.3399999997 | 471579.1899999994 | 410094.7700000006 | -61484.41999999882 | -0.130379841400548 | -87571.57999999961 | -0.1759644388253286 | -0.2876984126984127 | -0.1649048625792812 | -0.06399547066139477 | -0.1972746980489315 | -0.1194004221286606 | -0.06571428571428561
Real Estate (Operations & Services) | 587 | 621604.0900000003 | 623064.9200000012 | 568736.8499999999 | 580295.5800000003 | 478921.2199999996 | -101374.36000000068 | -0.1746943514544788 | -142682.8700000007 | -0.2295397863292705 | -0.295423410035526 | -0.1786833855799372 | -0.06801470588235281 | -0.2172535211267606 | -0.1341990446847666 | -0.06918882072256294
Recreation | 272 | 261265.6299999998 | 252490.7299999999 | 230043.8000000001 | 230318.8200000001 | 197561.9300000002 | -32756.889999999898 | -0.14222411351360642 | -63703.699999999604 | -0.24382732623498793 | -0.3551115339887937 | -0.2360730366316287 | -0.1274074074074074 | -0.231939163498099 | -0.1609756097560975 | -0.08771929824561409
Reinsurance | 32 | 180549.74 | 174152.7 | 151586.27 | 149572.67 | 114566.61 | -35006.06000000001 | -0.23404048346532833 | -65983.12999999999 | -0.3654567987746756 | -0.3320987654320987 | -0.235831567470367 | -0.1202749140893471 | -0.2235023041474653 | -0.1619420843869099 | -0.09533923303834801
Restaurant/Dining | 326 | 676732.0799999998 | 674733.7099999994 | 595562.5199999992 | 586755.1399999998 | 504393.4600000003 | -82361.67999999947 | -0.14036805881240255 | -172338.61999999953 | -0.2546629975041224 | -0.3882725832012678 | -0.2781723826758541 | -0.1733966745843232 | -0.2447916666666666 | -0.1772793878853888 | -0.1067738231917337
Retail (Automotive) | 173 | 194737.7899999999 | 196604.5100000001 | 182693.17 | 179916.5700000001 | 159307.5500000001 | -20609.01999999999 | -0.11454764839058447 | -35430.23999999979 | -0.18193818467386225 | -0.3261231281198004 | -0.2184873949579833 | -0.1002949852507374 | -0.231638418079096 | -0.1530136314420826 | -0.07307932542161144
Retail (Building Supply) | 85 | 453492.9999999998 | 450970.46 | 396934.395 | 406895.7149999999 | 361695.916 | -45199.79899999988 | -0.11108448020889061 | -91797.0839999998 | -0.2024222733316718 | -0.3691255205234979 | -0.2698744769874477 | -0.2141280353200882 | -0.2349206349206349 | -0.1858859504487756 | -0.1400966183574879
Retail (Distributors) | 756 | 606171.0699999993 | 603274.2500000008 | 553702.41 | 552668.5200000006 | 468305.66 | -84362.86000000063 | -0.15264640005188015 | -137865.40999999928 | -0.22743647267758826 | -0.3098705501618123 | -0.2073795910592177 | -0.09044368600682606 | -0.1989528795811518 | -0.1329479768786127 | -0.06956521739130439
Retail (General) | 208 | 1062967.170000001 | 1064086.15 | 958942.4700000004 | 1003811.250000001 | 932738.1800000003 | -71073.07000000076 | -0.0708032212231141 | -130228.9900000008 | -0.12251459280722722 | -0.3135313531353136 | -0.1942220710593925 | -0.01354019746121304 | -0.1833193831661678 | -0.1140625 | -0.05522827687776144
Retail (Grocery and Food) | 156 | 480129.8599999998 | 477262.8999999999 | 441317.0199999995 | 462319.9399999999 | 405956.71 | -56363.229999999865 | -0.12191390663357475 | -74173.14999999979 | -0.15448560104135123 | -0.2428008487420431 | -0.1762287844441415 | -0.07680872150644202 | -0.1611598111935266 | -0.1212070697313593 | -0.08351637671299439
Retail (Online) | 255 | 2458564.399999998 | 2409506.610000002 | 2216281.320000001 | 2227245.370000002 | 2043691.89 | -183553.48000000208 | -0.08241277879500179 | -414872.50999999815 | -0.16874583801831608 | -0.413527397260274 | -0.279385171790235 | -0.1338367844092571 | -0.2690216128282593 | -0.1805128205128205 | -0.1163722160256657
Retail (Special Lines) | 432 | 816800.3700000008 | 809199.6799999996 | 734479.4900000002 | 736832.4500000005 | 626133.4500000001 | -110699.00000000047 | -0.15023632577528362 | -190666.92000000074 | -0.23343148093823776 | -0.3893736668605779 | -0.2693102092268566 | -0.1522309711286091 | -0.2522796352583586 | -0.1677658618732479 | -0.09715994020926755
Rubber& Tires | 81 | 106569.14 | 107643.33 | 99184.56999999999 | 98758.53999999996 | 85219.61999999997 | -13538.919999999998 | -0.13709113156188824 | -21349.520000000033 | -0.20033491872037285 | -0.2940671046635273 | -0.1907670013456164 | -0.07219570405727915 | -0.1984493695669199 | -0.1199002154439278 | -0.06509374341689478
Semiconductor | 511 | 2074343.550000001 | 2040410.37 | 1847929.080000001 | 1850344.959999999 | 1683751.970000002 | -166592.98999999696 | -0.09003347678478128 | -390591.5799999989 | -0.18829647576940606 | -0.3056195922277776 | -0.209351229410631 | -0.1232050860462567 | -0.2248062015503877 | -0.1640684126435385 | -0.093093093093093
Semiconductor Equip | 287 | 527910.1399999998 | 510521.2299999997 | 458535.2299999998 | 467615.4999999997 | 400446.9299999998 | -67168.56999999989 | -0.1436405978843728 | -127463.20999999996 | -0.24144868670262712 | -0.37055417700579 | -0.2958351600175362 | -0.2047244094488189 | -0.2585758220960492 | -0.2118691481518099 | -0.1517615176151761
Shipbuilding & Marine | 314 | 275831.2199999999 | 277129.7400000003 | 255886.13 | 258426.5199999998 | 233478.37 | -24948.14999999979 | -0.09653866019632897 | -42352.84999999992 | -0.15354625194348898 | -0.3053533546857452 | -0.2067359552051026 | -0.1023711810305519 | -0.1983894582723279 | -0.1381002243344528 | -0.0701457133175194
Shoe | 66 | 258810.7200000001 | 254242.6300000001 | 226833.62 | 225533.86 | 191768.56 | -33765.29999999999 | -0.14971277483567208 | -67042.16000000009 | -0.259039347365519 | -0.3112852476444413 | -0.2122638958195318 | -0.06697753285290386 | -0.1996983998436147 | -0.1498829039812646 | -0.0721476510067115
Software (Entertainment) | 235 | 2574622.770000001 | 2514537.470999997 | 2305104.314000004 | 2251550.854999998 | 2082037.785 | -169513.0699999982 | -0.07528724906371184 | -492584.98500000103 | -0.1913231680926992 | -0.4096969696969697 | -0.28184165232358 | -0.1807343824511205 | -0.2637362637362637 | -0.1806451612903226 | -0.1046931407942238
Software (Internet) | 107 | 226199.16 | 221818.59 | 201872.8700000001 | 203875.8999999999 | 176396.2100000002 | -27479.68999999971 | -0.1347863577794125 | -49802.94999999981 | -0.22017301036838424 | -0.3756220062316887 | -0.2718154463390171 | -0.1465346534653466 | -0.2551440329218106 | -0.1700244144279331 | -0.0935960591133006
Software (System & Application) | 1084 | 3766582.890000001 | 3692949.989999996 | 3360033.82 | 3322144.450000004 | 3085053.312000001 | -237091.13800000306 | -0.07136689616250816 | -681529.5780000002 | -0.18094108052405028 | -0.3805601317957167 | -0.2742157873612533 | -0.1528662420382165 | -0.2638680659670165 | -0.1777234995571546 | -0.09999999999999998
Steel | 599 | 540437.5399999993 | 531847.8999999998 | 480000.9619999991 | 477511.5099999998 | 417925.1840000007 | -59586.32599999907 | -0.12478510936835659 | -122512.35599999863 | -0.2266910548071823 | -0.3466666666666666 | -0.2488855869242199 | -0.1011505273250239 | -0.2247787610619469 | -0.1459340747904578 | -0.07692307692307698
Telecom (Wireless) | 94 | 1084928.57 | 1089666.97 | 1008748.94 | 1022052.15 | 897813.9399999998 | -124238.2100000002 | -0.1215576034941076 | -187114.63000000024 | -0.1724672344097273 | -0.2902030456852792 | -0.1902011535437484 | -0.09990749306197966 | -0.2079865332460488 | -0.1327634251767709 | -0.05256273597982142
Telecom. Equipment | 406 | 554320.4899999987 | 563323.8100000003 | 513004.2499999994 | 521820.9300000005 | 485947.0399999999 | -35873.890000000596 | -0.068747510760062 | -68373.44999999879 | -0.1233464236546604 | -0.3129496402877697 | -0.2090076401551273 | -0.02305825242718451 | -0.2103004291845494 | -0.1428666224286662 | -0.04865821291654382
Telecom. Services | 251 | 1592483.100000001 | 1595774.96 | 1478660.67 | 1524354.049999999 | 1351409.510000002 | -172944.539999997 | -0.11345431200841899 | -241073.58999999892 | -0.15138219677182055 | -0.2996150978990128 | -0.2061855670103093 | -0.1073223746773536 | -0.2188552188552189 | -0.1553565212377646 | -0.09039548022598876
Tobacco | 42 | 486169.06 | 485766.3000000002 | 441989.3300000001 | 455836.9700000002 | 406568.45 | -49268.52000000019 | -0.10808364227236807 | -79600.60999999999 | -0.16373030813602163 | -0.2190876350540216 | -0.1397551243607599 | -0.1046370478271424 | -0.1435469351010722 | -0.06558568301538753 | -0.01758612382558422
Transportation | 239 | 547075.3800000007 | 545859.0299999993 | 496859.7299999998 | 496936.4000000003 | 443760.1600000001 | -53176.24000000022 | -0.10700814027710627 | -103315.22000000061 | -0.18885006303884572 | -0.2925754944729152 | -0.1689059500959693 | -0.06276923076923069 | -0.1764705882352942 | -0.1102941176470589 | -0.06027886413875194
Transportation (Railroads) | 49 | 682670.4800000001 | 671486.8600000005 | 607738.7899999998 | 600461.91 | 539074.0899999997 | -61387.8200000003 | -0.10223432823574154 | -143596.39000000036 | -0.2103450994394841 | -0.2975148757437871 | -0.2182065553299356 | -0.1680342112818654 | -0.1510614690155566 | -0.117549081829369 | -0.07841630399775756
Trucking | 185 | 238734.2200000001 | 240497.99 | 208741.9500000001 | 200494.0499999999 | 163489.1800000001 | -37004.86999999979 | -0.1845684198608378 | -75245.03999999998 | -0.31518330300532515 | -0.3291316526610645 | -0.220432149353375 | -0.1090146750524109 | -0.2118171683389075 | -0.1330433235624602 | -0.06061950042577346
Utility (General) | 51 | 624354.7000000001 | 629442.7000000004 | 569953.9999999999 | 603500.2 | 501293.5000000001 | -102206.69999999984 | -0.1693565304535108 | -123061.19999999995 | -0.19710142327750546 | -0.2791063256648023 | -0.2093223281609872 | -0.1144516569866758 | -0.2243602654732487 | -0.160078909876341 | -0.0970014286776062
Utility (Water) | 91 | 144783.88 | 145451.1800000001 | 131845.7190000001 | 140919.14 | 126220.229 | -14698.911000000007 | -0.10430741345710742 | -18563.650999999998 | -0.12821628347023162 | -0.1941638608305275 | -0.119648737650933 | -0.002909313631665689 | -0.1564409758614573 | -0.09014241262824585 | -0.02837837837837831

Sheet: PE ratio
Change: March 6 to March 13 | Change: February 14 to March 13 | Percentage Change- Individual Stock (2/14-3/13) | Percentage Change- Individual Stock (3/6-3/13)
PE ratio on 2/14/20 | Number of firms | Mkt Cap (2/14/20) | Mkt Cap (2/21/20) |  Mkt Cap (2/28/20)  |  Mkt Cap (3/6/20)  |  Mkt Cap (3/13/20)  | In US$ | % Change | In US$ | % Change | First Quartile | Median | Third Quartile | First Quartile | Median | Third Quartile
Bottom decile | 2533 | 2991989.059999997 | 2971130.030000002 | 2750268.009999998 | 2763347.340999994 | 2425771.560000001 | -337575.780999993 | -0.12216190704344529 | -566217.4999999958 | -0.18924450880177898 | -0.3202521350142334 | -0.2100977198697068 | -0.1080811439973396 | -0.2117590822179731 | -0.1400357072274817 | -0.0738461538461539
2nd decile | 2533 | 5245243.420000011 | 5179757.190000026 | 4733174.969999998 | 4691069.899999993 | 4007105.630000006 | -683964.269999987 | -0.1458013384110921 | -1238137.7900000052 | -0.23604963408924168 | -0.3066516347237881 | -0.2210682492581603 | -0.1224489795918366 | -0.2045265780730897 | -0.1414267834793493 | -0.08252427184466016
3rd decile | 2533 | 5806150.979999999 | 5726839.140000012 | 5179522.769999999 | 5072096.669999993 | 4269611.840000001 | -802484.8299999926 | -0.15821560238519541 | -1536539.1399999978 | -0.2646398871288046 | -0.3190661478599222 | -0.225 | -0.1224707135250266 | -0.2089552238805971 | -0.1446839605407381 | -0.08597855791465203
4th decile | 2534 | 7333806.339999992 | 7268479.95000001 | 6535023.260000007 | 6477057.879999973 | 5546703.27999997 | -930354.6000000024 | -0.14363845703352066 | -1787103.060000022 | -0.24368015422671002 | -0.3088363954505686 | -0.2179965649495719 | -0.1176286072772899 | -0.2040065412919052 | -0.144539075006214 | -0.0875576036866359
5th decile | 2533 | 6992797.239999998 | 6933332.960000009 | 6238711.670000018 | 6289030 | 5460995.319999977 | -828034.680000023 | -0.13166333758942522 | -1531801.9200000213 | -0.21905424502198517 | -0.3103816202595979 | -0.2170727492655953 | -0.1114457831325302 | -0.2078152753108348 | -0.146131995796183 | -0.08675263774912068
6th decile | 2533 | 11055176.77000001 | 11007265.58 | 10093352.29000005 | 10178285.21999999 | 8827509.060000021 | -1350776.1599999685 | -0.13271156494472552 | -2227667.7099999897 | -0.2015044857577603 | -0.3108069223496527 | -0.2141878937277458 | -0.1042780748663101 | -0.2080817464003716 | -0.1456905057122109 | -0.08514386376981797
7th decile | 2534 | 13296293 | 13166042.59999995 | 11953460.87 | 12211764.28000004 | 10919415.90999999 | -1292348.3700000495 | -0.10582814574275792 | -2376877.090000009 | -0.17876238813329468 | -0.3081761006289309 | -0.2061884070129835 | -0.08666367310282885 | -0.2077087794432547 | -0.1360290602906538 | -0.07503025413473174
8th decile | 2533 | 14487165.48000001 | 14347138.74 | 12985807.67000003 | 13133955.89000001 | 11702484.77000001 | -1431471.1199999992 | -0.10899009650930068 | -2784680.709999999 | -0.19221708441477658 | -0.3133333333333332 | -0.2041141129192695 | -0.070023603461841 | -0.2120765832106039 | -0.1369472704027414 | -0.074597895829985
9th decile | 2533 | 10070976.89999999 | 10078092.14 | 9178733.589999981 | 9428908.599999992 | 8415065.369999966 | -1013843.2300000265 | -0.10752498226571285 | -1655911.5300000235 | -0.16442412155667097 | -0.3006499717936768 | -0.1781886387995713 | -0.03571428571428581 | -0.2037037037037038 | -0.1275551921504496 | -0.07101372756071811
Top decile | 2534 | 6753097.089999982 | 6774932.520000018 | 6156146.800000009 | 6265983.950000016 | 5597117.660000001 | -668866.2900000149 | -0.10674561175663612 | -1155979.429999981 | -0.17117767071818957 | -0.3027511515000623 | -0.1678277766915482 | -0.02821601941747576 | -0.2102564102564102 | -0.1217651456388681 | -0.05976353223720665
Money Losing | 12753 | 6672968.709999998 | 6666081.141000018 | 5957004.90799996 | 5877641.300999969 | 4878916.705000022 | -998724.5959999468 | -0.1699192830685385 | -1794052.0049999757 | -0.26885365164554714 | -0.3831683168316832 | -0.2598949213326039 | -0.1141649048625792 | -0.2669789227166277 | -0.1740787801778907 | -0.08287292817679559

Sheet: Momentum
Change: March 6 to March 13 | Change: February 14 to March 13 | Percentage Change- Individual Stock (2/14-3/13) | Percentage Change- Individual Stock (3/6-3/13)
% Chg in Price (2/14/29-2/14/20) | Number of firms | Mkt Cap (2/14/20) | Mkt Cap (2/21/20) |  Mkt Cap (2/28/20)  |  Mkt Cap (3/6/20)  |  Mkt Cap (3/13/20)  | In US$ | % Change | In US$ | % Change | First Quartile | Median | Third Quartile | First Quartile | Median | Third Quartile
Lowest | 3511 | 905832.420000001 | 898655.2100000014 | 801408.9050000025 | 773894.4530000006 | 645352.7950000005 | -128541.65800000005 | -0.16609714348217453 | -260479.62500000047 | -0.28755829361903407 | -0.3908045977011494 | -0.2680412371134021 | -0.1207430340557275 | -0.2617449664429531 | -0.1663856066961472 | -0.07755581668625144
2nd decile | 3512 | 2458709.440000007 | 2437743.34000001 | 2217145.720000011 | 2199329.130000005 | 1864153.499999999 | -335175.63000000594 | -0.15239903179021014 | -594555.9400000079 | -0.2418162676432422 | -0.3442768411712511 | -0.2294370606722165 | -0.1038981702466188 | -0.2287535410764872 | -0.1494321578003587 | -0.07614213197969544
3rd decile | 3512 | 5331776.360000022 | 5266379.800000004 | 4800103.169999986 | 4749020.359999985 | 3999449.899999992 | -749570.4599999934 | -0.1578368596423528 | -1332326.4600000298 | -0.24988416055770657 | -0.3212669683257919 | -0.2096540185038611 | -0.08349514563106786 | -0.2179261862917399 | -0.1399769585253455 | -0.07148053837759183
4th decile | 3511 | 5678823.390000015 | 5638827.860000033 | 5150932.159999962 | 5107905.719999995 | 4373520.069999993 | -734385.6500000022 | -0.1437743157874893 | -1305303.3200000217 | -0.22985453682158238 | -0.3071169537624661 | -0.2004160887656032 | -0.07736205193338985 | -0.2046332046332046 | -0.1316960701094312 | -0.07045354469396736
5th decile | 3512 | 7624237.850000039 | 7567252.240000023 | 6901006.389999996 | 6881788.180000016 | 5993598.339999997 | -888189.8400000185 | -0.1290638155038385 | -1630639.5100000417 | -0.21387573972394283 | -0.2944507361268404 | -0.1909567566427991 | -0.06849315068493156 | -0.2029782840179406 | -0.1281945936835008 | -0.06671299513551077
6th decile | 3512 | 8263067.269999983 | 8211073.179999997 | 7486221.217000001 | 7539012.353999999 | 6508153.982999968 | -1030858.371000031 | -0.1367365276239513 | -1754913.2870000144 | -0.2123803703464244 | -0.301721781907625 | -0.2047444111297373 | -0.09313725490196068 | -0.2023606370875997 | -0.1374440818117161 | -0.07927786499215073
7th decile | 3511 | 12824401.15999998 | 12736805.02999998 | 11486049.99 | 11624946.34000002 | 10180195.08 | -1444751.2600000203 | -0.12428025194652363 | -2644206.0799999796 | -0.20618554012856408 | -0.3064102564102563 | -0.2127837586333484 | -0.1020910209102091 | -0.2046875 | -0.1426727476120816 | -0.08375201458591319
8th decile | 3512 | 21409662.03999996 | 21169684.31999992 | 19048556.85000004 | 19210717.29000003 | 16949441.29000008 | -2261275.999999948 | -0.11770908737369402 | -4460220.749999881 | -0.2083274711047185 | -0.3183425414364641 | -0.2244937533792311 | -0.1196581196581196 | -0.2180518319928507 | -0.1504410591587062 | -0.08923822931331149
9th decile | 3512 | 13765578.79 | 13714169.33999997 | 12423662.38200002 | 12658347.24 | 11137932.944 | -1520414.296 | -0.12011159649622631 | -2627645.845999999 | -0.19088524253762956 | -0.3436241610738255 | -0.2409737401113778 | -0.1225225225225225 | -0.2354457572502686 | -0.1646631698010157 | -0.09746588693957114
Highest | 3512 | 8886880.360000016 | 8876007.509999994 | 7999173.280000014 | 8189155.729999998 | 7397004.597999986 | -792151.1320000114 | -0.09673172157394198 | -1489875.76200003 | -0.16764890508777225 | -0.3913171017893811 | -0.2816431019708655 | -0.1428927680798006 | -0.2746268656716417 | -0.191994535014678 | -0.1058052434456929

Sheet: Net Debt Ratio
Change: March 6 to March 13 | Change: February 14 to March 13 | Percentage Change- Individual Stock (2/14-3/13) | Percentage Change- Individual Stock (3/6-3/13)
Net Debt/Capital | Number of firms | Mkt Cap (2/14/20) | Mkt Cap (2/21/20) |  Mkt Cap (2/28/20)  |  Mkt Cap (3/6/20)  |  Mkt Cap (3/13/20)  | In US$ | % Change | In US$ | % Change | First Quartile | Median | Third Quartile | First Quartile | Median | Third Quartile
Least Debt | 3747 | 3761714.050000011 | 3748925.510000007 | 3405974.930000004 | 3356519.950000003 | 2981703.499999998 | -374816.45000000484 | -0.11166817286457795 | -780010.5500000129 | -0.20735508856660984 | -0.3133922501699524 | -0.2172552525704068 | -0.1150599733451799 | -0.2174913693901035 | -0.1472602739726028 | -0.08151549942594716
2nd decile | 3747 | 3430392.860000005 | 3397808.809999997 | 3154842.519999988 | 3231842.200000006 | 2804346.020000006 | -427496.1799999997 | -0.13227631596616907 | -626046.8399999989 | -0.18250004170076253 | -0.3411131059245961 | -0.2276243093922651 | -0.103362391033624 | -0.2373961218836564 | -0.1600861450107682 | -0.0880503144654089
3rd decile | 3747 | 10174856.51000003 | 10109532.73999998 | 9326296.850000022 | 9407345.69 | 8488712.160000023 | -918633.529999977 | -0.09765066154382779 | -1686144.350000007 | -0.16571676940533112 | -0.331463195691203 | -0.2090433772269559 | -0.0744357088511286 | -0.2295511744966443 | -0.1405490767735667 | -0.07784467188440691
4th decile | 2916 | 10772520.14999996 | 10749780.64999998 | 9960373.359999985 | 10080632.59000003 | 9032979.980000025 | -1047652.610000005 | -0.1039272685167868 | -1739540.1699999347 | -0.1614794073975291 | -0.326923076923077 | -0.2022983976884686 | -0.06265664160401008 | -0.2252410166520595 | -0.1384031910754697 | -0.07348828238017169
5th decile | 4578 | 13623215.31000002 | 13509148.37099997 | 12182817.51300004 | 12442135.41499992 | 11217792.86600005 | -1224342.5489998702 | -0.09840292748492627 | -2405422.4439999685 | -0.17656789452885518 | -0.3094688221709007 | -0.1850036467608507 | -0.05568445475638051 | -0.2130365659777425 | -0.1278031714252211 | -0.05933682373472948
6th decile | 3747 | 16282356.21000003 | 16194136.73999997 | 14530133.56000006 | 14780345.981 | 12910050.17800004 | -1870295.8029999603 | -0.12653937907841997 | -3372306.0319999903 | -0.20711412946050417 | -0.316350710900474 | -0.2146118721461187 | -0.08826185101580142 | -0.2121892952619305 | -0.1407035175879398 | -0.07594936708860767
7th decile | 3747 | 11371997.70999998 | 11306840.98 | 10133007.71800003 | 10185143.38400001 | 8718961.651999965 | -1466181.7320000455 | -0.14395297903250842 | -2653036.058000015 | -0.23329551461895429 | -0.3335318642048839 | -0.2327327327327327 | -0.1151832460732986 | -0.2234309911522705 | -0.1537877777036493 | -0.08360396018758776
8th decile | 3747 | 10197398.51999999 | 10113238.21000003 | 9080394.079999965 | 9077382.99000003 | 7634712.85999998 | -1442670.1300000502 | -0.15893018192460837 | -2562685.6600000104 | -0.2513077874689174 | -0.342358604091456 | -0.2435897435897436 | -0.1284916201117318 | -0.2313769751693002 | -0.1597444089456869 | -0.09053497942386834
9th decile | 3747 | 5720292.969999983 | 5684750.130000012 | 5150882.751999958 | 5097582.166999997 | 4215339.56100001 | -882242.6059999866 | -0.17307079652611065 | -1504953.408999973 | -0.2630902677350068 | -0.3561151079136692 | -0.2451713395638629 | -0.133676092544987 | -0.2370753323485968 | -0.1605804686570714 | -0.08900000000000008
Most Debt | 3748 | 5370863.869999993 | 5304864.009999986 | 4836429.395 | 4730152.674999974 | 4046054.928000004 | -684097.7469999697 | -0.14462487661668838 | -1324808.9419999886 | -0.2466658947362206 | -0.354679802955665 | -0.2391810889312639 | -0.1189189189189189 | -0.2346153846153847 | -0.1545655094057433 | -0.08028259473346178
