Source: http://www.stern.nyu.edu/~adamodar/pc/blog/InflationUS.xlsx

Sheet: Sheet1
Year | CPI | CPI (Seasonally adjusted) | PPI | GDP Deflator | Data Source: FRED 
1948 | 0.0767221 | 0.0299145 | 0.014705900000000001 | 0.012 | For CPI (non seasonal) | https://fred.stlouisfed.org/series/CPIAUCNS
1949 | -0.009808 | -0.0207469 | -0.0615942 | 0 | For CPI (seasonal) | https://fred.stlouisfed.org/series/CPIAUCSL
1950 | 0.010640199999999999 | 0.059322 | 0.14671810000000002 | 0.077 | For PPI | https://fred.stlouisfed.org/series/PPIACO
1951 | 0.0794113 | 0.06 | 0.013468 | 0.046 | For GDP Deflator | https://fred.stlouisfed.org/series/A191RI1Q225SBEA
1952 | 0.0228439 | 0.0075472 | -0.0332226 | 0.011000000000000001
1953 | 0.007591 | 0.007490599999999999 | 0.0034364 | 0.006999999999999999
1954 | 0.0036112 | -0.0074348999999999995 | -0.0068493 | 0.011000000000000001
1955 | -0.0025746000000000002 | 0.0037452999999999996 | 0.0172414 | 0.04
1956 | 0.0147411 | 0.029850699999999997 | 0.044067800000000004 | 0.016
1957 | 0.0339269 | 0.0289855 | 0.0194805 | 0.003
1958 | 0.0273002 | 0.0176056 | 0.0063694 | 0.019
1959 | 0.009319899999999999 | 0.017301 | -0.0031646 | 0.016
1960 | 0.0149228 | 0.0136054 | 0.0063492 | 0.012
1961 | 0.0107036 | 0.006711399999999999 | -0.0031546 | 0.013000000000000001
1962 | 0.0117608 | 0.0133333 | 0 | 0.008
1963 | 0.0125606 | 0.0164474 | 0 | 0.033
1964 | 0.0132209 | 0.0097087 | 0.0031646 | 0.018000000000000002
1965 | 0.0157869 | 0.0192308 | 0.034700299999999996 | 0.027999999999999997
1966 | 0.029893700000000002 | 0.0345912 | 0.0152439 | 0.034
1967 | 0.0278455 | 0.030395099999999998 | 0.012012 | 0.045
1968 | 0.0424469 | 0.0471976 | 0.0267062 | 0.057999999999999996
1969 | 0.0543713 | 0.0619718 | 0.0491329 | 0.053
1970 | 0.0588369 | 0.0557029 | 0.022038600000000002 | 0.054000000000000006
1971 | 0.0422656 | 0.0326633 | 0.040431299999999996 | 0.034
1972 | 0.032729499999999995 | 0.0340633 | 0.0647668 | 0.052000000000000005
1973 | 0.06258720000000001 | 0.0870588 | 0.1532847 | 0.08199999999999999
1974 | 0.1101107 | 0.1233766 | 0.20886079999999999 | 0.12300000000000001
1975 | 0.091416 | 0.0693642 | 0.0418848 | 0.069
1976 | 0.0577489 | 0.0486486 | 0.046901200000000004 | 0.07400000000000001
1977 | 0.0646956 | 0.06701030000000001 | 0.0592 | 0.08900000000000001
1978 | 0.0762991 | 0.0901771 | 0.0981873 | 0.085
1979 | 0.11253030000000001 | 0.13293939999999999 | 0.14718019999999998 | 0.076
1980 | 0.1350172 | 0.125163 | 0.1247002 | 0.10800000000000001
1981 | 0.1037831 | 0.0892236 | 0.0533049 | 0.071
1982 | 0.0615836 | 0.0382979 | 0.0172065 | 0.042
1983 | 0.0315953 | 0.0379098 | 0.0179104 | 0.031
1984 | 0.043682 | 0.0394867 | 0.0117302 | 0.03
1985 | 0.035279 | 0.0379867 | 0.0009662 | 0.023
1986 | 0.0194393 | 0.010979000000000001 | -0.0376448 | 0.022000000000000002
1987 | 0.0357821 | 0.0443439 | 0.0451354 | 0.032
1988 | 0.0410004 | 0.0441941 | 0.0460653 | 0.035
1989 | 0.0479109 | 0.04647300000000001 | 0.0366972 | 0.028999999999999998
1990 | 0.0541922 | 0.061062599999999995 | 0.0504425 | 0.03
1991 | 0.0421583 | 0.0306428 | -0.023588900000000003 | 0.024
1992 | 0.0304162 | 0.0290065 | 0.0146678 | 0.027999999999999997
1993 | 0.0296965 | 0.027484099999999997 | 0.0085034 | 0.022000000000000002
1994 | 0.025956 | 0.026749000000000002 | 0.027824599999999998 | 0.022000000000000002
1995 | 0.028054199999999998 | 0.0253841 | 0.0311731 | 0.019
1996 | 0.0293667 | 0.0332248 | 0.0270485 | 0.022000000000000002
1997 | 0.0233757 | 0.017023999999999997 | -0.0178156 | 0.013000000000000001
1998 | 0.0154701 | 0.016119 | -0.0315457 | 0.011000000000000001
1999 | 0.0219314 | 0.026845599999999997 | 0.0407166 | 0.022000000000000002
2000 | 0.033666800000000004 | 0.0338681 | 0.0657277 | 0.021
2001 | 0.0281663 | 0.0155172 | -0.0594714 | 0.013000000000000001
2002 | 0.0159567 | 0.0237691 | 0.037470699999999996 | 0.023
2003 | 0.02298 | 0.0187949 | 0.0496614 | 0.024
2004 | 0.0266757 | 0.0325556 | 0.0767025 | 0.031
2005 | 0.0336583 | 0.0341566 | 0.0852197 | 0.033
2006 | 0.032220900000000004 | 0.0254065 | 0.0159509 | 0.015
2007 | 0.028705500000000002 | 0.0408127 | 0.0785024 | 0.016
2008 | 0.0381495 | 0.0009141 | -0.043113099999999994 | 0.013000000000000001
2009 | -0.0032035999999999996 | 0.0272133 | 0.0421299 | 0.013999999999999999
2010 | 0.0163657 | 0.014957199999999999 | 0.06513189999999999 | 0.023
2011 | 0.0313965 | 0.0296242 | 0.053242000000000005 | 0.006
2012 | 0.020731899999999998 | 0.0174102 | 0.0085085 | 0.021
2013 | 0.0146597 | 0.0150174 | 0.0024814 | 0.024
2014 | 0.016154599999999998 | 0.0075649 | -0.0247525 | 0.006
2015 | 0.0012114 | 0.007295199999999999 | -0.0685279 | 0
2016 | 0.0126736 | 0.0207462 | 0.025613100000000003 | 0.02
2017 | 0.021374900000000002 | 0.0210908 | 0.0430393 | 0.027000000000000003
2018 | 0.024340999999999998 | 0.0191016 | 0.0239429 | 0.019
2019 | 0.0181211 | 0.0228513 | -0.0099502 | 0.015
2020 | 0.0124837 | 0.0136201 | 0.0075377000000000005 | 0.019
CPI | CPI (Seas adj) | PPI | GDP Deflator
1950-59 | 0.02068111 | 0.0224413 | 0.020754510000000004 | 0.0246
1960-69 | 0.0233513 | 0.025319269999999998 | 0.01441545 | 0.030199999999999998
1970-79 | 0.07092198 | 0.07410045000000001 | 0.08827357 | 0.0738
1980-89 | 0.05550729 | 0.051405769999999996 | 0.031607149999999994 | 0.04230000000000002
1990-99 | 0.0309651 | 0.029632988888888885 | 0.00963441111111111 | 0.021222222222222222
2000-09 | 0.025697610000000003 | 0.02530081 | 0.03487807 | 0.020300000000000006
2010-19 | 0.01770304 | 0.0175659 | 0.01187285 | 0.016100000000000003
2020 | 0.0124837 | 0.0136201 | 0.0075377000000000005 | 0.019
