Source: http://www.stern.nyu.edu/~adamodar/pc/blog/InflationbyCountry.xlsx

Sheet: PCPIPCH
Inflation rate, average consumer prices (Annual percent change) | 2021-26 Compounded Average | 2021 | 2022 | 2023 | 2024 | 2025 | 2026
Afghanistan | 0.04265843412204684 | 0.051 | 0.045 | 0.04 | 0.04 | 0.04 | 0.04
Albania | 0.025826925286313474 | 0.02 | 0.023 | 0.025 | 0.027000000000000003 | 0.03 | 0.03
Algeria | 0.0628098014945111 | 0.049 | 0.06 | 0.063 | 0.066 | 0.069 | 0.07
Angola | 0.10352208697674792 | 0.223 | 0.131 | 0.08900000000000001 | 0.069 | 0.06 | 0.057999999999999996
Antigua and Barbuda | 0.020000000000000018 | 0.02 | 0.02 | 0.02 | 0.02 | 0.02 | 0.02
Argentina | #VALUE! | #VALUE! | #VALUE! | #VALUE! | #VALUE! | #VALUE! | #VALUE!
Armenia | 0.037662054007409074 | 0.039 | 0.032 | 0.035 | 0.04 | 0.04 | 0.04
Aruba | 0.02227657430992025 | 0.001 | 0.02 | 0.032 | 0.033 | 0.027000000000000003 | 0.021
Australia | 0.020161370913958754 | 0.017 | 0.016 | 0.018000000000000002 | 0.022000000000000002 | 0.024 | 0.024
Austria | 0.018998853799861992 | 0.016 | 0.018000000000000002 | 0.02 | 0.02 | 0.02 | 0.02
Azerbaijan | 0.032499395453510216 | 0.035 | 0.032 | 0.032 | 0.032 | 0.032 | 0.032
Bahamas, The | 0.023330459319514718 | 0.02 | 0.027999999999999997 | 0.024 | 0.023 | 0.022000000000000002 | 0.023
Bahrain | 0.020330439983876625 | 0.015 | 0.021 | 0.021 | 0.021 | 0.022000000000000002 | 0.022000000000000002
Bangladesh | 0.05583279442171696 | 0.057999999999999996 | 0.055999999999999994 | 0.055999999999999994 | 0.055 | 0.055 | 0.055
Barbados | 0.025320138445113827 | 0.037000000000000005 | 0.023 | 0.023 | 0.023 | 0.023 | 0.023
Belarus | 0.054144457552287584 | 0.069 | 0.055 | 0.051 | 0.05 | 0.05 | 0.05
Belgium | 0.01799983628022228 | 0.017 | 0.019 | 0.018000000000000002 | 0.018000000000000002 | 0.018000000000000002 | 0.018000000000000002
Belize | 0.01832648397871206 | 0.01 | 0.02 | 0.02 | 0.02 | 0.02 | 0.02
Benin | 0.020000000000000018 | 0.02 | 0.02 | 0.02 | 0.02 | 0.02 | 0.02
Bhutan | 0.04382656955438513 | 0.049 | 0.049 | 0.043 | 0.040999999999999995 | 0.040999999999999995 | 0.04
Bolivia | 0.035998875113548046 | 0.039 | 0.037000000000000005 | 0.035 | 0.035 | 0.035 | 0.035
Bosnia and Herzegovina | 0.015325184942188708 | 0.012 | 0.01 | 0.013000000000000001 | 0.016 | 0.02 | 0.021
Botswana | 0.04383231029576007 | 0.047 | 0.043 | 0.043 | 0.043 | 0.044000000000000004 | 0.043
Brazil | 0.03581931459063692 | 0.046 | 0.04 | 0.031 | 0.033 | 0.032 | 0.033
Brunei Darussalam | 0.008000000000000007 | 0.008 | 0.008 | 0.008 | 0.008 | 0.008 | 0.008
Bulgaria | 0.01832648397871206 | 0.01 | 0.02 | 0.02 | 0.02 | 0.02 | 0.02
Burkina Faso | 0.025499715744206064 | 0.027000000000000003 | 0.026000000000000002 | 0.025 | 0.025 | 0.025 | 0.025
Burundi | 0.02413917343847527 | 0.040999999999999995 | 0.02 | 0.021 | 0.021 | 0.021 | 0.021
Cabo Verde | 0.015165119563895102 | 0.012 | 0.013999999999999999 | 0.015 | 0.016 | 0.017 | 0.017
Cambodia | 0.029832941984597516 | 0.031 | 0.027999999999999997 | 0.03 | 0.03 | 0.03 | 0.03
Cameroon | 0.020499714352256726 | 0.022000000000000002 | 0.021 | 0.02 | 0.02 | 0.02 | 0.02
Canada | 0.020165127790909176 | 0.017 | 0.02 | 0.023 | 0.021 | 0.02 | 0.02
Central African Republic | 0.026329017857715797 | 0.033 | 0.025 | 0.025 | 0.025 | 0.025 | 0.025
Chad | 0.030000000000000027 | 0.03 | 0.03 | 0.03 | 0.03 | 0.03 | 0.03
Chile | 0.030166599284850548 | 0.031 | 0.03 | 0.03 | 0.03 | 0.03 | 0.03
China, People's Republic of | 0.018329283345248637 | 0.012 | 0.019 | 0.019 | 0.02 | 0.02 | 0.02
Colombia | 0.02666297883701585 | 0.021 | 0.026000000000000002 | 0.027000000000000003 | 0.027999999999999997 | 0.028999999999999998 | 0.028999999999999998
Comoros | 0.013652367034413748 | 0.003 | 0.012 | 0.013999999999999999 | 0.016 | 0.017 | 0.02
Congo, Dem. Rep. of the | 0.06880035341532897 | 0.109 | 0.075 | 0.075 | 0.055 | 0.05 | 0.05
Congo, Republic of  | 0.028998864951243597 | 0.026000000000000002 | 0.027999999999999997 | 0.03 | 0.03 | 0.03 | 0.03
Costa Rica | 0.01864400648862863 | 0.012 | 0.011000000000000001 | 0.013999999999999999 | 0.021 | 0.025 | 0.028999999999999998
Croatia | 0.016318765236732924 | 0.006999999999999999 | 0.012 | 0.019 | 0.022000000000000002 | 0.022000000000000002 | 0.016
Cyprus | 0.012488345940658174 | 0.005 | 0.008 | 0.012 | 0.013999999999999999 | 0.017 | 0.019
Czech Republic | 0.02049938835395193 | 0.023 | 0.02 | 0.02 | 0.02 | 0.02 | 0.02
Côte d'Ivoire | 0.018331750606401798 | 0.02 | 0.016 | 0.016 | 0.018000000000000002 | 0.02 | 0.02
Denmark | 0.015164133202021812 | 0.011000000000000001 | 0.013999999999999999 | 0.015 | 0.016 | 0.017 | 0.018000000000000002
Djibouti | 0.020832287280533546 | 0.024 | 0.021 | 0.02 | 0.02 | 0.02 | 0.02
Dominica | 0.019332241390859206 | 0.016 | 0.02 | 0.02 | 0.02 | 0.02 | 0.02
Dominican Republic | 0.04363475992122878 | 0.062 | 0.04 | 0.04 | 0.04 | 0.04 | 0.04
Ecuador | 0.012149540906434275 | 0.005 | 0.024 | 0.013999999999999999 | 0.01 | 0.01 | 0.01
Egypt | 0.06945578318521428 | 0.048 | 0.07200000000000001 | 0.07400000000000001 | 0.075 | 0.075 | 0.073
El Salvador | 0.011165610038409213 | 0.011000000000000001 | 0.013999999999999999 | 0.012 | 0.01 | 0.01 | 0.01
Equatorial Guinea | 0.02765088612336042 | 0.015 | 0.031 | 0.03 | 0.03 | 0.03 | 0.03
Eritrea | 0.02132753575381252 | 0.028999999999999998 | 0.019 | 0.02 | 0.02 | 0.02 | 0.02
Estonia | 0.02016398988508028 | 0.018000000000000002 | 0.025 | 0.021 | 0.019 | 0.019 | 0.019
Eswatini | 0.047665764459697835 | 0.045 | 0.047 | 0.048 | 0.048 | 0.049 | 0.049
Ethiopia | 0.08833742519373522 | 0.131 | 0.08 | 0.08 | 0.08 | 0.08 | 0.08
Fiji | 0.014766663803251756 | -0.011000000000000001 | 0.02 | 0.02 | 0.02 | 0.02 | 0.02
Finland | 0.016831461646308554 | 0.013999999999999999 | 0.015 | 0.016 | 0.018000000000000002 | 0.019 | 0.019
France | 0.0136649129385229 | 0.011000000000000001 | 0.012 | 0.013000000000000001 | 0.013999999999999999 | 0.016 | 0.016
Gabon | 0.020000000000000018 | 0.02 | 0.02 | 0.02 | 0.02 | 0.02 | 0.02
Gambia, The | 0.052660086900029324 | 0.06 | 0.055 | 0.051 | 0.05 | 0.05 | 0.05
Georgia | 0.030326774676354473 | 0.038 | 0.027000000000000003 | 0.027000000000000003 | 0.03 | 0.03 | 0.03
Germany | 0.017493153061267197 | 0.022000000000000002 | 0.011000000000000001 | 0.015 | 0.017 | 0.019 | 0.021
Ghana | 0.07261527445753924 | 0.09 | 0.08199999999999999 | 0.073 | 0.068 | 0.063 | 0.06
Greece | 0.012148454336377235 | 0.002 | 0.008 | 0.01 | 0.016 | 0.018000000000000002 | 0.019
Grenada | 0.01849971347031798 | 0.018000000000000002 | 0.017 | 0.019 | 0.019 | 0.019 | 0.019
Guatemala | 0.036826653554613786 | 0.028999999999999998 | 0.036000000000000004 | 0.038 | 0.039 | 0.039 | 0.04
Guinea | 0.07849972970580743 | 0.08 | 0.079 | 0.078 | 0.078 | 0.078 | 0.078
Guinea-Bissau | 0.020000000000000018 | 0.02 | 0.02 | 0.02 | 0.02 | 0.02 | 0.02
Guyana | 0.02548915154629605 | 0.02 | 0.02 | 0.023 | 0.027999999999999997 | 0.031 | 0.031
Haiti | 0.1591975191169177 | 0.205 | 0.22399999999999998 | 0.182 | 0.14300000000000002 | 0.113 | 0.094
Honduras | 0.040666080028082696 | 0.043 | 0.040999999999999995 | 0.04 | 0.04 | 0.04 | 0.04
Hong Kong SAR | 0.02149284173199062 | 0.013999999999999999 | 0.019 | 0.024 | 0.024 | 0.024 | 0.024
Hungary | 0.032330321243534854 | 0.036000000000000004 | 0.035 | 0.033 | 0.03 | 0.03 | 0.03
Iceland | 0.02616336067171776 | 0.032 | 0.025 | 0.025 | 0.025 | 0.025 | 0.025
India | 0.04149445928865103 | 0.049 | 0.040999999999999995 | 0.039 | 0.04 | 0.04 | 0.04
Indonesia | 0.02782708053698002 | 0.02 | 0.031 | 0.028999999999999998 | 0.028999999999999998 | 0.028999999999999998 | 0.028999999999999998
Iran | 0.27651965502037346 | 0.39 | 0.275 | 0.25 | 0.25 | 0.25 | 0.25
Iraq | 0.04392760919477867 | 0.094 | 0.075 | 0.034 | 0.023 | 0.02 | 0.02
Ireland | 0.019165615756067345 | 0.016 | 0.019 | 0.02 | 0.02 | 0.02 | 0.02
Israel | 0.007164277938741748 | 0.003 | 0.006 | 0.006999999999999999 | 0.009000000000000001 | 0.009000000000000001 | 0.009000000000000001
Italy | 0.010831450534080744 | 0.008 | 0.009000000000000001 | 0.01 | 0.012 | 0.013000000000000001 | 0.013000000000000001
Jamaica | 0.05199715369079039 | 0.05 | 0.051 | 0.057 | 0.053 | 0.051 | 0.05
Japan | 0.007328578695815491 | 0.001 | 0.006999999999999999 | 0.006999999999999999 | 0.009000000000000001 | 0.01 | 0.01
Jordan | 0.023831634949626368 | 0.023 | 0.02 | 0.025 | 0.025 | 0.025 | 0.025
Kazakhstan | 0.04646459445897322 | 0.064 | 0.05 | 0.045 | 0.04 | 0.04 | 0.04
Kenya | 0.050000000000000044 | 0.05 | 0.05 | 0.05 | 0.05 | 0.05 | 0.05
Kiribati | 0.018832938078162886 | 0.018000000000000002 | 0.018000000000000002 | 0.02 | 0.02 | 0.019 | 0.018000000000000002
Korea, Republic of | 0.014660971134644596 | 0.013999999999999999 | 0.009000000000000001 | 0.013000000000000001 | 0.015 | 0.017 | 0.02
Kosovo | 0.015317207672146171 | 0.003 | 0.015 | 0.017 | 0.019 | 0.019 | 0.019
Kuwait | 0.024666395340362524 | 0.023 | 0.025 | 0.025 | 0.025 | 0.025 | 0.025
Kyrgyz Republic | 0.05591348512578831 | 0.086 | 0.054000000000000006 | 0.05 | 0.05 | 0.05 | 0.046
Lao P.D.R. | 0.034978872156354424 | 0.049 | 0.037000000000000005 | 0.031 | 0.031 | 0.031 | 0.031
Latvia | 0.02116610857496748 | 0.021 | 0.022000000000000002 | 0.019 | 0.021 | 0.022000000000000002 | 0.022000000000000002
Lebanon | #VALUE! | #VALUE! | #VALUE! | #VALUE! | #VALUE! | #VALUE! | #VALUE!
Lesotho | 0.0514936959769714 | 0.046 | 0.049 | 0.049 | 0.055 | 0.055 | 0.055
Liberia | 0.07251533547682998 | 0.109 | 0.152 | 0.05 | 0.047 | 0.042 | 0.04
Libya | 0.10029160083611699 | 0.182 | 0.142 | 0.102 | 0.08 | 0.062 | 0.04
Lithuania | 0.019497747822296407 | 0.015 | 0.019 | 0.02 | 0.021 | 0.021 | 0.021
Luxembourg | 0.017160016191047456 | 0.009000000000000001 | 0.018000000000000002 | 0.019 | 0.019 | 0.019 | 0.019
Macao SAR | 0.021160053604281748 | 0.013999999999999999 | 0.019 | 0.022000000000000002 | 0.024 | 0.024 | 0.024
Madagascar | 0.05616455123500397 | 0.054000000000000006 | 0.057 | 0.06 | 0.057 | 0.055 | 0.054000000000000006
Malawi | 0.06269432953648102 | 0.095 | 0.077 | 0.055 | 0.05 | 0.05 | 0.05
Malaysia | 0.020000000000000018 | 0.02 | 0.02 | 0.02 | 0.02 | 0.02 | 0.02
Maldives | 0.019498730949160104 | 0.016 | 0.021 | 0.02 | 0.02 | 0.02 | 0.02
Mali | 0.01949938615126312 | 0.017 | 0.02 | 0.02 | 0.02 | 0.02 | 0.02
Malta | 0.016161511865090628 | 0.011000000000000001 | 0.013999999999999999 | 0.015 | 0.017 | 0.02 | 0.02
Marshall Islands | 0.017660647391197548 | 0.011000000000000001 | 0.015 | 0.02 | 0.02 | 0.02 | 0.02
Mauritania | 0.03648322413892169 | 0.024 | 0.035 | 0.04 | 0.04 | 0.04 | 0.04
Mauritius | 0.03332563486474327 | 0.026000000000000002 | 0.039 | 0.036000000000000004 | 0.034 | 0.033 | 0.032
Mexico | 0.0309983865737935 | 0.035 | 0.031 | 0.03 | 0.03 | 0.03 | 0.03
Micronesia, Fed. States of | 0.020166272093744775 | 0.019 | 0.022000000000000002 | 0.02 | 0.02 | 0.02 | 0.02
Moldova | 0.04663989948171143 | 0.03 | 0.05 | 0.05 | 0.05 | 0.05 | 0.05
Mongolia | 0.05982917291259904 | 0.054000000000000006 | 0.064 | 0.061 | 0.06 | 0.06 | 0.06
Montenegro | 0.012490303015735948 | 0.004 | 0.01 | 0.013000000000000001 | 0.015 | 0.016 | 0.017
Morocco | 0.01565718620378953 | 0.008 | 0.012 | 0.016 | 0.018000000000000002 | 0.02 | 0.02
Mozambique | 0.054666403064754565 | 0.053 | 0.055 | 0.055 | 0.055 | 0.055 | 0.055
Myanmar | 0.059654725585069235 | 0.05 | 0.055999999999999994 | 0.063 | 0.063 | 0.063 | 0.063
Namibia | 0.042992134262885395 | 0.034 | 0.044000000000000004 | 0.045 | 0.045 | 0.045 | 0.045
Nauru | 0.018662288366808832 | 0.012 | 0.02 | 0.02 | 0.02 | 0.02 | 0.02
Nepal | 0.05464579952440718 | 0.042 | 0.064 | 0.057999999999999996 | 0.055999999999999994 | 0.055 | 0.053
Netherlands | 0.015999179789006446 | 0.013999999999999999 | 0.015 | 0.016 | 0.016 | 0.017 | 0.018000000000000002
New Zealand | 0.01916414508687936 | 0.018000000000000002 | 0.016 | 0.017 | 0.021 | 0.021 | 0.022000000000000002
Nicaragua | 0.03566559565790195 | 0.039 | 0.035 | 0.035 | 0.035 | 0.035 | 0.035
Niger | 0.017315735183168535 | 0.004 | 0.02 | 0.02 | 0.02 | 0.02 | 0.02
Nigeria | 0.12451925770896777 | 0.16 | 0.135 | 0.12 | 0.11699999999999999 | 0.111 | 0.105
North Macedonia  | 0.018331258319446153 | 0.02 | 0.015 | 0.016 | 0.019 | 0.02 | 0.02
Norway | 0.020333061328048796 | 0.022000000000000002 | 0.02 | 0.02 | 0.02 | 0.02 | 0.02
Oman | 0.019605935936651164 | 0.038 | 0.024 | 0.027999999999999997 | 0.01 | 0.009000000000000001 | 0.009000000000000001
Pakistan | 0.07246626673894552 | 0.087 | 0.08 | 0.073 | 0.065 | 0.065 | 0.065
Palau | 0.014140177311732893 | 0 | 0.01 | 0.015 | 0.02 | 0.02 | 0.02
Panama | 0.01530763806394142 | 0.001 | 0.011000000000000001 | 0.02 | 0.02 | 0.02 | 0.02
Papua New Guinea | 0.03598445551221108 | 0.033 | 0.047 | 0.04 | 0.032 | 0.032 | 0.032
Paraguay | 0.031164979390395198 | 0.027000000000000003 | 0.032 | 0.032 | 0.032 | 0.032 | 0.032
Peru | 0.020000000000000018 | 0.02 | 0.02 | 0.02 | 0.02 | 0.02 | 0.02
Philippines | 0.0306655904711306 | 0.034 | 0.03 | 0.03 | 0.03 | 0.03 | 0.03
Poland | 0.02616336067171776 | 0.032 | 0.025 | 0.025 | 0.025 | 0.025 | 0.025
Portugal | 0.013164128196153646 | 0.009000000000000001 | 0.012 | 0.013000000000000001 | 0.013999999999999999 | 0.015 | 0.016
Puerto Rico | 0.015991175727503304 | 0.025 | 0.015 | 0.015 | 0.012 | 0.013000000000000001 | 0.016
Qatar | 0.02316253468380447 | 0.024 | 0.028999999999999998 | 0.023 | 0.02 | 0.021 | 0.022000000000000002
Romania | 0.02516448287678741 | 0.027999999999999997 | 0.021 | 0.026000000000000002 | 0.026000000000000002 | 0.025 | 0.025
Russian Federation | 0.03949490920171628 | 0.045 | 0.034 | 0.038 | 0.04 | 0.04 | 0.04
Rwanda | 0.04429203408922433 | 0.025 | 0.040999999999999995 | 0.05 | 0.05 | 0.05 | 0.05
Saint Kitts and Nevis | 0.008756982297200677 | -0.01 | -0.005 | 0.008 | 0.02 | 0.02 | 0.02
Saint Lucia | 0.02066557994539986 | 0.024 | 0.02 | 0.02 | 0.02 | 0.02 | 0.02
Saint Vincent and the Grenadines | 0.01899754017201638 | 0.013999999999999999 | 0.02 | 0.02 | 0.02 | 0.02 | 0.02
Samoa | 0.016324932734638864 | -0.025 | 0.027000000000000003 | 0.021 | 0.024 | 0.026000000000000002 | 0.026000000000000002
San Marino | 0.009999339606634017 | 0.008 | 0.009000000000000001 | 0.01 | 0.011000000000000001 | 0.011000000000000001 | 0.011000000000000001
Saudi Arabia | 0.0211633445334527 | 0.027000000000000003 | 0.02 | 0.02 | 0.02 | 0.02 | 0.02
Senegal | 0.01732962432940144 | 0.02 | 0.017 | 0.015 | 0.015 | 0.015 | 0.022000000000000002
Serbia | 0.026828717669025393 | 0.022000000000000002 | 0.024 | 0.026000000000000002 | 0.028999999999999998 | 0.03 | 0.03
Seychelles | 0.030327409605596767 | 0.037000000000000005 | 0.025 | 0.03 | 0.03 | 0.03 | 0.03
Sierra Leone | 0.10465384034008407 | 0.155 | 0.12300000000000001 | 0.105 | 0.09300000000000001 | 0.084 | 0.07
Singapore | 0.010656305353681228 | 0.002 | 0.008 | 0.011000000000000001 | 0.013000000000000001 | 0.015 | 0.015
Slovak Republic | 0.01866212518234489 | 0.012 | 0.019 | 0.02 | 0.021 | 0.02 | 0.02
Slovenia | 0.016324345577999777 | 0.008 | 0.015 | 0.016 | 0.018000000000000002 | 0.02 | 0.021
Solomon Islands | 0.028159952717444314 | 0.026000000000000002 | 0.032 | 0.033 | 0.03 | 0.025 | 0.023
South Africa | 0.04466640053929316 | 0.043 | 0.045 | 0.045 | 0.045 | 0.045 | 0.045
South Sudan, Republic of | 0.2123813527720786 | 0.4 | 0.33799999999999997 | 0.193 | 0.141 | 0.11900000000000001 | 0.113
Spain | 0.014663596275540591 | 0.01 | 0.013000000000000001 | 0.015 | 0.016 | 0.017 | 0.017
Sri Lanka | 0.051491785110455934 | 0.044000000000000004 | 0.05 | 0.055999999999999994 | 0.055999999999999994 | 0.053 | 0.05
Sudan | 0.3886004250238446 | 1.9709999999999999 | 0.445 | 0.207 | 0.129 | 0.11 | 0.10400000000000001
Suriname | 0.22575079772954676 | 0.521 | 0.29 | 0.196 | 0.14300000000000002 | 0.127 | 0.122
Sweden | 0.01649692248436785 | 0.015 | 0.012 | 0.016 | 0.018000000000000002 | 0.019 | 0.019
Switzerland | 0.006827129659685571 | 0.001 | 0.003 | 0.008 | 0.009000000000000001 | 0.01 | 0.01
Syria | #VALUE! | #VALUE! | #VALUE! | #VALUE! | #VALUE! | #VALUE! | #VALUE!
São Tomé and Príncipe | 0.06494865903779279 | 0.106 | 0.081 | 0.057999999999999996 | 0.052000000000000005 | 0.05 | 0.044000000000000004
Taiwan Province of China | 0.012831616474545449 | 0.009000000000000001 | 0.012 | 0.013999999999999999 | 0.013999999999999999 | 0.013999999999999999 | 0.013999999999999999
Tajikistan | 0.0674854536714442 | 0.08 | 0.065 | 0.065 | 0.065 | 0.065 | 0.065
Tanzania | 0.034832943876627054 | 0.033 | 0.036000000000000004 | 0.035 | 0.035 | 0.035 | 0.035
Thailand | 0.01449494951796626 | 0.013000000000000001 | 0.01 | 0.012 | 0.015 | 0.018000000000000002 | 0.019
Timor-Leste | 0.02166035870270777 | 0.016 | 0.025 | 0.027000000000000003 | 0.022000000000000002 | 0.02 | 0.02
Togo | 0.020000000000000018 | 0.02 | 0.02 | 0.02 | 0.02 | 0.02 | 0.02
Tonga | 0.02060915419878051 | -0.001 | 0.034 | 0.023 | 0.018000000000000002 | 0.024 | 0.026000000000000002
Trinidad and Tobago | 0.012832440932996736 | 0.01 | 0.013999999999999999 | 0.013999999999999999 | 0.013000000000000001 | 0.013000000000000001 | 0.013000000000000001
Tunisia | 0.06897984233306276 | 0.057999999999999996 | 0.063 | 0.069 | 0.073 | 0.075 | 0.076
Turkey | 0.11562612313997622 | 0.136 | 0.11800000000000001 | 0.11 | 0.11 | 0.11 | 0.11
Turkmenistan | 0.06414172134130847 | 0.08 | 0.065 | 0.06 | 0.06 | 0.06 | 0.06
Tuvalu | 0.032496807709777586 | 0.027999999999999997 | 0.03 | 0.035 | 0.034 | 0.034 | 0.034
Uganda | 0.050497027626266844 | 0.052000000000000005 | 0.055 | 0.047 | 0.049 | 0.05 | 0.05
Ukraine | 0.05726604009624481 | 0.079 | 0.068 | 0.051 | 0.046 | 0.05 | 0.05
United Arab Emirates | 0.01581137011724576 | 0.028999999999999998 | 0.012 | 0.008 | 0.012 | 0.016 | 0.018000000000000002
United Kingdom | 0.018998361190412094 | 0.015 | 0.019 | 0.02 | 0.02 | 0.02 | 0.02
United States | 0.02383277695582553 | 0.023 | 0.024 | 0.025 | 0.025 | 0.024 | 0.022000000000000002
Uruguay | 0.05452264911761695 | 0.083 | 0.07400000000000001 | 0.051 | 0.04 | 0.04 | 0.04
Uzbekistan | 0.0732012384418601 | 0.10300000000000001 | 0.11199999999999999 | 0.073 | 0.053 | 0.05 | 0.05
Vanuatu | 0.02266623194282169 | 0.024 | 0.021 | 0.022000000000000002 | 0.023 | 0.023 | 0.023
Venezuela | 55 | 55 | 55 | #VALUE! | #VALUE! | #VALUE! | #VALUE!
Vietnam | 0.03966655977195188 | 0.039 | 0.039 | 0.04 | 0.04 | 0.04 | 0.04
West Bank and Gaza | 0.010826974651545918 | 0.003 | 0.011000000000000001 | 0.012 | 0.013000000000000001 | 0.013000000000000001 | 0.013000000000000001
Yemen | 0.14742919449900005 | 0.306 | 0.192 | 0.14800000000000002 | 0.10300000000000001 | 0.08 | 0.07200000000000001
Zambia | 0.11351504522746025 | 0.17800000000000002 | 0.14800000000000002 | 0.11699999999999999 | 0.092 | 0.078 | 0.07200000000000001
Zimbabwe | 0.22164804953333173 | 0.993 | 0.247 | 0.128 | 0.087 | 0.055999999999999994 | 0.033
Africa (Region) | 0.07604616961297395 | 0.11 | 0.081 | 0.071 | 0.067 | 0.065 | 0.063
Asia and Pacific | 0.028499716257766927 | 0.027000000000000003 | 0.028999999999999998 | 0.027999999999999997 | 0.028999999999999998 | 0.028999999999999998 | 0.028999999999999998
Australia and New Zealand | 0.020161370913958754 | 0.017 | 0.016 | 0.018000000000000002 | 0.022000000000000002 | 0.024 | 0.024
Caribbean | 0.061236634980207816 | 0.084 | 0.075 | 0.063 | 0.054000000000000006 | 0.048 | 0.044000000000000004
Central America | 0.030832133588804878 | 0.031 | 0.027999999999999997 | 0.03 | 0.031 | 0.032 | 0.033
Central Asia and the Caucasus | 0.09445861601980243 | 0.114 | 0.099 | 0.09 | 0.08800000000000001 | 0.08800000000000001 | 0.08800000000000001
East Asia | 0.016328948126180354 | 0.01 | 0.016 | 0.017 | 0.018000000000000002 | 0.018000000000000002 | 0.019
Eastern Europe  | 0.03433097450159872 | 0.039 | 0.032 | 0.033 | 0.034 | 0.034 | 0.034
Europe | 0.020999183805720634 | 0.021 | 0.019 | 0.02 | 0.021 | 0.022000000000000002 | 0.023
Middle East (Region) | 0.07420039680927104 | 0.111 | 0.077 | 0.066 | 0.064 | 0.064 | 0.064
North Africa | 0.0626487189391074 | 0.049 | 0.064 | 0.066 | 0.066 | 0.066 | 0.065
North America | 0.02399967447906315 | 0.023 | 0.024 | 0.025 | 0.025 | 0.024 | 0.023
Pacific Islands  | 0.02965135510085437 | 0.021 | 0.039 | 0.034 | 0.027999999999999997 | 0.027999999999999997 | 0.027999999999999997
South Asia | 0.0458281846906583 | 0.053 | 0.046 | 0.044000000000000004 | 0.044000000000000004 | 0.044000000000000004 | 0.044000000000000004
Southeast Asia | 0.026831802177936348 | 0.023 | 0.027000000000000003 | 0.027000000000000003 | 0.027999999999999997 | 0.027999999999999997 | 0.027999999999999997
Sub-Saharan Africa (Region)  | 0.08314284327585275 | 0.14300000000000002 | 0.09 | 0.07400000000000001 | 0.068 | 0.064 | 0.062
Western Europe | 0.015498563923315611 | 0.013999999999999999 | 0.013000000000000001 | 0.015 | 0.016 | 0.017 | 0.018000000000000002
Western Hemisphere (Region) | 0.0319945077603252 | 0.036000000000000004 | 0.036000000000000004 | 0.033 | 0.031 | 0.028999999999999998 | 0.027000000000000003
ASEAN-5 | 0.026665257391468078 | 0.023 | 0.027000000000000003 | 0.027000000000000003 | 0.027000000000000003 | 0.027999999999999997 | 0.027999999999999997
Advanced economies | 0.017999344798922845 | 0.016 | 0.017 | 0.018000000000000002 | 0.019 | 0.019 | 0.019
Emerging and Developing Asia | 0.026165622935574895 | 0.023 | 0.027000000000000003 | 0.026000000000000002 | 0.027000000000000003 | 0.027000000000000003 | 0.027000000000000003
Emerging and Developing Europe | 0.0556583901773553 | 0.065 | 0.054000000000000006 | 0.053 | 0.054000000000000006 | 0.054000000000000006 | 0.054000000000000006
Emerging market and developing economies | 0.04132572360544118 | 0.049 | 0.044000000000000004 | 0.04 | 0.039 | 0.038 | 0.038
Euro area | 0.015164627841234957 | 0.013999999999999999 | 0.012 | 0.013999999999999999 | 0.016 | 0.017 | 0.018000000000000002
European Union | 0.016665409594634584 | 0.016 | 0.013999999999999999 | 0.016 | 0.017 | 0.018000000000000002 | 0.019
Latin America and the Caribbean | 0.05360190841080947 | 0.07200000000000001 | 0.066 | 0.053 | 0.048 | 0.043 | 0.04
Major advanced economies (G7) | 0.018832774224427862 | 0.017 | 0.018000000000000002 | 0.019 | 0.02 | 0.02 | 0.019
Middle East and Central Asia | 0.07586597198444123 | 0.11199999999999999 | 0.081 | 0.069 | 0.065 | 0.065 | 0.064
Other advanced economies | 0.015330103346232082 | 0.012 | 0.012 | 0.015 | 0.017 | 0.018000000000000002 | 0.018000000000000002
Sub-Saharan Africa | 0.07192187224084479 | 0.098 | 0.078 | 0.069 | 0.065 | 0.062 | 0.06
World | 0.03166542975272457 | 0.035 | 0.032 | 0.031 | 0.031 | 0.031 | 0.03
©IMF, 2021
