Source: http://www.stern.nyu.edu/~adamodar/pc/blog/InflationAssetReturns.xlsx

Sheet: Hist Returns
Nominal Returns | Real Returns | CPI Raw Data | Shiller Home Price Data | http://www.econ.yale.edu//~shiller/data.htm 
Year | Actual Inflation Rate | Unexpected Inflation | S&P 500 (includes dividends) | 3-month T.Bill | US T. Bond |  Baa Corporate Bond | Gold | Real Estate | S&P 500 (includes dividends) | 3-month T.Bill | US T. Bond |  Baa Corporate Bond | Gold | Real Estate | Small minus Large Cap | Value minus Growth | observation_date | CPIAUCNS_PC1 | Year | Real Estate
1928 | -0.0115607 | -0.03851059 | 0.43811155152887893 | 0.0308 | 0.008354708589799302 | 0.03219551470232438 | 0.01491053677932408 | 0.4496722515288789 | 0.0423607 | 0.019915408589799302 | 0.04375621470232438 | 0.02647123677932408 | 0.23990000000000003 | -0.2285 | 1914-01-01 00:00:00 | 1 | 1927 | 5.8379122759411635
1929 | 0.005848 | 0.0004921399999999986 | -0.0829794661190966 | 0.0316 | 0.04203804156320426 | 0.03017856239904043 | -0.020568070519098924 | -0.0888274661190966 | 0.025752000000000004 | 0.03619004156320426 | 0.024330562399040433 | -0.026416070519098923 | -0.37439999999999996 | 0.0025 | 1915-01-01 00:00:00 | 1.9802 | 1928 | 5.924958681646052
1930 | -0.0639535 | -0.055348709999999995 | -0.25123636363636365 | 0.0455 | 0.045409314348970366 | 0.005397809464823829 | -0.04299999999999993 | -0.18728286363636365 | 0.1094535 | 0.10936281434897036 | 0.06935130946482382 | 0.02095350000000007 | -0.262 | -0.272 | 1916-01-01 00:00:00 | 12.62136 | 1929 | 5.803093713659209
1931 | -0.0931677 | -0.07552206 | -0.4383754889178619 | 0.0231 | -0.02558855961942253 | -0.15680775082667592 | -0.08150470219435735 | -0.34520778891786186 | 0.1162677 | 0.06757914038057747 | -0.06364005082667591 | 0.011662997805642658 | -0.016099999999999993 | -0.18089999999999995 | 1917-01-01 00:00:00 | 18.10345 | 1930 | 5.553560683971863
1932 | -0.1027397 | -0.08660203 | -0.08642364532019696 | 0.0107 | 0.08790306990477326 | 0.23589601675740196 | -0.10466439135381123 | 0.016316054679803044 | 0.1134397 | 0.19064276990477325 | 0.33863571675740195 | -0.0019246913538112226 | 0.38489999999999996 | 0.1778 | 1918-01-01 00:00:00 | 20.43796 | 1931 | 5.100919374306445
1933 | 0.007633600000000001 | 0.0317331 | 0.49982225433526023 | 0.0096 | 0.01855272089185736 | 0.1296689369754826 | -0.03811944091486652 | 0.4921886543352602 | 0.0019663999999999984 | 0.01091912089185736 | 0.12203533697548259 | -0.045753040914866525 | 1.0192 | 1.0611 | 1919-01-01 00:00:00 | 14.54545 | 1932 | 4.567034752649797
1934 | 0.0151515 | 0.0408545 | -0.011885656970912803 | 0.0027833333333333334 | 0.0796344261796561 | 0.18816429268482648 | 0.029062087186261465 | -0.0270371569709128 | -0.012368166666666666 | 0.0644829261796561 | 0.17301279268482647 | 0.013910587186261465 | 0.19310000000000002 | -0.25920000000000004 | 1920-01-01 00:00:00 | 2.6455 | 1933 | 4.3929419412400215
1935 | 0.029850699999999997 | 0.054038550000000005 | 0.4674042105263158 | 0.001675 | 0.04472047729656613 | 0.1330773186567917 | 0.09765833726229745 | 0.4375535105263158 | -0.028175699999999998 | 0.01486977729656613 | 0.10322661865679171 | 0.06780763726229745 | 0.13839999999999997 | -0.016899999999999978 | 1921-01-01 00:00:00 | -10.82474 | 1934 | 4.520610002940524
1936 | 0.014492799999999998 | 0.03916379 | 0.3194341027550261 | 0.001725 | 0.0501787540454506 | 0.11383815871922703 | 0.03218601454670411 | 0.3049413027550261 | -0.0127678 | 0.0356859540454506 | 0.09934535871922703 | 0.01769321454670411 | 0.6083000000000001 | 0.2569 | 1922-01-01 00:00:00 | -2.31214 | 1935 | 4.9620852592390055
1937 | 0.028571399999999997 | 0.05067579 | -0.3533672875436554 | 0.002758333333333333 | 0.01379146059646038 | -0.044161916839982614 | 0.025633912223270494 | -0.38193868754365534 | -0.025813066666666662 | -0.014779939403539617 | -0.0727333168399826 | -0.0029374877767295027 | -0.2193 | -0.24730000000000005 | 1923-01-01 00:00:00 | 2.36686 | 1936 | 5.121795007574859
1938 | -0.0277778 | -0.010790439999999995 | 0.29282654028436017 | 0.00065 | 0.04213248532204607 | 0.0923588171368742 | -0.0087368136326752 | 0.3206043402843602 | 0.0284278 | 0.06991028532204607 | 0.12013661713687421 | 0.0190409863673248 | -0.2412 | -0.06629999999999998 | 1924-01-01 00:00:00 | 0 | 1937 | 5.253086651224617
1939 | 0 | 0.018609070000000002 | -0.010975646879756443 | 0.0004583333333333333 | 0.04412261394206067 | 0.0798313776534614 | -0.013016072256937905 | -0.010975646879756443 | 0.0004583333333333333 | 0.04412261394206067 | 0.0798313776534614 | -0.013016072256937905 | -0.0967 | -0.276 | 1925-01-01 00:00:00 | 3.46821 | 1938 | 5.207191412156574
1940 | 0.0071429 | 0.02633677 | -0.10672873194221515 | 0.00035833333333333333 | 0.05402481596284551 | 0.08648137177582957 | 0.03306607685927565 | -0.11387163194221514 | -0.006784566666666667 | 0.04688191596284551 | 0.07933847177582957 | 0.02592317685927565 | -0.25049999999999994 | -0.1693 | 1926-01-01 00:00:00 | -1.11732 | 1939 | 5.139414232480237
1941 | 0.09929080000000001 | 0.11137503000000001 | -0.1277145557655955 | 0.0012916666666666669 | -0.020221975848580105 | 0.05007172857275923 | -0.08384627736444894 | -0.22700535576559552 | -0.09799913333333335 | -0.11951277584858011 | -0.04921907142724078 | -0.18313707736444895 | 0.0516 | 0.133 | 1927-01-01 00:00:00 | -2.25989 | 1940 | 5.309354498503084
1942 | 0.0903226 | 0.08316098 | 0.19173762945914843 | 0.003425 | 0.022948682374484164 | 0.051799010426587015 | 0.03333041217538635 | 0.10141502945914843 | -0.0868976 | -0.06737391762551584 | -0.03852358957341299 | -0.056992187824613655 | 0.4867 | 0.3711 | 1928-01-01 00:00:00 | -1.15607 | 2.694989 | 1941 | 4.8641848885954095
1943 | 0.0295858 | 0.003117949999999998 | 0.25061310133060394 | 0.0038 | 0.0249 | 0.08044670060105924 | 0.11446259964945993 | 0.22102730133060394 | -0.025785799999999998 | -0.0046858 | 0.050860900601059245 | 0.08487679964945993 | 1.1854999999999998 | 0.47350000000000003 | 1929-01-01 00:00:00 | 0.5848 | 0.5355860000000001 | 1942 | 5.026310175829581
1944 | 0.0229885 | -0.00567457 | 0.1903067694944301 | 0.0038 | 0.025776111579070303 | 0.0656586358825617 | 0.16584227481419478 | 0.1673182694944301 | -0.019188499999999997 | 0.0027876115790703045 | 0.0426701358825617 | 0.14285377481419478 | 0.5372 | 0.5318999999999999 | 1930-01-01 00:00:00 | -6.39535 | -0.8604790000000001 | 1943 | 5.601634705199569
1945 | 0.0224719 | -0.006974870000000001 | 0.358210843373494 | 0.0038 | 0.03804417341923723 | 0.06799865477817886 | 0.11777376471356127 | 0.335738943373494 | -0.018671899999999998 | 0.01557227341923723 | 0.04552675477817886 | 0.09530186471356127 | 0.6503 | 0.35840000000000005 | 1931-01-01 00:00:00 | -9.31677 | -1.764564 | 1944 | 6.530622547388007
1946 | 0.1813187 | 0.15260981 | -0.08429147465437781 | 0.0038 | 0.031283745375695685 | 0.025080329773195936 | 0.2410168567758013 | -0.2656101746543778 | -0.1775187 | -0.15003495462430433 | -0.15623837022680406 | 0.059698156775801314 | -0.10189999999999999 | -0.09330000000000002 | 1932-01-01 00:00:00 | -10.27397 | -1.613767 | 1945 | 7.2997585507171605
1947 | 0.08837210000000001 | 0.04298062000000001 | 0.052 | 0.006008333333333333 | 0.009196968062832236 | 0.0026212022665691934 | 0.2126388104648973 | -0.03637210000000001 | -0.08236376666666667 | -0.07917513193716777 | -0.08575089773343081 | 0.12426671046489729 | -0.0769 | 0.024399999999999998 | 1933-01-01 00:00:00 | 0.76336 | -2.40995 | 1946 | 9.059123411833289
1948 | 0.0299145 | -0.021457050000000002 | 0.057045751633986834 | 0.01045 | 0.019510369413175046 | 0.03436959560510321 | 0.020585153855108507 | 0.027131251633986834 | -0.019464500000000003 | -0.010404130586824954 | 0.004455095605103213 | -0.009329346144891493 | -0.048900000000000006 | -0.004500000000000001 | 1934-01-01 00:00:00 | 1.51515 | -2.5703000000000005 | 1947 | 10.98544463798022
1949 | -0.0207469 | -0.07788768000000001 | 0.18303223684210526 | 0.01115 | 0.04663485182797314 | 0.053773011179658936 | 0.0008934851624431417 | 0.20377913684210525 | 0.0318969 | 0.06738175182797314 | 0.07451991117965893 | 0.02164038516244314 | 0.0891 | -0.0723 | 1935-01-01 00:00:00 | 2.98507 | -2.4187850000000006 | 1948 | 11.21158170601982
1950 | 0.059322 | 0.004255909999999988 | 0.30805539011316263 | 0.012033333333333333 | 0.00429595741710961 | 0.042388173056720914 | 0.03640392529281433 | 0.24873339011316264 | -0.047288666666666666 | -0.055026042582890386 | -0.016933826943279086 | -0.022918074707185668 | 0.23389999999999997 | 0.39990000000000003 | 1936-01-01 00:00:00 | 1.44928 | -2.467099 | 1949 | 11.221599087921668
1951 | 0.06 | -0.00028400000000000647 | 0.2367846304454234 | 0.015175000000000001 | -0.0029531392208319886 | -0.001909809130136969 | 0.060476481368356705 | 0.1767846304454234 | -0.044825 | -0.06295313922083198 | -0.06190980913013697 | 0.00047648136835670707 | -0.1838 | -0.132 | 1937-01-01 00:00:00 | 2.85714 | -2.210439 | 1950 | 11.630109342784282
1952 | 0.0075472 | -0.04880772000000001 | 0.18150988641144306 | 0.017225 | 0.022679961918305656 | 0.04441241504740077 | 0.044066820276497776 | 0.17396268641144305 | 0.0096778 | 0.015132761918305655 | 0.03686521504740077 | 0.03651962027649778 | -0.1323 | 0.17589999999999997 | 1938-01-01 00:00:00 | -2.77778 | -1.6987360000000002 | 1951 | 12.333457433765126
1953 | 0.007490599999999999 | -0.04058678 | -0.012082047421904465 | 0.018908333333333333 | 0.04143840258908851 | 0.016201123818443276 | 0.11516568544995809 | -0.019572647421904465 | 0.011417733333333333 | 0.03394780258908851 | 0.008710523818443276 | 0.10767508544995809 | -0.06939999999999999 | -0.17559999999999998 | 1939-01-01 00:00:00 | 0 | -1.8609070000000003 | 1952 | 12.876953685886688
1954 | -0.0074348999999999995 | -0.053302760000000005 | 0.525633212414349 | 0.009383333333333334 | 0.032898034558095555 | 0.061579051817707856 | 0.009227220299884653 | 0.533068112414349 | 0.016818233333333335 | 0.04033293455809556 | 0.06901395181770785 | 0.016662120299884654 | 0.16200000000000003 | 0.18229999999999996 | 1940-01-01 00:00:00 | 0.71429 | -1.9193869999999997 | 1953 | 14.359936883629192
1955 | 0.0037452999999999996 | -0.03908022 | 0.3259733185102835 | 0.01725 | -0.013364391288618781 | 0.02044690004344954 | 0 | 0.3222280185102835 | 0.013504700000000001 | -0.01710969128861878 | 0.01670160004344954 | -0.0037452999999999996 | -0.013100000000000023 | -0.1359 | 1941-01-01 00:00:00 | 9.92908 | -1.2084230000000002 | 1954 | 14.492439184746878
1956 | 0.029850699999999997 | -0.011102160000000003 | 0.07439511873350935 | 0.026275 | -0.022557738173154165 | -0.023526541979620903 | 0.00914285714285712 | 0.04454441873350935 | -0.0035756999999999976 | -0.05240843817315416 | -0.053377241979620904 | -0.020707842857142878 | -0.09 | -0.05260000000000001 | 1942-01-01 00:00:00 | 9.03226 | 0.7161620000000001 | 1955 | 14.492439184746878
1957 | 0.0289855 | 0.003179440000000002 | -0.1045736018855796 | 0.03225 | 0.0679701284662499 | -0.007189284402542365 | 0.027180067950169917 | -0.1335591018855796 | 0.0032645 | 0.03898462846624991 | -0.03617478440254236 | -0.0018054320498300837 | -0.0616 | -0.1528 | 1943-01-01 00:00:00 | 2.95858 | 2.646785 | 1956 | 14.624941485864563
1958 | 0.0176056 | -0.0022618000000000013 | 0.43719954988747184 | 0.017708333333333333 | -0.020990181755274694 | 0.06430092897336026 | 0.006615214994487362 | 0.41959394988747184 | 0.00010273333333333384 | -0.03859578175527469 | 0.04669532897336026 | -0.010990385005512637 | 0.2811999999999999 | 0.3293000000000001 | 1944-01-01 00:00:00 | 2.29885 | 2.866307 | 1957 | 15.02244838921762
1959 | 0.017301 | -0.0013355100000000016 | 0.12056457163557326 | 0.03385833333333333 | -0.026466312591385065 | 0.015743430895022732 | 0.0010952902519167917 | 0.10326357163557326 | 0.01655733333333333 | -0.04376731259138507 | -0.0015575691049772682 | -0.01620570974808321 | -0.001100000000000012 | -0.024899999999999985 | 1945-01-01 00:00:00 | 2.24719 | 2.944677 | 1958 | 15.121825115055884
1960 | 0.0136054 | -0.008835899999999997 | 0.00336535314743695 | 0.028833333333333332 | 0.11639503690963365 | 0.06663187163303434 | 0.007658643326039272 | -0.01024004685256305 | 0.015227933333333332 | 0.10278963690963365 | 0.05302647163303434 | -0.0059467566739607285 | -0.0313 | -0.1343 | 1946-01-01 00:00:00 | 18.13187 | 2.870889 | 1959 | 15.138387902695596
1961 | 0.006711399999999999 | -0.01115824 | 0.2663771295818275 | 0.023541666666666666 | 0.020609208076323167 | 0.051 | 0.009771986970684043 | 0.25966572958182754 | 0.016830266666666666 | 0.013897808076323168 | 0.0442886 | 0.003060586970684044 | 0.023500000000000014 | 0.09399999999999999 | 1947-01-01 00:00:00 | 8.83721 | 4.539148 | 1960 | 15.25432741617357
1962 | 0.0133333 | 0.0007925199999999997 | -0.08811460517120888 | 0.027733333333333336 | 0.05693544054008462 | 0.06495327993606576 | 0.003225806451612634 | -0.10144790517120889 | 0.014400033333333336 | 0.04360214054008462 | 0.051619979936065756 | -0.010107493548387365 | -0.02040000000000001 | 0.1293 | 1948-01-01 00:00:00 | 2.99145 | 5.137155 | 1961 | 15.403392504930968
1963 | 0.0164474 | 0.0033280099999999993 | 0.22611927099841514 | 0.031591666666666664 | 0.016841620739546127 | 0.054644805711862345 | 0.02143622722400873 | 0.20967187099841514 | 0.015144266666666663 | 0.0003942207395461264 | 0.038197405711862344 | 0.0049888272240087295 | -0.029600000000000008 | 0.16790000000000002 | 1949-01-01 00:00:00 | -2.07469 | 5.714078000000001 | 1962 | 15.453080867850097
1964 | 0.0097087 | -0.00430637 | 0.16415455878432425 | 0.03546666666666667 | 0.037280648911540815 | 0.05161739272285027 | 0.012591815320041944 | 0.15444585878432426 | 0.025757966666666667 | 0.027571948911540814 | 0.04190869272285027 | 0.002883115320041943 | 0.07280000000000002 | 0.0845 | 1950-01-01 00:00:00 | 5.9322 | 5.506609000000001 | 1963 | 15.784336620644313
1965 | 0.0192308 | 0.00350137 | 0.12399242477876114 | 0.03949166666666667 | 0.007188550935926234 | 0.03190009462253881 | 0.01658031088082912 | 0.10476162477876114 | 0.02026086666666667 | -0.012042249064073765 | 0.01266929462253881 | -0.0026504891191708804 | 0.3680999999999999 | 0.1642 | 1951-01-01 00:00:00 | 6 | 6.0284 | 1964 | 15.983090072320842
1966 | 0.0345912 | 0.017313220000000004 | -0.0997095423563779 | 0.048625 | 0.029079409324299622 | -0.03445361597577637 | 0.012232415902140525 | -0.1343007423563779 | 0.014033799999999999 | -0.00551179067570038 | -0.06904481597577637 | -0.022358784097859477 | 0.013600000000000011 | -0.0292 | 1952-01-01 00:00:00 | 0.75472 | 5.635492000000001 | 1965 | 16.248094674556214
1967 | 0.030395099999999998 | 0.012643069999999996 | 0.23802966513133328 | 0.04306666666666667 | -0.015806209932824666 | 0.008952266148446825 | 0.023162134944612278 | 0.20763456513133327 | 0.012671566666666672 | -0.04620130993282466 | -0.021442833851553173 | -0.00723296505538772 | 0.9504 | -0.0343 | 1953-01-01 00:00:00 | 0.74906 | 4.8077380000000005 | 1966 | 16.44684812623274
1968 | 0.0471976 | 0.02930461 | 0.10814862651601535 | 0.05338333333333333 | 0.032746196950768365 | 0.04845146224309746 | 0.04133858267716528 | 0.060951026516015354 | 0.006185733333333332 | -0.014451403049231634 | 0.0012538622430974602 | -0.005859017322834718 | 0.5274 | 0.26839999999999997 | 1954-01-01 00:00:00 | -0.74349 | 4.586786 | Gold Prices | 1967 | 16.82779224194609
1969 | 0.0619718 | 0.04111961 | -0.08241371076449064 | 0.06666666666666667 | -0.050140493209926106 | -0.02025164250792147 | 0.06994328922495274 | -0.14438551076449063 | 0.004694866666666665 | -0.1121122932099261 | -0.08222344250792146 | 0.007971489224952742 | -0.27390000000000003 | -0.3267 | 1955-01-01 00:00:00 | 0.37453 | 4.282552 | 35.21 | 1968 | 17.52342932281394
1970 | 0.0557029 | 0.03038363 | 0.03561144905496419 | 0.06391666666666666 | 0.16754737183412338 | 0.05649567656988873 | 0.06148821357568868 | 0.08215547703180204 | -0.02009145094503581 | 0.008213766666666664 | 0.11184447183412338 | 0.0007927765698887285 | 0.0057853135756886775 | 0.026452577031802038 | -0.21150000000000002 | 0.2043 | 1956-01-01 00:00:00 | 2.98507 | 4.095286 | 37.375 | 1969 | 18.749075608152534
1971 | 0.0326633 | 0.0031342799999999997 | 0.14221150298426474 | 0.043324999999999995 | 0.09786896619712297 | 0.1400146617421994 | 0.16387959866220725 | 0.0424489795918368 | 0.10954820298426474 | 0.010661699999999996 | 0.06520566619712298 | 0.10735136174219939 | 0.13121629866220724 | 0.0097856795918368 | 0.02040000000000001 | -0.07219999999999999 | 1957-01-01 00:00:00 | 2.89855 | 2.580606 | 43.5 | 1970 | 20.289414858645628
1972 | 0.0340633 | 0.0019390899999999975 | 0.18755362915074925 | 0.040725 | 0.02818449050444969 | 0.11409093579389698 | 0.4873563218390806 | 0.029757243539545897 | 0.15349032915074926 | 0.0066616999999999996 | -0.005878809495550308 | 0.08002763579389699 | 0.4532930218390806 | -0.004306056460454101 | -0.21660000000000001 | -0.1705 | 1958-01-01 00:00:00 | 1.76056 | 1.98674 | 64.7 | 1971 | 21.150679815910586
1973 | 0.0870588 | 0.05286159000000001 | -0.14308047437526472 | 0.07031666666666667 | 0.036586646024150085 | 0.043180404854323576 | 0.7349304482225656 | 0.034220532319391594 | -0.2301392743752647 | -0.01674213333333334 | -0.05047215397584992 | -0.04387839514567643 | 0.6478716482225656 | -0.05283826768060841 | -0.2535 | 0.17859999999999998 | 1959-01-01 00:00:00 | 1.7301 | 1.8636510000000002 | 112.25 | 1972 | 21.780065746219595
1974 | 0.1233766 | 0.08211825 | -0.2590178575089697 | 0.0783 | 0.019886086932378574 | -0.04380719797719167 | 0.6703786191536749 | 0.10073529411764692 | -0.3823944575089697 | -0.04507660000000001 | -0.10349051306762143 | -0.16718379797719168 | 0.5470020191536749 | -0.02264130588235308 | 0.01039999999999999 | 0.09210000000000002 | 1960-01-01 00:00:00 | 1.36054 | 2.2441299999999997 | 187.5 | 1973 | 22.525391190006577
1975 | 0.0693642 | 0.01673906 | 0.36995137106184356 | 0.05775 | 0.03605253602603384 | 0.11049964074144952 | -0.252 | 0.06773709374926429 | 0.30058717106184357 | -0.011614199999999998 | -0.03331166397396616 | 0.04113544074144952 | -0.3213642 | -0.0016271062507357131 | 0.26230000000000003 | 0.16880000000000003 | 1961-01-01 00:00:00 | 0.67114 | 1.786964 | 140.25 | 1974 | 24.794493096646942
1976 | 0.0486486 | -0.008989880000000006 | 0.23830999002106662 | 0.04974166666666667 | 0.1598456074290921 | 0.19752813987098014 | -0.04064171122994642 | 0.08177834856840671 | 0.18966139002106663 | 0.00109306666666667 | 0.1111970074290921 | 0.14887953987098013 | -0.08929031122994642 | 0.03312974856840671 | 0.2777 | 0.514 | 1962-01-01 00:00:00 | 1.33333 | 1.254078 | 134.55 | 1975 | 26.474
1977 | 0.06701030000000001 | 0.007966080000000007 | -0.06979704075935232 | 0.05269166666666667 | 0.012899606071070449 | 0.09954662852090639 | 0.23076923076923062 | 0.14654841300324728 | -0.13680734075935233 | -0.014318633333333337 | -0.05411069392892956 | 0.03253632852090638 | 0.1637589307692306 | 0.07953811300324727 | 0.39590000000000003 | 0.1668 | 1963-01-01 00:00:00 | 1.64474 | 1.3119390000000002 | 165.6 | 1976 | 28.639
1978 | 0.0901771 | 0.02747136 | 0.0650928391167193 | 0.07188333333333334 | -0.007775806907508648 | 0.03137584977169086 | 0.3556763285024156 | 0.15723596053112443 | -0.025084260883280696 | -0.018293766666666655 | -0.09795290690750864 | -0.058801250228309135 | 0.2654992285024156 | 0.06705886053112443 | 0.22640000000000002 | 0.009800000000000005 | 1964-01-01 00:00:00 | 0.97087 | 1.401507 | 224.5 | 1977 | 32.836
1979 | 0.13293939999999999 | 0.06593570999999998 | 0.18519490167516386 | 0.10069166666666667 | 0.006707203124723546 | -0.020091101436615355 | 1.3340757238307348 | 0.13742466907023854 | 0.05225550167516388 | -0.03224773333333332 | -0.12623219687527643 | -0.15303050143661534 | 1.2011363238307349 | 0.004485269070238551 | 0.2971 | 0.21160000000000004 | 1965-01-01 00:00:00 | 1.92308 | 1.572943 | 524 | 1978 | 37.999
1980 | 0.125163 | 0.05106255 | 0.3173524550676301 | 0.11434166666666666 | -0.02989744251999403 | -0.033156783371910456 | 0.125 | 0.07396867263598716 | 0.1921894550676301 | -0.010821333333333336 | -0.155060442519994 | -0.15831978337191044 | -0.00016299999999999648 | -0.05119432736401283 | 0.0864 | -0.2663 | 1966-01-01 00:00:00 | 3.45912 | 1.727798 | 589.5 | 1979 | 43.221
1981 | 0.0892236 | 0.008177140000000013 | -0.04702390247495576 | 0.14025 | 0.08199215335892354 | 0.08462399480891206 | -0.3214588634435963 | 0.050950062475763724 | -0.13624750247495576 | 0.05102640000000001 | -0.007231446641076458 | -0.004599605191087944 | -0.4106824634435963 | -0.038273537524236276 | 0.0349 | 0.2564 | 1967-01-01 00:00:00 | 3.03951 | 1.775203 | 400 | 1980 | 46.418
1982 | 0.0382979 | -0.04840459000000002 | 0.20419055079559353 | 0.10614166666666666 | 0.32814549486295586 | 0.2905245565590866 | 0.1200000000000001 | 0.005637209683701183 | 0.16589265079559354 | 0.06784376666666667 | 0.28984759486295586 | 0.2522266565590866 | 0.08170210000000011 | -0.03266069031629882 | 0.0831 | 0.30389999999999995 | 1968-01-01 00:00:00 | 4.71976 | 1.7892990000000002 | 448 | 1981 | 48.783
1983 | 0.0379098 | -0.04921615000000001 | 0.22337155858930619 | 0.08610833333333334 | 0.032002094451429264 | 0.16194289622798366 | -0.1484375 | 0.04749480207101797 | 0.1854617585893062 | 0.04819853333333334 | -0.005907705548570737 | 0.12403309622798367 | -0.1863473 | 0.009585002071017971 | 0.1628 | 0.29009999999999997 | 1969-01-01 00:00:00 | 6.19718 | 2.085219 | 381.5 | 1982 | 49.058
1984 | 0.0394867 | -0.042724349999999994 | 0.0614614199963621 | 0.095225 | 0.13733364344102345 | 0.15619207332454216 | -0.19003931847968547 | 0.04678134973145487 | 0.0219747199963621 | 0.055738300000000005 | 0.09784694344102345 | 0.11670537332454216 | -0.22952601847968546 | 0.007294649731454869 | -0.2348 | 0.3025 | 1970-01-01 00:00:00 | 5.57029 | 2.531927 | 309 | 1983 | 51.388
1985 | 0.0379867 | -0.03583536 | 0.3123514948576895 | 0.07479166666666667 | 0.2571248821260641 | 0.23862641849916477 | 0.058252427184465994 | 0.07471371207614519 | 0.2743647948576895 | 0.036804966666666675 | 0.21913818212606412 | 0.2006397184991648 | 0.020265727184465995 | 0.03672701207614519 | -0.07240000000000002 | 0.006800000000000033 | 1971-01-01 00:00:00 | 3.26633 | 2.952902 | 327 | 1984 | 53.792
1986 | 0.010979000000000001 | -0.05970531 | 0.18494578758046187 | 0.059783333333333334 | 0.24284215141767618 | 0.21485515309759495 | 0.19541284403669712 | 0.09612357509816483 | 0.17396678758046188 | 0.04880433333333333 | 0.2318631514176762 | 0.20387615309759496 | 0.18443384403669713 | 0.08514457509816482 | -0.16510000000000002 | 0.0986 | 1972-01-01 00:00:00 | 3.40633 | 3.212421 | 390.9 | 1985 | 57.811
1987 | 0.0443439 | -0.022573449999999988 | 0.05812721641821871 | 0.05775 | -0.04960508937926228 | 0.02289846084276681 | 0.24456382706574575 | 0.0787621512435297 | 0.013783316418218713 | 0.013406100000000004 | -0.09394898937926227 | -0.02144543915723319 | 0.20021992706574576 | 0.0344182512435297 | -0.193 | 0.0010000000000000009 | 1973-01-01 00:00:00 | 8.70588 | 3.419721 | 486.5 | 1986 | 63.368
1988 | 0.0441941 | -0.02045661 | 0.16537192812044688 | 0.066675 | 0.08223595843484167 | 0.1511507006712003 | -0.1569373072970196 | 0.07210462411679508 | 0.12117782812044688 | 0.022480899999999998 | 0.038041858434841674 | 0.10695660067120029 | -0.20113140729701962 | 0.02791052411679508 | 0.00620000000000001 | 0.2298 | 1974-01-01 00:00:00 | 12.33766 | 4.125835 | 410.15 | 1987 | 68.359
1989 | 0.04647300000000001 | -0.013579409999999993 | 0.31475183638196724 | 0.08111666666666667 | 0.17693647159446219 | 0.15789666531437313 | -0.022308911373887574 | 0.04381344831350287 | 0.26827883638196726 | 0.03464366666666666 | 0.13046347159446217 | 0.11142366531437312 | -0.06878191137388759 | -0.00265955168649714 | -0.25909999999999994 | -0.07970000000000002 | 1975-01-01 00:00:00 | 6.93642 | 5.262514 | 401 | 1988 | 73.288
1990 | 0.061062599999999995 | 0.009656829999999991 | -0.03064451612903212 | 0.07493333333333334 | 0.06235375333553336 | 0.06140062886081704 | -0.02493765586034913 | -0.00691512307350417 | -0.09170711612903211 | 0.013870733333333343 | 0.0012911533355333682 | 0.00033802886081704675 | -0.08600025586034912 | -0.06797772307350416 | -0.2705 | -0.3557 | 1976-01-01 00:00:00 | 4.86486 | 5.763848 | 391 | 1989 | 76.499
1991 | 0.0306428 | -0.014352929999999996 | 0.3023484313487976 | 0.05375 | 0.15004510019517303 | 0.17853487146763175 | -0.0961636828644502 | -0.001579570883243453 | 0.27170563134879755 | 0.023107199999999998 | 0.11940230019517303 | 0.14789207146763175 | -0.1268064828644502 | -0.03222237088324345 | 0.16610000000000003 | -0.2965 | 1977-01-01 00:00:00 | 6.70103 | 5.904422 | 353.4 | 1990 | 75.97
1992 | 0.0290065 | -0.010131150000000002 | 0.07493727972380064 | 0.03431666666666667 | 0.09361637316207942 | 0.12172255869896652 | -0.058007923033389974 | 0.008174027686222773 | 0.045930779723800635 | 0.005310166666666668 | 0.06460987316207942 | 0.09271605869896651 | -0.08701442303338998 | -0.020832472313777228 | 0.19899999999999998 | 0.42230000000000006 | 1978-01-01 00:00:00 | 9.01771 | 6.270574 | 332.9 | 1991 | 75.85
1993 | 0.027484099999999997 | -0.010724410000000004 | 0.0996705147919488 | 0.029975 | 0.14210957589263107 | 0.16431517219561104 | 0.17347551817362583 | 0.021577089054531262 | 0.0721864147919488 | 0.0024909000000000042 | 0.11462547589263107 | 0.13683107219561103 | 0.14599141817362582 | -0.005907010945468735 | 0.1861 | 0.34010000000000007 | 1979-01-01 00:00:00 | 13.29394 | 6.700369 | 390.65 | 1992 | 76.47
1994 | 0.026749000000000002 | -0.010416939999999993 | 0.013259206774573897 | 0.04246666666666667 | -0.08036655550998592 | -0.013192033475710699 | -0.020862664789453422 | 0.02508960573476693 | -0.013489793225426105 | 0.01571766666666667 | -0.10711555550998592 | -0.0399410334757107 | -0.047611664789453424 | -0.0016593942652330732 | -0.0715 | -0.035699999999999996 | 1980-01-01 00:00:00 | 12.5163 | 7.410044999999999 | 382.5 | 1993 | 78.12
1995 | 0.0253841 | -0.010508070000000001 | 0.3719519890260631 | 0.054900000000000004 | 0.23480780112538907 | 0.2015621817064022 | 0.01098039215686275 | 0.01798201798201804 | 0.34656788902606306 | 0.029515900000000005 | 0.20942370112538908 | 0.1761780817064022 | -0.01440370784313725 | -0.0074020820179819605 | -0.07269999999999996 | 0.07850000000000001 | 1981-01-01 00:00:00 | 8.92236 | 8.104645999999999 | 386.7 | 1994 | 80.08
1996 | 0.0332248 | -0.0014071099999999961 | 0.2268096601886579 | 0.05005833333333334 | 0.01428607793401844 | 0.0479259941944115 | -0.04434962503232476 | 0.024165848871442686 | 0.1935848601886579 | 0.016833533333333338 | -0.01893872206598156 | 0.014701194194411502 | -0.07757442503232476 | -0.009058951128557313 | -0.0993 | 0.05060000000000002 | 1982-01-01 00:00:00 | 3.82979 | 8.670249000000002 | 369.55 | 1995 | 81.52
1997 | 0.017023999999999997 | -0.01983249 | 0.33103653103653097 | 0.05060833333333333 | 0.09939130272977531 | 0.11834887244426365 | -0.2174265999188203 | 0.04024434063959759 | 0.314012531036531 | 0.033584333333333334 | 0.08236730272977531 | 0.10132487244426365 | -0.23445059991882028 | 0.02322034063959759 | -0.13000000000000003 | 0.03759999999999998 | 1983-01-01 00:00:00 | 3.79098 | 8.712595 | 289.2 | 1996 | 83.49
1998 | 0.016119 | -0.018005499999999994 | 0.28337953278443584 | 0.047766666666666666 | 0.14921431922606215 | 0.07945456132707081 | -0.006051175656984764 | 0.06447898675877961 | 0.26726053278443584 | 0.031647666666666664 | 0.13309531922606216 | 0.0633355613270708 | -0.022170175656984765 | 0.04835998675877961 | -0.4975 | -0.2585 | 1984-01-01 00:00:00 | 3.94867 | 8.221105 | 287.45 | 1997 | 86.85
1999 | 0.026845599999999997 | -0.004471389999999999 | 0.20885350992084475 | 0.04638333333333334 | -0.08254214796268576 | 0.008431634754821865 | 0.01182814402504806 | 0.07679826933477552 | 0.18200790992084476 | 0.01953773333333334 | -0.10938774796268576 | -0.018413965245178132 | -0.015017455974951938 | 0.04995266933477552 | 0.16720000000000002 | -0.22440000000000002 | 1985-01-01 00:00:00 | 3.79867 | 7.382205999999999 | 290.85 | 1998 | 92.45
2000 | 0.0338681 | 0.004513850000000003 | -0.09031818955249278 | 0.058166666666666665 | 0.16655267125397488 | 0.09329685521037204 | -0.06257521058965121 | 0.09281767955801112 | -0.12418628955249278 | 0.024298566666666667 | 0.13268457125397487 | 0.05942875521037204 | -0.09644331058965121 | 0.058949579558011125 | 0.027300000000000005 | 0.3444 | 1986-01-01 00:00:00 | 1.0979 | 7.0684309999999995 | 272.65 | 1999 | 99.55
2001 | 0.0155172 | -0.0111176 | -0.11849759142000185 | 0.033883333333333335 | 0.055721811892492555 | 0.07819150754287824 | 0.01412066752246477 | 0.0667340748230536 | -0.13401479142000186 | 0.018366133333333333 | 0.04020461189249255 | 0.06267430754287824 | -0.0013965324775352308 | 0.0512168748230536 | 0.4729 | 0.3668 | 1987-01-01 00:00:00 | 4.43439 | 6.691734999999999 | 276.5 | 2000 | 108.79
2002 | 0.0237691 | -0.0013531399999999957 | -0.219660479579127 | 0.016025 | 0.15116400378109285 | 0.12177867693975485 | 0.23960216998191686 | 0.09564842740198198 | -0.24342957957912698 | -0.0077441 | 0.12739490378109286 | 0.09800957693975484 | 0.21583306998191687 | 0.07187932740198198 | 0.20339999999999997 | 0.10949999999999999 | 1988-01-01 00:00:00 | 4.41941 | 6.465071 | 342.75 | 2001 | 116.05
2003 | 0.0187949 | -0.005803599999999999 | 0.2835580005001023 | 0.010108333333333332 | 0.003753185881775853 | 0.1353201209685757 | 0.2173595915390225 | 0.0981517892253243 | 0.2647631005001023 | -0.008686566666666668 | -0.015041714118224147 | 0.1165252209685757 | 0.1985646915390225 | 0.0793568892253243 | 0.6594 | 0.35730000000000006 | 1989-01-01 00:00:00 | 4.6473 | 6.005241 | 417.25 | 2002 | 127.15
2004 | 0.0325556 | 0.00882602 | 0.10742775944096193 | 0.013716666666666665 | 0.04490683702274547 | 0.09888628408721839 | 0.049730377471539855 | 0.13636038100694692 | 0.07487215944096193 | -0.018838933333333332 | 0.012351237022745473 | 0.0663306840872184 | 0.017174777471539858 | 0.10380478100694693 | 0.09369999999999998 | 0.1637 | 1990-01-01 00:00:00 | 6.10626 | 5.140577 | 438 | 2003 | 139.63
2005 | 0.0341566 | 0.009846360000000005 | 0.048344775232688535 | 0.031466666666666664 | 0.028675329597779506 | 0.0491753798716953 | 0.17123287671232879 | 0.1351232116972334 | 0.014188175232688532 | -0.0026899333333333386 | -0.005481270402220496 | 0.015018779871695295 | 0.13707627671232878 | 0.1009666116972334 | 0.0048 | 0.1301 | 1991-01-01 00:00:00 | 3.06428 | 4.499573 | 513 | 2004 | 158.67
2006 | 0.0254065 | 0.00021901000000000212 | 0.15612557979315703 | 0.047266666666666665 | 0.019610012417568386 | 0.07048397662889147 | 0.2391812865497076 | 0.017322747210038125 | 0.13071907979315703 | 0.021860166666666667 | -0.005796487582431613 | 0.04507747662889147 | 0.2137747865497076 | -0.008083752789961873 | 0.027199999999999988 | 0.11639999999999999 | 1992-01-01 00:00:00 | 2.90065 | 3.9137650000000006 | 635.7 | 2005 | 180.11
2007 | 0.0408127 | 0.01640704 | 0.054847352464217694 | 0.043533333333333334 | 0.10209921930012807 | 0.031503861528055586 | 0.315872266792512 | -0.053975877312667064 | 0.014034652464217694 | 0.0027206333333333332 | 0.061286519300128066 | -0.009308838471944414 | 0.27505956679251203 | -0.09478857731266707 | -0.1519 | -0.1477 | 1993-01-01 00:00:00 | 2.74841 | 3.820851 | 836.5 | 2006 | 183.23
2008 | 0.0009141 | -0.02587043 | -0.3655234411179819 | 0.01365 | 0.20101279926977011 | -0.05065714628748874 | 0.034070531978481755 | -0.11999538479289262 | -0.3664375411179819 | 0.012735900000000001 | 0.20009869926977011 | -0.05157124628748874 | 0.033156431978481754 | -0.12090948479289262 | -0.08190000000000004 | -0.0493 | 1994-01-01 00:00:00 | 2.6749 | 3.7165939999999997 | 865 | 2007 | 173.34
2009 | 0.0272133 | 0.0019492600000000013 | 0.2593523387766398 | 0.0015 | -0.11116695313259162 | 0.23329502491661896 | 0.2763005780346821 | -0.03848170971548448 | 0.23213903877663983 | -0.025713299999999998 | -0.1383802531325916 | 0.20608172491661897 | 0.2490872780346821 | -0.06569500971548448 | 0.20979999999999996 | -0.2106 | 1995-01-01 00:00:00 | 2.53841 | 3.589217 | 1104 | 2008 | 152.54
2010 | 0.014957199999999999 | -0.010343610000000001 | 0.14821092278719414 | 0.0013666666666666666 | 0.08462933880355772 | 0.08347842365906613 | 0.2774003623188406 | -0.04118088225267602 | 0.13325372278719413 | -0.013590533333333332 | 0.06967213880355771 | 0.06852122365906613 | 0.2624431623188406 | -0.05613808225267602 | 0.152 | -0.037099999999999994 | 1996-01-01 00:00:00 | 3.32248 | 3.4631909999999997 | 1410.25 | 2009 | 146.67
2011 | 0.0296242 | 0.006214480000000001 | 0.0209837473362805 | 0.000525 | 0.16035334999461354 | 0.125845144013723 | 0.11646871122141467 | -0.03882528621204584 | -0.0086404526637195 | -0.0290992 | 0.13072914999461355 | 0.09622094401372298 | 0.08684451122141466 | -0.06844948621204584 | -0.1751 | -0.38799999999999996 | 1997-01-01 00:00:00 | 1.7024 | 3.685649 | 1574.5 | 2010 | 140.63
2012 | 0.0174102 | -0.007410219999999999 | 0.15890585241730293 | 0.0008583333333333333 | 0.02971571978018946 | 0.10124677875843502 | 0.056843442362654706 | 0.06436339424428517 | 0.14149565241730294 | -0.016551866666666668 | 0.012305519780189459 | 0.08383657875843502 | 0.039433242362654705 | 0.046953194244285165 | 0.024800000000000003 | 0.2309 | 1998-01-01 00:00:00 | 1.6119 | 3.4124499999999998 | 1664 | 2011 | 135.17
2013 | 0.0150174 | -0.009167129999999996 | 0.32145085858125483 | 0.0005833333333333334 | -0.09104568794347262 | -0.010559012069494618 | -0.27794471153846156 | 0.10718009313963983 | 0.3064334585812548 | -0.014434066666666667 | -0.10606308794347262 | -0.025576412069494618 | -0.2929621115384616 | 0.09216269313963983 | 0.17170000000000002 | 0.18470000000000003 | 1999-01-01 00:00:00 | 2.68456 | 3.131699 | 1201.5 | 2012 | 143.87
2014 | 0.0075649 | -0.01624188 | 0.13524421649462237 | 0.000325 | 0.10746180452004755 | 0.10384907822030469 | -0.0018726591760299671 | 0.04513779898298709 | 0.12767931649462236 | -0.0072399000000000005 | 0.09989690452004756 | 0.09628417822030469 | -0.009437559176029967 | 0.03757289898298709 | -0.113 | -0.0271 | 2000-01-01 00:00:00 | 3.38681 | 2.9354249999999995 | 1199.25 | 2013 | 159.29
2015 | 0.007295199999999999 | -0.014012510000000002 | 0.013788916411676138 | 0.000525 | 0.012842996709792224 | -0.006975183679032486 | -0.11423806545757764 | 0.05207832772705445 | 0.0064937164116761386 | -0.006770199999999999 | 0.005547796709792225 | -0.014270383679032484 | -0.12153326545757764 | 0.04478312772705445 | -0.1118 | -0.2102 | 2001-01-01 00:00:00 | 1.55172 | 2.66348 | 1062.25 | 2014 | 166.48
2016 | 0.0207462 | 0.0021246299999999954 | 0.11773080874798171 | 0.003175 | 0.006905504698747792 | 0.10365105821793222 | 0.09117439397505289 | 0.05309734513274322 | 0.0969846087479817 | -0.0175712 | -0.013840695301252207 | 0.08290485821793223 | 0.0704281939750529 | 0.032351145132743224 | 0.0678 | 0.2456 | 2002-01-01 00:00:00 | 2.37691 | 2.512224 | 1159.1 | 2015 | 175.15
2017 | 0.0210908 | 0.002935260000000002 | 0.2160548143449928 | 0.009308333333333333 | 0.028017162707789457 | 0.09723901946248836 | 0.11854024674316288 | 0.06213065871509893 | 0.1949640143449928 | -0.011782466666666666 | 0.006926362707789457 | 0.07614821946248837 | 0.09744944674316289 | 0.04103985871509893 | -0.08239999999999999 | -0.1039 | 2003-01-01 00:00:00 | 1.87949 | 2.45985 | 1296.5 | 2016 | 184.45
2018 | 0.0191016 | 0.002918250000000004 | -0.04226869289088544 | 0.019391666666666668 | -0.00016692385713402633 | -0.027626282217172247 | -0.011453914384882302 | 0.04532693583788472 | -0.06137029289088544 | 0.00029006666666666833 | -0.019268523857134026 | -0.04672788221717225 | -0.030555514384882302 | 0.02622533583788472 | -0.13509999999999997 | -0.2562 | 2004-01-01 00:00:00 | 3.25556 | 2.3729579999999997 | 1281.65 | 2017 | 195.91
2019 | 0.0228513 | 0.004849200000000001 | 0.31211679996808755 | 0.0155 | 0.09635630741548393 | 0.15329457562368487 | 0.18831194163773257 | 0.03691586503247235 | 0.28926549996808754 | -0.007351300000000002 | 0.07350500741548392 | 0.13044327562368488 | 0.16546064163773258 | 0.014064565032472349 | -0.1955 | -0.12090000000000004 | 2005-01-01 00:00:00 | 3.41566 | 2.431024 | 1523 | 2018 | 204.79
2020 | 0.0136201 | -0.003945799999999999 | 0.18013916144089043 | 0.0009 | 0.1133189764661412 | 0.10411537157111345 | 0.2416940249507551 | 0.10346126677654821 | 0.16651906144089043 | -0.0127201 | 0.0996988764661412 | 0.09049527157111345 | 0.2280739249507551 | 0.08984116677654821 | 0.12210000000000004 | -0.5972 | 2006-01-01 00:00:00 | 2.54065 | 2.5187489999999997 | 1891.1 | 2019 | 212.35
2007-01-01 00:00:00 | 4.08127 | 2.440566 | 2020 | 234.32
2008-01-01 00:00:00 | 0.09141 | 2.678453
Decade | Unexpected Inflation | Stocks | T. Bills | T. Bonds | Baa Corp Bonds | Gold | Real Estate | Expected Inflation | Stocks | T. Bills | T. Bonds | Baa Corp Bonds | Gold | Real Estate | Small vs Large | Value vs Growth | 2009-01-01 00:00:00 | 2.72133 | 2.526404
1930-39 | 0.0006811560000000016 | 0.04272230186322152 | 0.009895 | 0.04008567629084184 | 0.07772630603822306 | #DIV/0! | -0.010450106913411462 | -0.019193869999999995 | 0.06191617186322153 | 0.029088869999999996 | 0.05927954629084183 | 0.09692017603822306 | #DIV/0! | 0.00874376308658854 | 0.15086000000000002 | 0.017719999999999986 | 2010-01-01 00:00:00 | 1.49572 | 2.530081
1940-49 | 0.03075869900000001 | 0.096421156977158 | 0.004788333333333334 | 0.02520977421667332 | 0.0518300240861503 | #DIV/0! | 0.08557631571056792 | 0.05506608999999999 | 0.041355066977158 | -0.05027775666666667 | -0.029856315783326676 | -0.00323606591384971 | #DIV/0! | 0.03051022571056793 | 0.25222 | 0.15528999999999998 | 2011-01-01 00:00:00 | 2.96242 | 2.340972
1950-59 | -0.018932560000000005 | 0.20934600288437322 | 0.020006666666666666 | 0.008295072191958453 | 0.023244638813980513 | #DIV/0! | 0.030937356302694275 | 0.0224413 | 0.18690470288437322 | -0.002434633333333332 | -0.014146227808041544 | 0.0008033388139805118 | #DIV/0! | 0.008496056302694274 | 0.012579999999999989 | 0.041360000000000015 | 2012-01-01 00:00:00 | 1.74102 | 2.482042
1960-69 | 0.00837019 | 0.08599491706460363 | 0.03984 | 0.025112940924537187 | 0.0323445914534198 | #DIV/0! | 0.021794121292208656 | 0.025319269999999998 | 0.06067564706460362 | 0.014520729999999999 | -0.00020632907546281332 | 0.0070253214534197915 | #DIV/0! | -0.003525148707791343 | 0.16005999999999998 | 0.038380000000000004 | 2013-01-01 00:00:00 | 1.50174 | 2.4184529999999995
1970-79 | 0.027955916999999997 | 0.07520303104211847 | 0.06293416666666667 | 0.0557802707235636 | 0.07288336384515286 | 0.37459127733256514 | 0.08800420115225045 | 0.07410045000000001 | 0.0011025810421184834 | -0.011166283333333334 | -0.0183201792764364 | -0.0012170861548471412 | 0.30049082733256516 | 0.013903751152250449 | 0.08086 | 0.13033 | 2014-01-01 00:00:00 | 0.75649 | 2.380678
1980-89 | -0.023325553999999995 | 0.17949003453327203 | 0.08821833333333333 | 0.125911031778812 | 0.1445554135973714 | -0.009595280230727999 | 0.059034960744606256 | 0.051405769999999996 | 0.12808426453327204 | 0.03681256333333334 | 0.074505261778812 | 0.0931496435973714 | -0.06100105023072799 | 0.007629190744606257 | -0.0551 | 0.11430999999999998 | 2015-01-01 00:00:00 | 0.72952 | 2.130771
1990-99 | -0.009019316 | 0.1881602139466621 | 0.048515833333333334 | 0.07829156001279902 | 0.09685044421742856 | -0.02715152728002359 | 0.027001549210538676 | 0.02935424999999999 | 0.1588059639466621 | 0.019161583333333336 | 0.04893731001279901 | 0.06749619421742857 | -0.05650577728002358 | -0.0023527007894613206 | -0.04231 | -0.02416999999999999 | 2016-01-01 00:00:00 | 2.07462 | 1.8621570000000003
2000-09 | -0.00023832299999999791 | 0.011565610453816377 | 0.026931666666666666 | 0.0662328917284736 | 0.08612745414065719 | 0.1494895135993005 | 0.042970533910154526 | 0.02530081 | -0.01373519954618362 | 0.0016308566666666659 | 0.0409320817284736 | 0.06082664414065719 | 0.1241887035993005 | 0.017669723910154526 | 0.14646999999999996 | 0.11806000000000001 | 2017-01-01 00:00:00 | 2.10908 | 1.815554
2010-19 | -0.0038133529999999985 | 0.14022182441985073 | 0.0051558333333333334 | 0.0435069572829615 | 0.0723443599989935 | 0.04432297477019068 | 0.03862242503474439 | 0.0175659 | 0.12265592441985076 | -0.012410066666666667 | 0.025941057282961505 | 0.05477845999899349 | 0.02675707477019068 | 0.02105652503474439 | -0.039659999999999994 | -0.04822 | 2018-01-01 00:00:00 | 1.91016 | 1.6183349999999996
2020 | -0.003945799999999999 | 0.18013916144089043 | 0.0009 | 0.1133189764661412 | 0.10411537157111345 | 0.2416940249507551 | 0.10346126677654821 | 0.0136201 | 0.16651906144089043 | -0.0127201 | 0.0996988764661412 | 0.09049527157111345 | 0.2280739249507551 | 0.08984116677654821 | 0.12210000000000004 | -0.5972 | 2019-01-01 00:00:00 | 2.28513 | 1.8002099999999999
2020-01-01 00:00:00 | 1.36201 | 1.7565899999999999

Sheet: Correlations with assets 2
Year | Actual Inflation Rate | Unexpected Inflation | S&P 500 (includes dividends) | 3-month T.Bill | US T. Bond |  Baa Corporate Bond | Gold | Real Estate
Year | 1
Actual Inflation Rate | 0.1295266413596735 | 1
Unexpected Inflation | -0.1106086084064071 | 0.7623808089825014 | 1
S&P 500 (includes dividends) | 0.04732675534897928 | 0.013054733217232134 | -0.13264652950977004 | 1
3-month T.Bill | 0.18393458760482165 | 0.399963008007084 | -0.0362429051782613 | -0.0346924558269933 | 1
US T. Bond | 0.20823802905993702 | -0.07399569863849398 | -0.2441886383712019 | -0.011881976973267368 | 0.2625305197684962 | 1
 Baa Corporate Bond | 0.20195107129466824 | -0.0987994940129572 | -0.22192587912366482 | 0.40622214514935995 | 0.08759003184205828 | 0.5921092387281314 | 1
Gold | -0.19767747785951584 | 0.4787244252853948 | 0.5861067396376954 | -0.20111375842864931 | 0.0628981395903305 | -0.1417034828104908 | -0.21610095971577353 | 1
Real Estate | 0.12424591854943622 | 0.5426761201517928 | 0.33290424096518945 | 0.13820572116919969 | 0.11162257837281103 | -0.07821744792727914 | -0.016802943616289118 | 0.16360235934637998 | 1
