Source: http://www.stern.nyu.edu/~adamodar/pc/blog/InflationIndustryReturns.xlsx

Sheet: Sheet1
Year | Actual Inflation Rate | Unexpected Inflation | S&P 500 (includes dividends) | Non Durables | Durables | Manufacturing | Energy | Chemicals | Business Equipment | Telecom | Utilities | Retail | Health Care | Financials | Other
1928 | -0.0115607 | -0.03851059 | 0.43811155152887893 | 0.1272 | 0.574 | 0.429 | 0.3454 | 0.5908 | 0.7988 | 0.2028 | 0.6161 | 0.5402 | 0.4721 | 0.3296 | 0.1801
1929 | 0.005848 | 0.0004921399999999986 | -0.0829794661190966 | -0.1505 | -0.4949 | -0.15410000000000001 | -0.11220000000000001 | -0.0233 | 0.0059 | 0.207 | 0.1355 | -0.406 | -0.252 | -0.2656 | -0.032400000000000005
1930 | -0.0639535 | -0.055348709999999995 | -0.25123636363636365 | -0.1295 | -0.24059999999999998 | -0.3649 | -0.3547 | -0.2494 | -0.3986 | -0.0981 | -0.2118 | -0.35009999999999997 | -0.1462 | -0.4727 | -0.2978
1931 | -0.0931677 | -0.07552206 | -0.4383754889178619 | -0.3122 | -0.3332 | -0.5761 | -0.46880000000000005 | -0.3973 | -0.46619999999999995 | -0.3077 | -0.3983 | -0.2676 | -0.1506 | -0.535 | -0.602
1932 | -0.1027397 | -0.08660203 | -0.08642364532019696 | -0.07440000000000001 | -0.3165 | -0.1295 | 0.1746 | -0.1325 | -0.2576 | -0.036699999999999997 | -0.0174 | -0.14980000000000002 | -0.225 | 0.1739 | -0.1539
1933 | 0.007633600000000001 | 0.0317331 | 0.49982225433526023 | 0.5376 | 1.6946 | 1.1048 | 0.7615999999999999 | 1.1047 | 0.5039 | 0.1636 | -0.278 | 0.5726 | 0.1519 | 0.22690000000000002 | 0.7514
1934 | 0.0151515 | 0.0408545 | -0.011885656970912803 | 0.17739999999999997 | 0.0014000000000000002 | 0.047 | -0.057699999999999994 | 0.06570000000000001 | 0.1038 | 0.0087 | -0.2218 | 0.2515 | 0.2241 | 0.152 | -0.059500000000000004
1935 | 0.029850699999999997 | 0.054038550000000005 | 0.4674042105263158 | 0.1996 | 0.7768999999999999 | 0.5181 | 0.3638 | 0.405 | 0.784 | 0.6126 | 0.838 | 0.1873 | 0.19140000000000001 | 0.5917 | 0.30329999999999996
1936 | 0.014492799999999998 | 0.03916379 | 0.3194341027550261 | 0.1467 | 0.2323 | 0.489 | 0.4028 | 0.34240000000000004 | 0.3774 | 0.2548 | 0.2027 | 0.3429 | 0.16649999999999998 | 0.3367 | 0.3799
1937 | 0.028571399999999997 | 0.05067579 | -0.3533672875436554 | -0.2651 | -0.5075 | -0.38799999999999996 | -0.29350000000000004 | -0.2975 | -0.30079999999999996 | -0.18739999999999998 | -0.3678 | -0.40990000000000004 | -0.2518 | -0.45030000000000003 | -0.40490000000000004
1938 | -0.0277778 | -0.010790439999999995 | 0.29282654028436017 | 0.2325 | 0.6685 | 0.38049999999999995 | 0.1152 | 0.3508 | 0.2281 | 0.1082 | 0.2144 | 0.4482 | 0.3815 | 0.2642 | 0.217
1939 | 0 | 0.018609070000000002 | -0.010975646879756443 | 0.0765 | 0.10210000000000001 | -0.0654 | -0.0942 | 0.1119 | -0.0816 | 0.2027 | 0.145 | 0.0967 | 0.163 | -0.0066 | -0.0481
1940 | 0.0071429 | 0.02633677 | -0.10672873194221515 | -0.0978 | -0.0454 | -0.0443 | -0.0987 | -0.09609999999999999 | -0.1091 | 0.030299999999999997 | -0.17120000000000002 | -0.059800000000000006 | -0.19140000000000001 | -0.10980000000000001 | -0.0354
1941 | 0.09929080000000001 | 0.11137503000000001 | -0.1277145557655955 | -0.0821 | -0.2691 | -0.1036 | 0.1321 | -0.0366 | -0.1484 | -0.1714 | -0.3442 | -0.1487 | -0.0611 | -0.149 | -0.0546
1942 | 0.0903226 | 0.08316098 | 0.19173762945914843 | 0.1131 | 0.4854 | 0.08220000000000001 | 0.22149999999999997 | 0.051699999999999996 | 0.2716 | 0.0646 | 0.19649999999999998 | 0.1721 | 0.1727 | 0.40240000000000004 | 0.24489999999999998
1943 | 0.0295858 | 0.003117949999999998 | 0.25061310133060394 | 0.3256 | 0.2829 | 0.2365 | 0.2909 | 0.0965 | 0.3182 | 0.32030000000000003 | 0.5294 | 0.4165 | 0.2054 | 0.3787 | 0.3097
1944 | 0.0229885 | -0.00567457 | 0.1903067694944301 | 0.22210000000000002 | 0.3151 | 0.2732 | 0.12140000000000001 | 0.10880000000000001 | 0.1996 | 0.1114 | 0.17149999999999999 | 0.2686 | 0.1073 | 0.185 | 0.3764
1945 | 0.0224719 | -0.006974870000000001 | 0.358210843373494 | 0.44780000000000003 | 0.3273 | 0.4335 | 0.3045 | 0.31379999999999997 | 0.3187 | 0.23629999999999998 | 0.5161 | 0.5232 | 0.46090000000000003 | 0.49979999999999997 | 0.45030000000000003
1946 | 0.1813187 | 0.15260981 | -0.08429147465437781 | -0.054900000000000004 | -0.2741 | -0.046799999999999994 | 0.0451 | 0.0233 | -0.2041 | -0.0688 | 0.0451 | -0.0075 | 0.2803 | -0.1157 | -0.1775
1947 | 0.08837210000000001 | 0.04298062000000001 | 0.052 | 0.0051 | 0.1661 | 0.0384 | 0.23070000000000002 | 0.0507 | 0.0622 | -0.07429999999999999 | -0.1082 | -0.0217 | -0.1929 | 0.0044 | -0.0653
1948 | 0.0299145 | -0.021457050000000002 | 0.057045751633986834 | -0.0703 | 0.019799999999999998 | -0.0053 | 0.052300000000000006 | 0.0424 | 0.0721 | 0.048600000000000004 | 0.045599999999999995 | 0.0438 | -0.0524 | 0.1025 | 0.0097
1949 | -0.0207469 | -0.07788768000000001 | 0.18303223684210526 | 0.2662 | 0.3458 | 0.1625 | 0.08529999999999999 | 0.2912 | 0.20670000000000002 | 0.0695 | 0.3321 | 0.23010000000000003 | 0.39899999999999997 | 0.35710000000000003 | 0.11900000000000001
1950 | 0.059322 | 0.004255909999999988 | 0.30805539011316263 | 0.096 | 0.3946 | 0.4425 | 0.4985 | 0.4033 | 0.2195 | 0.0993 | 0.055099999999999996 | 0.1841 | 0.1741 | 0.1447 | 0.38170000000000004
1951 | 0.06 | -0.00028400000000000647 | 0.2367846304454234 | 0.0353 | 0.20199999999999999 | 0.19190000000000002 | 0.3982 | 0.2141 | 0.26739999999999997 | 0.11220000000000001 | 0.22769999999999999 | 0.0785 | 0.3107 | 0.2859 | 0.0913
1952 | 0.0075472 | -0.04880772000000001 | 0.18150988641144306 | 0.0669 | 0.3676 | 0.0935 | 0.11460000000000001 | 0.0653 | 0.20829999999999999 | 0.1015 | 0.21960000000000002 | 0.07730000000000001 | -0.1219 | 0.2186 | 0.2141
1953 | 0.007490599999999999 | -0.04058678 | -0.012082047421904465 | 0.011899999999999999 | -0.1074 | 0.0187 | -0.0353 | 0.045 | 0.0786 | 0.061500000000000006 | 0.0795 | 0.0381 | 0.008 | 0.0105 | -0.0955
1954 | -0.0074348999999999995 | -0.053302760000000005 | 0.525633212414349 | 0.2783 | 0.6481 | 0.7529 | 0.5574 | 0.46590000000000004 | 0.7291 | 0.212 | 0.2671 | 0.31329999999999997 | 0.3517 | 0.5581 | 0.6164999999999999
1955 | 0.0037452999999999996 | -0.03908022 | 0.3259733185102835 | 0.1127 | 0.40950000000000003 | 0.34130000000000005 | 0.287 | 0.3284 | 0.2184 | 0.11539999999999999 | 0.1223 | 0.2243 | 0.2097 | 0.0909 | 0.1588
1956 | 0.029850699999999997 | -0.011102160000000003 | 0.07439511873350935 | -0.020099999999999996 | -0.0055000000000000005 | 0.1547 | 0.2144 | -0.0323 | 0.1389 | 0.0381 | 0.06849999999999999 | -0.0922 | 0.1558 | -0.0003 | -0.0023
1957 | 0.0289855 | 0.003179440000000002 | -0.1045736018855796 | 0.0344 | -0.2182 | -0.1991 | -0.1407 | -0.0876 | 0.0408 | 0.0207 | 0.060700000000000004 | -0.0281 | 0.2837 | -0.0149 | -0.2452
1958 | 0.0176056 | -0.0022618000000000013 | 0.43719954988747184 | 0.4904 | 0.5417000000000001 | 0.5390999999999999 | 0.2841 | 0.326 | 0.5257000000000001 | 0.44229999999999997 | 0.408 | 0.5698 | 0.7442 | 0.4357 | 0.6618
1959 | 0.017301 | -0.0013355100000000016 | 0.12056457163557326 | 0.21030000000000001 | 0.2817 | 0.16 | -0.0736 | 0.2418 | 0.2828 | 0.16260000000000002 | 0.0374 | 0.1887 | 0.2975 | -0.0089 | 0.0421
1960 | 0.0136054 | -0.008835899999999997 | 0.00336535314743695 | 0.2771 | -0.2304 | -0.0891 | -0.018799999999999997 | -0.1401 | 0.008 | 0.3209 | 0.209 | 0.056100000000000004 | 0.057 | 0.09910000000000001 | -0.0392
1961 | 0.006711399999999999 | -0.01115824 | 0.2663771295818275 | 0.35719999999999996 | 0.5079 | 0.1475 | 0.2644 | 0.21170000000000003 | 0.25579999999999997 | 0.30329999999999996 | 0.2807 | 0.46 | 0.2669 | 0.4612 | 0.2061
1962 | 0.0133333 | 0.0007925199999999997 | -0.08811460517120888 | -0.22640000000000002 | 0.0105 | -0.18059999999999998 | 0.0956 | -0.042300000000000004 | -0.22210000000000002 | -0.1247 | -0.0015 | -0.1843 | -0.2018 | -0.1173 | -0.043899999999999995
1963 | 0.0164474 | 0.0033280099999999993 | 0.22611927099841514 | 0.1605 | 0.3636 | 0.2003 | 0.2278 | 0.1985 | 0.2752 | 0.21530000000000002 | 0.11349999999999999 | 0.19260000000000002 | 0.20670000000000002 | 0.09140000000000001 | 0.3233
1964 | 0.0097087 | -0.00430637 | 0.16415455878432425 | 0.1305 | 0.2191 | 0.1356 | 0.2663 | 0.168 | 0.026099999999999998 | 0.025 | 0.1618 | 0.317 | 0.16510000000000002 | 0.0052 | 0.2302
1965 | 0.0192308 | 0.00350137 | 0.12399242477876114 | 0.1724 | 0.1728 | 0.3318 | 0.041299999999999996 | 0.078 | 0.33909999999999996 | -0.0525 | 0.0287 | 0.0725 | 0.3221 | 0.0867 | 0.33509999999999995
1966 | 0.0345912 | 0.017313220000000004 | -0.0997095423563779 | -0.1032 | -0.2704 | -0.057999999999999996 | -0.0371 | -0.2095 | 0.0828 | -0.0458 | -0.0541 | -0.231 | -0.0483 | -0.054900000000000004 | -0.028300000000000002
1967 | 0.030395099999999998 | 0.012643069999999996 | 0.23802966513133328 | 0.33520000000000005 | 0.33909999999999996 | 0.3353 | 0.22899999999999998 | 0.29469999999999996 | 0.6371 | -0.0213 | 0.0134 | 0.46020000000000005 | 0.2758 | 0.2894 | 0.32780000000000004
1968 | 0.0471976 | 0.02930461 | 0.10814862651601535 | 0.2455 | 0.0696 | 0.10339999999999999 | 0.23329999999999998 | 0.0632 | -0.0111 | 0.1059 | 0.1192 | 0.2814 | 0.10279999999999999 | 0.5443 | 0.2339
1969 | 0.0619718 | 0.04111961 | -0.08241371076449064 | -0.1051 | -0.1328 | -0.1235 | -0.2501 | -0.11019999999999999 | 0.0358 | -0.0605 | -0.1433 | -0.0409 | 0.2267 | -0.1414 | -0.2238
1970 | 0.0557029 | 0.03038363 | 0.03561144905496419 | 0.053099999999999994 | 0.1462 | -0.0788 | 0.1582 | 0.0851 | -0.20550000000000002 | 0.0564 | 0.16510000000000002 | 0.042800000000000005 | -0.0616 | -0.012199999999999999 | -0.1173
1971 | 0.0326633 | 0.0031342799999999997 | 0.14221150298426474 | 0.1963 | 0.1984 | 0.1761 | 0.075 | 0.2147 | 0.1326 | 0.032799999999999996 | 0.0209 | 0.3655 | 0.2335 | 0.2141 | 0.21050000000000002
1972 | 0.0340633 | 0.0019390899999999975 | 0.18755362915074925 | 0.1176 | 0.1188 | 0.1979 | 0.2162 | 0.2696 | 0.179 | 0.2075 | 0.1008 | 0.1007 | 0.2899 | 0.1355 | 0.029900000000000003
1973 | 0.0870588 | 0.05286159000000001 | -0.14308047437526472 | -0.27699999999999997 | -0.3554 | -0.163 | 0.10220000000000001 | -0.1661 | -0.2345 | -0.0659 | -0.1864 | -0.3635 | -0.15 | -0.20440000000000003 | -0.27940000000000004
1974 | 0.1233766 | 0.08211825 | -0.2590178575089697 | -0.26839999999999997 | -0.3223 | -0.3249 | -0.2552 | -0.1746 | -0.3432 | -0.0758 | -0.19510000000000002 | -0.3274 | -0.22210000000000002 | -0.3373 | -0.3188
1975 | 0.0693642 | 0.01673906 | 0.36995137106184356 | 0.5334 | 0.6451 | 0.4472 | 0.2422 | 0.40130000000000005 | 0.4781 | 0.25429999999999997 | 0.4495 | 0.6627 | 0.09449999999999999 | 0.218 | 0.39799999999999996
1976 | 0.0486486 | -0.008989880000000006 | 0.23830999002106662 | 0.1937 | 0.4035 | 0.2501 | 0.3909 | 0.1158 | 0.2998 | 0.358 | 0.3173 | 0.1564 | 0.008 | 0.35600000000000004 | 0.301
1977 | 0.06701030000000001 | 0.007966080000000007 | -0.06979704075935232 | -0.0031 | -0.0895 | -0.0943 | -0.022000000000000002 | -0.1206 | 0.0044 | 0.0351 | 0.0713 | -0.07490000000000001 | -0.0437 | 0.0055000000000000005 | 0.0173
1978 | 0.0901771 | 0.02747136 | 0.0650928391167193 | 0.08410000000000001 | 0.0098 | 0.1394 | 0.0837 | 0.026000000000000002 | 0.1561 | 0.0827 | -0.034300000000000004 | -0.006500000000000001 | 0.16820000000000002 | 0.1038 | 0.12390000000000001
1979 | 0.13293939999999999 | 0.06593570999999998 | 0.18519490167516386 | 0.1505 | 0.11470000000000001 | 0.1946 | 0.6025 | 0.1934 | 0.1125 | -0.0070999999999999995 | 0.1378 | 0.1533 | 0.1973 | 0.2589 | 0.3655
1980 | 0.125163 | 0.05106255 | 0.3173524550676301 | 0.1953 | 0.1424 | 0.3028 | 0.6796 | 0.222 | 0.3265 | 0.08529999999999999 | 0.1935 | 0.1741 | 0.2998 | 0.2584 | 0.40979999999999994
1981 | 0.0892236 | 0.008177140000000013 | -0.04702390247495576 | 0.1582 | -0.021400000000000002 | -0.061 | -0.2125 | -0.03 | -0.1359 | 0.33659999999999995 | 0.060599999999999994 | 0.1288 | 0.0404 | 0.0931 | -0.028300000000000002
1982 | 0.0382979 | -0.04840459000000002 | 0.20419055079559353 | 0.40299999999999997 | 0.586 | 0.141 | -0.1381 | 0.1364 | 0.4461 | 0.1972 | 0.22440000000000002 | 0.6285000000000001 | 0.31980000000000003 | 0.2275 | 0.19039999999999999
1983 | 0.0379098 | -0.04921615000000001 | 0.22337155858930619 | 0.2458 | 0.3379 | 0.2766 | 0.2773 | 0.27190000000000003 | 0.21100000000000002 | 0.12 | 0.18530000000000002 | 0.2692 | 0.0319 | 0.2465 | 0.19829999999999998
1984 | 0.0394867 | -0.042724349999999994 | 0.0614614199963621 | 0.1176 | 0.0165 | -0.0163 | 0.1209 | -0.01 | -0.0983 | 0.2443 | 0.198 | -0.0062 | 0.0168 | 0.0953 | -0.0738
1985 | 0.0379867 | -0.03583536 | 0.3123514948576895 | 0.4473 | 0.21960000000000002 | 0.2642 | 0.1999 | 0.3818 | 0.205 | 0.3942 | 0.308 | 0.40840000000000004 | 0.4164 | 0.4263 | 0.35200000000000004
1986 | 0.010979000000000001 | -0.05970531 | 0.18494578758046187 | 0.29710000000000003 | 0.17859999999999998 | 0.1632 | 0.13470000000000001 | 0.2826 | -0.0407 | 0.1932 | 0.26940000000000003 | 0.1739 | 0.2755 | 0.1217 | 0.16620000000000001
1987 | 0.0443439 | -0.022573449999999988 | 0.05812721641821871 | 0.0746 | 0.0709 | 0.0677 | 0.0806 | 0.1288 | 0.08130000000000001 | 0.1016 | -0.0721 | -0.0582 | 0.043899999999999995 | -0.10439999999999999 | 0.0351
1988 | 0.0441941 | -0.02045661 | 0.16537192812044688 | 0.32409999999999994 | 0.184 | 0.16670000000000001 | 0.20800000000000002 | 0.07980000000000001 | 0.0069 | 0.2365 | 0.1782 | 0.2961 | 0.12869999999999998 | 0.1839 | 0.18230000000000002
1989 | 0.04647300000000001 | -0.013579409999999993 | 0.31475183638196724 | 0.36210000000000003 | 0.0403 | 0.23199999999999998 | 0.36840000000000006 | 0.3243 | -0.0337 | 0.5844 | 0.3231 | 0.261 | 0.4581 | 0.2755 | 0.31170000000000003
1990 | 0.061062599999999995 | 0.009656829999999991 | -0.03064451612903212 | 0.0508 | -0.21960000000000002 | -0.08039999999999999 | -0.0146 | -0.0282 | -0.0108 | -0.15789999999999998 | -0.0113 | -0.0432 | 0.16079999999999997 | -0.213 | -0.13699999999999998
1991 | 0.0306428 | -0.014352929999999996 | 0.3023484313487976 | 0.4474 | 0.1793 | 0.2985 | 0.0673 | 0.29760000000000003 | 0.2675 | 0.1562 | 0.2433 | 0.5606 | 0.6138 | 0.531 | 0.2779
1992 | 0.0290065 | -0.010131150000000002 | 0.07493727972380064 | 0.050499999999999996 | 0.38520000000000004 | 0.095 | 0.0479 | 0.1033 | 0.10220000000000001 | 0.1775 | 0.08380000000000001 | 0.16469999999999999 | -0.1483 | 0.2817 | 0.12140000000000001
1993 | 0.027484099999999997 | -0.010724410000000004 | 0.0996705147919488 | -0.026000000000000002 | 0.4357 | 0.1972 | 0.1383 | 0.0926 | 0.20980000000000001 | 0.20379999999999998 | 0.12710000000000002 | 0.028399999999999998 | -0.0634 | 0.12279999999999999 | 0.1606
1994 | 0.026749000000000002 | -0.010416939999999993 | 0.013259206774573897 | 0.024300000000000002 | -0.1464 | 0.033 | 0.0252 | 0.11470000000000001 | 0.1864 | -0.052000000000000005 | -0.11199999999999999 | -0.0832 | 0.0713 | -0.018500000000000003 | -0.1024
1995 | 0.0253841 | -0.010508070000000001 | 0.3719519890260631 | 0.3556 | 0.1461 | 0.3249 | 0.2848 | 0.2809 | 0.4302 | 0.39270000000000005 | 0.3155 | 0.17679999999999998 | 0.5674 | 0.514 | 0.2992
1996 | 0.0332248 | -0.0014071099999999961 | 0.2268096601886579 | 0.2259 | 0.1525 | 0.26280000000000003 | 0.2742 | 0.2601 | 0.3105 | 0.0038 | 0.0659 | 0.1625 | 0.1736 | 0.3071 | 0.1167
1997 | 0.017023999999999997 | -0.01983249 | 0.33103653103653097 | 0.31579999999999997 | 0.281 | 0.2202 | 0.1997 | 0.2803 | 0.2182 | 0.43979999999999997 | 0.2775 | 0.3173 | 0.38020000000000004 | 0.49950000000000006 | 0.228
1998 | 0.016119 | -0.018005499999999994 | 0.28337953278443584 | 0.0987 | 0.3073 | 0.0737 | -0.0176 | 0.0374 | 0.636 | 0.4842 | 0.1143 | 0.40880000000000005 | 0.3845 | 0.0955 | 0.0558
1999 | 0.026845599999999997 | -0.004471389999999999 | 0.20885350992084475 | -0.1451 | -0.0308 | 0.27449999999999997 | 0.1955 | 0.1491 | 0.8306999999999999 | 0.3741 | -0.142 | 0.1336 | -0.026600000000000002 | 0.0147 | 0.1101
2000 | 0.0338681 | 0.004513850000000003 | -0.09031818955249278 | 0.23920000000000002 | -0.1699 | 0.0408 | 0.2228 | -0.1067 | -0.376 | -0.3948 | 0.5176 | -0.1082 | 0.37929999999999997 | 0.2576 | -0.0741
2001 | 0.0155172 | -0.0111176 | -0.11849759142000185 | 0.0089 | 0.0433 | -0.075 | -0.0709 | -0.029500000000000002 | -0.248 | -0.17120000000000002 | -0.1058 | 0.0552 | -0.1217 | -0.0484 | -0.0629
2002 | 0.0237691 | -0.0013531399999999957 | -0.219660479579127 | -0.0075 | -0.1671 | -0.10220000000000001 | -0.091 | 0.0087 | -0.38409999999999994 | -0.3062 | -0.2148 | -0.2052 | -0.2259 | -0.12619999999999998 | -0.2828
2003 | 0.0187949 | -0.005803599999999999 | 0.2835580005001023 | 0.17370000000000002 | 0.4843 | 0.385 | 0.2626 | 0.2152 | 0.4863 | 0.1555 | 0.2584 | 0.2959 | 0.2144 | 0.3281 | 0.3644
2004 | 0.0325556 | 0.00882602 | 0.10742775944096193 | 0.1067 | 0.0785 | 0.15439999999999998 | 0.3297 | 0.1744 | 0.047400000000000005 | 0.07730000000000001 | 0.2481 | 0.1225 | 0.0055000000000000005 | 0.1432 | 0.1955
2005 | 0.0341566 | 0.009846360000000005 | 0.048344775232688535 | 0.009899999999999999 | -0.1978 | 0.1 | 0.3337 | 0.0038 | 0.0111 | -0.0675 | 0.1757 | 0.0621 | 0.0473 | 0.0801 | 0.0408
2006 | 0.0254065 | 0.00021901000000000212 | 0.15612557979315703 | 0.184 | 0.2261 | 0.2046 | 0.2155 | 0.16190000000000002 | 0.0926 | 0.3627 | 0.2097 | 0.1011 | 0.0815 | 0.1661 | 0.13699999999999998
2007 | 0.0408127 | 0.01640704 | 0.054847352464217694 | 0.11410000000000001 | -0.0352 | 0.2027 | 0.32659999999999995 | 0.2235 | 0.16760000000000003 | -0.0213 | 0.1869 | -0.039900000000000005 | 0.0364 | -0.1452 | 0.019
2008 | 0.0009141 | -0.02587043 | -0.3655234411179819 | -0.2477 | -0.5831000000000001 | -0.4484 | -0.3398 | -0.3111 | -0.4249 | -0.35409999999999997 | -0.2879 | -0.22149999999999997 | -0.1727 | -0.4928 | -0.4313
2009 | 0.0272133 | 0.0019492600000000013 | 0.2593523387766398 | 0.2722 | 0.7789 | 0.39 | 0.1489 | 0.2808 | 0.5897 | 0.2618 | 0.1472 | 0.29350000000000004 | 0.212 | 0.1861 | 0.22760000000000002
2010 | 0.014957199999999999 | -0.010343610000000001 | 0.14821092278719414 | 0.1953 | 0.5236 | 0.27699999999999997 | 0.19920000000000002 | 0.2225 | 0.1533 | 0.2278 | 0.0816 | 0.1924 | 0.047 | 0.10039999999999999 | 0.2837
2011 | 0.0296242 | 0.006214480000000001 | 0.0209837473362805 | 0.1522 | -0.2429 | -0.025099999999999997 | 0.028999999999999998 | 0.024700000000000003 | -0.011200000000000002 | 0.0591 | 0.2077 | 0.11109999999999999 | 0.10890000000000001 | -0.136 | -0.04190000000000001
2012 | 0.0174102 | -0.007410219999999999 | 0.15890585241730293 | 0.1189 | 0.2429 | 0.15 | 0.0364 | 0.1464 | 0.1328 | 0.2922 | 0.039900000000000005 | 0.1819 | 0.20379999999999998 | 0.2755 | 0.152
2013 | 0.0150174 | -0.009167129999999996 | 0.32145085858125483 | 0.267 | 0.456 | 0.409 | 0.2515 | 0.2865 | 0.3297 | 0.3655 | 0.1654 | 0.35359999999999997 | 0.4138 | 0.4439 | 0.3703
2014 | 0.0075649 | -0.01624188 | 0.13524421649462237 | 0.1331 | 0.0785 | 0.0605 | -0.12369999999999999 | 0.0987 | 0.16829999999999998 | 0.06559999999999999 | 0.2335 | 0.13 | 0.24489999999999998 | 0.1174 | 0.1298
2015 | 0.007295199999999999 | -0.014012510000000002 | 0.013788916411676138 | 0.0932 | -0.0552 | -0.07629999999999999 | -0.1934 | -0.0521 | 0.0509 | -0.0148 | -0.141 | 0.0706 | 0.0608 | 0.017 | -0.0565
2016 | 0.0207462 | 0.0021246299999999954 | 0.11773080874798171 | 0.0771 | 0.1014 | 0.20879999999999999 | 0.2565 | 0.1012 | 0.12539999999999998 | 0.1923 | 0.2211 | 0.0383 | -0.0447 | 0.20350000000000001 | 0.1923
2017 | 0.0210908 | 0.002935260000000002 | 0.2160548143449928 | 0.1349 | 0.1244 | 0.3367 | 0.0086 | 0.2487 | 0.3657 | 0.028999999999999998 | 0.102 | 0.228 | 0.2043 | 0.2386 | 0.174
2018 | 0.0191016 | 0.002918250000000004 | -0.04226869289088544 | -0.1396 | -0.1962 | -0.1362 | -0.18100000000000002 | -0.0895 | -0.0015 | -0.042800000000000005 | 0.013999999999999999 | 0.045700000000000005 | 0.0421 | -0.0928 | -0.0877
2019 | 0.0228513 | 0.004849200000000001 | 0.31211679996808755 | 0.248 | 0.2956 | 0.2899 | 0.0757 | 0.222 | 0.43729999999999997 | 0.294 | 0.2445 | 0.2607 | 0.20739999999999997 | 0.342 | 0.2322
2020 | 0.0136201 | -0.003945799999999999 | 0.18013916144089043 | 0.0924 | 1.6637 | 0.1332 | -0.32539999999999997 | 0.1603 | 0.47240000000000004 | 0.1226 | -0.0407 | 0.3627 | 0.177 | 0.0223 | 0.1414
