Source: http://www.stern.nyu.edu/~adamodar/pc/blog/AllMarketsin2020.xlsx

Sheet: All markets
Date | S&P 500 | S&P 600 | S&P Euro 350 | S&P Em Mkt BMI | 3 month T.Bill | 10-yr T.Bond | AAA | BBB | CCC & lower | Brent Crude | Copper | S&P WCI | $ vs Developed | $ vs Emerging | Gold Price per oz | Silver Price per oz | Bitcoin | Ehtereum | S&P Real Estate | S&P 500 | S&P 600 | S&P Euro 350 | S&P Em Mkt BMI | 3 month T.Bill | 10-yr T.Bond | AAA | BBB | CCC & lower | Brent Crude | Copper | S&P WCI | S&P GSCI | $ vs Developed | $ vs Emerging | Gold Price per oz | Silver Price per oz | Bitcoin | Ehtereum | S&P Real Estate
2019-12-31 00:00:00 | 3230.780029 | 1021.18 | 1676.79 | 294.06 | 0.0155 | 0.0192 | 0.0052 | 0.013000000000000001 | 0.1008 | 67.77 | 2.7964 | 251.56 | 436.22 | 108.5787 | 122.3507 | 1523 | 18.045 | 7193.6 | 129.61 | 240.32
2020-01-02 00:00:00 | 0.008378802876399583 | -0.00034274075089590905 | 0.00838506909034531 | 0.014180779432768853 | 0.0154 | 0.0036683006119138106 | -0.0009572109158515474 | 3.561643835614525e-05 | 0.004575514238713385 | -0.010624169986719778 | 0.010227435273923557 | 0.003060899984099308 | 0.004263267104874124 | 0.0010396344279191005 | -0.0016086671043992196 | -0.006650041562759834 | -0.028932662366548012 | -0.01697399891983653 | -0.01323235685752333 | 3257.850098 | 1020.83 | 1690.85 | 298.23 | 0.0154 | 0.018799999999999997 | 0.0053 | 0.013000000000000001 | 0.1001 | 67.05 | 2.825 | 252.33 | 436.82 | 109.0416 | 122.4779 | 1520.55 | 17.925 | 6985.47 | 127.41 | 237.14
2020-01-03 00:00:00 | -0.007059870561300419 | 9.795950354107852e-05 | -0.0019871662181741856 | -0.003554303725312735 | 0.0152 | 0.007313355808834299 | -0.0019262870218456074 | -0.0018265329928199847 | 0.0002742465753424739 | 0.030275913497390006 | -0.013451327433628424 | 0.021004240478738057 | -0.0008015289577556484 | 0.0009732368043540163 | 0.017658084245832262 | 0.01589958158995808 | 0.051451083463245784 | 0.05305705988540921 | 0.008096483090157758 | 3234.850098 | 1020.93 | 1687.49 | 297.17 | 0.0152 | 0.018000000000000002 | 0.0055000000000000005 | 0.0132 | 0.1001 | 69.08 | 2.787 | 257.63 | 443.35 | 108.9542 | 122.5971 | 1547.4 | 18.21 | 7344.88 | 134.17 | 239.06
2020-01-06 00:00:00 | 0.0035333726923132414 | -0.0011460139284769078 | -0.00373928141796398 | -0.009926977824140981 | 0.015600000000000001 | -0.0008579389285929828 | -0.0028914105652679822 | 3.6164383561576585e-05 | 0.0002742465753424739 | 0.016936884771279637 | 0.0010764262648008671 | 0.003105228428366358 | -0.0009554473347517245 | 0.00041844382942168856 | 0.019031924518547072 | 0.012630422844590816 | 0.057773578329394004 | 0.07550122978311125 | 0.0008366100560528444 | 3246.280029 | 1019.76 | 1681.18 | 294.22 | 0.015600000000000001 | 0.0181 | 0.0058 | 0.0132 | 0.1001 | 70.25 | 2.79 | 258.43 | 444.63 | 108.8501 | 122.6484 | 1576.85 | 18.44 | 7769.22 | 144.3 | 239.26
2020-01-07 00:00:00 | -0.002803238450998058 | -0.005560131795716572 | 0.002313850985617094 | 0.001801373122153338 | 0.0154 | -0.0017630126789370815 | 1.589041095906296e-05 | -0.0008944150450358457 | 0.004586552381639075 | -0.021494661921708236 | 0.0012544802867382465 | -0.006423402855705751 | 0.003829119128048619 | -0.00044272897159680635 | -0.006563718806481211 | -0.015997830802603086 | 0.05077343671565471 | -0.005266805266805452 | -0.011953523363704699 | 3237.179932 | 1014.09 | 1685.07 | 294.75 | 0.0154 | 0.0183 | 0.0058 | 0.013300000000000001 | 0.09939999999999999 | 68.74 | 2.7935 | 256.77 | 442.35 | 109.2669 | 122.5941 | 1566.5 | 18.145 | 8163.69 | 143.54 | 236.4
2020-01-08 00:00:00 | 0.004902451310513145 | 0.0023863759626856496 | 0.0015014213059398873 | -0.0038676844783714914 | 0.0154 | -0.0035674590561630692 | 0.0009852421580178738 | 0.0009675130717525793 | 0.005217685943472938 | -0.02080302589467553 | 0.0066225165562914245 | -0.02465241266503093 | 0.0017031690292301782 | -0.001996833452833302 | 0.010437280561761852 | 0.015155690272802502 | -0.010268640773963722 | -0.01588407412567927 | 0.004230118443316444 | 3253.050049 | 1016.51 | 1687.6 | 293.61 | 0.0154 | 0.0187 | 0.005699999999999999 | 0.0132 | 0.0986 | 67.31 | 2.812 | 250.44 | 431.04 | 109.453 | 122.3493 | 1582.85 | 18.42 | 8079.86 | 141.26 | 237.4
2020-01-09 00:00:00 | 0.0066552624994673515 | -0.0007083058700849687 | 0.002844275894761994 | 0.014338748680222002 | 0.0154 | 0.0018619312742984562 | 0.000985493995977249 | 0.0009677347734782238 | 0.0021270465079030743 | -0.010845342445401918 | -0.0035561877667139585 | -0.005590161316083697 | 0.0027070980238093068 | -0.0006890108893143898 | -0.022112013140853537 | -0.027687296416938234 | -0.024850678105808766 | -0.01614045023361177 | 0.0006318449873630172 | 3274.699951 | 1015.79 | 1692.4 | 297.82 | 0.0154 | 0.018500000000000003 | 0.005600000000000001 | 0.0131 | 0.0983 | 66.58 | 2.802 | 249.04 | 430.6 | 109.7493 | 122.265 | 1547.85 | 17.91 | 7879.07 | 138.98 | 237.55
2020-01-10 00:00:00 | -0.0028551785323552847 | -0.004873054469919924 | -0.0017785393523989113 | 0.003357732858773721 | 0.0154 | 0.0018632866515397861 | 0.0009857462506488446 | 0.0009679568629121782 | 0.00337085056065356 | 0.0028537098227696678 | 0.004104211277658809 | -0.003493414712495979 | -0.001323015272079231 | -0.00160307528728576 | 0.0006137545627806773 | 0.0002791736460077132 | 0.03648653965506088 | 0.03583249388401222 | 0.009471690170490321 | 3265.350098 | 1010.84 | 1689.39 | 298.82 | 0.0154 | 0.0183 | 0.0055000000000000005 | 0.013000000000000001 | 0.0978 | 66.77 | 2.8135 | 248.17 | 430.12 | 109.6041 | 122.069 | 1548.8 | 17.915 | 8166.55 | 143.96 | 239.8
2020-01-13 00:00:00 | 0.006976215203984504 | 0.009388231569783523 | -0.001728434523703859 | 0.008366240546148207 | 0.015700000000000002 | -0.0017605614112846668 | 1.5068493150582896e-05 | 0.0009681793404259231 | -0.002826903997189767 | -0.03938894713194541 | 0.0168828860849477 | -0.0112019986299714 | 0.0002408669018767462 | -0.0005578811983386611 | 0.001000774793388448 | 0.003907340217694788 | -0.0027379982979349737 | 0.0018755209780494386 | 0.012385321100917501 | 3288.129883 | 1020.33 | 1686.47 | 301.32 | 0.015700000000000002 | 0.018500000000000003 | 0.0055000000000000005 | 0.0129 | 0.0983 | 64.14 | 2.861 | 245.39 | 426.27 | 109.6305 | 122.0009 | 1550.35 | 17.985 | 8144.19 | 144.23 | 242.77
2020-01-14 00:00:00 | -0.0015145329342819425 | 0.0032832514970646542 | 0.002656436224777181 | -0.00029868578255665135 | 0.015700000000000002 | 0.0027710166631926825 | -0.0009548090644703189 | -0.0008967239861998877 | 0.007110410592404026 | 0.004833177424384161 | 0.004369101712687673 | 0.0025265903256042055 | 0.00013408677329751484 | -0.0002975387886482439 | -0.0034830844647981696 | -0.011954406449819266 | 0.08393345440123579 | 0.15066213686473007 | -0.004942950117395095 | 3283.149902 | 1023.68 | 1690.95 | 301.23 | 0.015700000000000002 | 0.0182 | 0.005600000000000001 | 0.013000000000000001 | 0.09720000000000001 | 64.45 | 2.8735 | 246.01 | 427.72 | 109.6452 | 121.9646 | 1544.95 | 17.77 | 8827.76 | 165.96 | 241.57
2020-01-15 00:00:00 | 0.0018701969703727173 | 0.003839090340731488 | 0.00034300245424168097 | -0.003850878066593677 | 0.015700000000000002 | 0.00277448885212217 | 1.5342465753409584e-05 | 3.561643835614525e-05 | 0.002134478061427636 | -0.01799844840961995 | -0.00261005742126319 | -0.004227470428031399 | -0.0018952038028112739 | 0.0007321796652470791 | 0.004498527460435664 | 0.004501969611705237 | -0.002350539661250428 | 0.0016268980477223138 | 0.007741027445461013 | 3289.290039 | 1027.61 | 1691.53 | 300.07 | 0.015700000000000002 | 0.0179 | 0.005600000000000001 | 0.013000000000000001 | 0.0969 | 63.29 | 2.866 | 244.97 | 425.45 | 109.4374 | 122.0539 | 1551.9 | 17.85 | 8807.01 | 166.23 | 243.44
2020-01-16 00:00:00 | 0.008366553169135038 | 0.013059429160868552 | 0.002453400176172016 | 0.0017662545406071928 | 0.0155 | -0.0017654668982818311 | 1.5342465753409584e-05 | 0.0009681793404259231 | 0.005264581002220714 | 0.021172381102859683 | -0.0066294487090021725 | 0.004408703106502987 | 0.0011385504407086522 | -0.0003629543996545026 | 0.0021264256717572483 | 0.008963585434173638 | -0.009449290962539991 | -0.011069000782048977 | 0.00792803154781474 | 3316.810059 | 1041.03 | 1695.68 | 300.6 | 0.0155 | 0.0181 | 0.005600000000000001 | 0.0129 | 0.09609999999999999 | 64.63 | 2.847 | 246.05 | 425.84 | 109.562 | 122.0096 | 1555.2 | 18.01 | 8723.79 | 164.39 | 245.37
2020-01-17 00:00:00 | 0.0038621620690157954 | -0.0016810274439738038 | 0.00916446499339485 | 0.005023286759813672 | 0.015600000000000001 | -0.002667885494201383 | 0.0019572033243235865 | 0.0019024564018093049 | 0.004022389607608368 | -0.008974160606529447 | -0.0005268703898840821 | -0.000243852875431827 | 0.0027016666362424946 | -0.0015547956882081548 | 0.0008359053497941638 | 0.0027762354247637955 | 0.02352761815678739 | 0.038870977553379316 | 0.001344907690426611 | 3329.620117 | 1039.28 | 1711.22 | 302.11 | 0.015600000000000001 | 0.0184 | 0.0054 | 0.0127 | 0.0955 | 64.05 | 2.8455 | 245.99 | 426.91 | 109.858 | 121.8199 | 1556.5 | 18.06 | 8929.04 | 170.78 | 245.7
2020-01-21 00:00:00 | -0.002651977609973044 | -0.009198676006465956 | -0.003295894157384849 | -0.01707987156995805 | 0.015600000000000001 | 0.005502529815154311 | 1.4794520547978252e-05 | 3.479452054788723e-05 | -0.005976407830789343 | -0.006088992974238927 | -0.018274468458970294 | -0.0010163014756697786 | -0.0005461595878315517 | 0.002685932265582114 | -0.00016061676839063121 | -0.004152823920265725 | -0.020511723544748506 | -0.0063239255182105936 | 0.010704110704110814 | 3320.790039 | 1029.72 | 1705.58 | 296.95 | 0.015600000000000001 | 0.0178 | 0.0054 | 0.0127 | 0.0965 | 63.66 | 2.7935 | 245.74 | 425.14 | 109.798 | 122.1471 | 1556.25 | 17.985 | 8745.89 | 169.7 | 248.33
2020-01-22 00:00:00 | 0.000289076089944329 | -0.00019422755700582162 | -0.0011198536568204354 | 0.004142111466576948 | 0.0155 | 0.0009579318332813003 | 0.0009862520117418505 | 3.479452054788723e-05 | -0.0053280378570441655 | -0.024348099277411217 | -0.010202255235367774 | -0.01798648978595274 | 0.0011940108198691401 | -0.0005084033923031805 | 0.001188755020080201 | -0.011954406449819266 | -0.007433205768652473 | -0.008308780200353527 | -0.007892723392260326 | 3321.75 | 1029.52 | 1703.67 | 298.18 | 0.0155 | 0.0177 | 0.0053 | 0.0127 | 0.0974 | 62.11 | 2.765 | 241.32 | 418.53 | 109.9291 | 122.085 | 1558.1 | 17.77 | 8680.88 | 168.29 | 246.37
2020-01-23 00:00:00 | 0.0011409765936629679 | 0.0018940865646126515 | -0.006685567040565443 | -0.008820175732778823 | 0.0155 | 0.002780298069734899 | -0.0009564098813399369 | -0.0008982652200892893 | -0.008380069842701787 | -0.013685396876509492 | -0.01410488245931285 | -0.01384054367644627 | 0.0014363803578851808 | 0.00417577917025036 | -0.002599319684230772 | -0.009566685424873267 | -0.03160509072812878 | -0.03184978311248432 | 0.009660267077972184 | 3325.540039 | 1031.47 | 1692.28 | 295.55 | 0.0155 | 0.0174 | 0.0054 | 0.0128 | 0.09880000000000001 | 61.26 | 2.726 | 237.98 | 413.65 | 110.087 | 122.5948 | 1554.05 | 17.6 | 8406.52 | 162.93 | 248.75
2020-01-24 00:00:00 | -0.009042160866312154 | -0.015017402348105113 | 0.008916964095776025 | -0.002402300795127821 | 0.0154 | 0.0036977622625347095 | 1.4794520547978252e-05 | -0.0008974944089189529 | -0.005266559651588398 | -0.03134182174338873 | -0.015407190022010187 | -0.017564501218589657 | 0.0008911133921354342 | -0.0008654526945679475 | 0.0050191435282005425 | 0.013068181818181701 | 0.004628550220542982 | 0.0007365126127785171 | -0.002331658291457317 | 3295.469971 | 1015.98 | 1707.37 | 294.84 | 0.0154 | 0.017 | 0.0054 | 0.0129 | 0.09970000000000001 | 59.34 | 2.684 | 233.8 | 406.27 | 110.1851 | 122.4887 | 1561.85 | 17.83 | 8445.43 | 163.05 | 248.17
2020-01-27 00:00:00 | -0.015730711690954746 | -0.011860469694285336 | -0.022830435113654235 | -0.0159408492741826 | 0.0155 | 0.008298379779371423 | -0.0028932607206287875 | -0.004615080177118536 | -0.036292719859827294 | -0.013481631277384665 | -0.0326005961251864 | -0.022326775021385803 | 0.0008494796483371481 | 0.0034207237075747354 | 0.013829753177321935 | 0.026079641054402858 | 0.05498713505410602 | 0.04832873351732592 | -0.004150380787363517 | 3243.629883 | 1003.93 | 1668.39 | 290.14 | 0.0155 | 0.0161 | 0.005699999999999999 | 0.0134 | 0.1058 | 58.54 | 2.5965 | 228.58 | 398.34 | 110.2787 | 122.9077 | 1583.45 | 18.295 | 8909.82 | 170.93 | 247.14
2020-01-28 00:00:00 | 0.010053584464402299 | 0.008267508690845027 | 0.008667038282415884 | 0.0034810781002274638 | 0.015700000000000002 | -0.003615620659352836 | 1.5616438356236273e-05 | 0.0009672917573646522 | 0.012990878982416465 | 0.014178339596856881 | -0.006547275178124368 | 0.004068597427596465 | 0.0013511222022022373 | -0.00275816730766254 | -0.0024313997915943464 | -0.01749111779174639 | 0.050368020902779254 | 0.031825893640671676 | 0.0029942542688354834 | 3276.23999 | 1012.23 | 1682.85 | 291.15 | 0.015700000000000002 | 0.0165 | 0.005699999999999999 | 0.013300000000000001 | 0.10369999999999999 | 59.37 | 2.5795 | 229.51 | 400.39 | 110.4277 | 122.5687 | 1579.6 | 17.975 | 9358.59 | 176.37 | 247.88
2020-01-29 00:00:00 | -0.0008668742243146399 | -0.0077156377503136975 | 0.004100187182458415 | -0.0046024386055296684 | 0.015600000000000001 | 0.004631964229730778 | 1.5616438356236273e-05 | 3.6438356164403274e-05 | -0.00032044328191704885 | 0.001515917129863542 | -0.00988563675130838 | -0.0006535662934076258 | 0.0006384267715437986 | -0.0010304425191749456 | -0.0053178019751835 | -0.028094575799721966 | -0.004483581394205904 | -0.007484266031637987 | -0.006253025657576128 | 3273.399902 | 1004.42 | 1689.75 | 289.81 | 0.015600000000000001 | 0.016 | 0.005699999999999999 | 0.013300000000000001 | 0.1038 | 59.46 | 2.554 | 229.36 | 398.75 | 110.4982 | 122.4424 | 1571.2 | 17.47 | 9316.63 | 175.05 | 246.33
2020-01-30 00:00:00 | 0.0031343588645345033 | -0.0013838832360963949 | -0.009918627015830683 | -0.022117939339567405 | 0.015700000000000002 | 0.0028002589727060823 | -0.0028877139965038934 | -0.0018227416741333213 | -0.012298536423615003 | -0.029263370332996974 | -0.011746280344557491 | -0.018965817928148 | -0.0021004867047608178 | 0.003843439854168018 | 0.005855397148676111 | 0.01459645105895846 | 0.020646950667784436 | 0.055069980005712615 | 0.0026387366540818746 | 3283.659912 | 1003.03 | 1672.99 | 283.4 | 0.015700000000000002 | 0.015700000000000002 | 0.006 | 0.013500000000000002 | 0.1059 | 57.72 | 2.524 | 225.01 | 392.02 | 110.2661 | 122.913 | 1580.4 | 17.725 | 9508.99 | 184.69 | 246.98
2020-01-31 00:00:00 | -0.017705820200054956 | -0.023119946561917293 | -0.011081955062492876 | -0.0074453069865912935 | 0.0155 | 0.00557339416270386 | -0.0009508143077188169 | -0.003673476978784951 | 0.006307463333644181 | 0.0008662508662509172 | -0.0027733755942948024 | -0.008977378783165069 | -0.0029156739922786556 | 0.0016190313473758433 | 0.00028473804100226374 | 0.009026798307475215 | -0.016664230375675992 | -0.024527586767015053 | -0.013604340432423645 | 3225.52002 | 979.84 | 1654.45 | 281.29 | 0.0155 | 0.0151 | 0.0060999999999999995 | 0.0139 | 0.10490000000000001 | 57.77 | 2.517 | 222.99 | 388.8 | 109.9446 | 123.112 | 1580.85 | 17.885 | 9350.53 | 180.16 | 243.62
2020-02-03 00:00:00 | 0.007254613784725583 | 0.009174967341606832 | 0.0013055698268304994 | -0.0049415194283480846 | 0.015700000000000002 | -0.0027194318107951476 | 1.671232876709894e-05 | 3.808219178091932e-05 | 0.0020948964770770573 | -0.06525878483642034 | -0.003972983710766709 | -0.02861114848199464 | 0.004093880008658957 | 0.002910358047956363 | -0.001265142170351341 | -0.006429969247973233 | -0.0060969805989606884 | 0.053896536412078255 | 0.0013135210573844702 | 3248.919922 | 988.83 | 1656.61 | 279.9 | 0.015700000000000002 | 0.0154 | 0.0060999999999999995 | 0.0139 | 0.10460000000000001 | 54 | 2.507 | 216.61 | 381.35 | 110.3947 | 123.4703 | 1578.85 | 17.77 | 9293.52 | 189.87 | 243.94
2020-02-04 00:00:00 | 0.014980414158696442 | 0.012428830031451232 | 0.01647340049860868 | 0.021400500178635262 | 0.015700000000000002 | -0.0063758783367714456 | 0.0019533150776882557 | 0.002825369855635085 | 0.01612610662815106 | -0.0018518518518518823 | 0.013960909453530013 | -0.000784820645399642 | 0.0008025747612883105 | -0.0040228297817369585 | -0.004845298793425545 | -0.0022509848058525073 | -0.012111664901996333 | -0.003265392110391341 | 0.011888169221939915 | 3297.590088 | 1001.12 | 1683.9 | 285.89 | 0.015700000000000002 | 0.0161 | 0.0059 | 0.013600000000000001 | 0.102 | 53.9 | 2.542 | 216.44 | 380.33 | 110.4833 | 122.9736 | 1571.2 | 17.73 | 9180.96 | 189.25 | 246.84
2020-02-05 00:00:00 | 0.01125059574111642 | 0.019058654307176015 | 0.012488865134509197 | 0.004302354052257984 | 0.015700000000000002 | -0.0045281396706022825 | 0.00098499073636793 | 0.0018974293311213586 | 0.00824342507716791 | 0.027087198515769906 | 0.012785208497246403 | 0.02060617261134734 | 0.002664656106397878 | -0.0014027401003141593 | -0.012092668024439868 | -0.006204173716863992 | 0.04710400655269176 | 0.07915455746367228 | -0.0006887052341598698 | 3334.689941 | 1020.2 | 1704.93 | 287.12 | 0.015700000000000002 | 0.0166 | 0.0058 | 0.0134 | 0.1007 | 55.36 | 2.5745 | 220.9 | 386.28 | 110.7777 | 122.8011 | 1552.2 | 17.62 | 9613.42 | 204.23 | 246.67
2020-02-06 00:00:00 | 0.003325672909989974 | -0.0034699078612037138 | 0.004357950179772585 | 0.007836444692114863 | 0.015700000000000002 | 0.0009604120141533112 | 0.0019556455262010886 | 0.0009672917573646522 | 0.01201099498221847 | -0.0032514450867051625 | 0.007185861332297483 | -0.0018560434585784824 | 0.0018424285754263803 | 0.0006368021133360546 | 0.008085298286303333 | 0.008229284903518597 | 0.01210599349659125 | 0.03971013073495566 | 0.004013459277577347 | 3345.780029 | 1016.66 | 1712.36 | 289.37 | 0.015700000000000002 | 0.0165 | 0.005600000000000001 | 0.013300000000000001 | 0.09880000000000001 | 55.18 | 2.593 | 220.49 | 387.19 | 110.9818 | 122.8793 | 1564.75 | 17.765 | 9729.8 | 212.34 | 247.66
2020-02-07 00:00:00 | -0.005400853565797892 | -0.014370586036629773 | -0.002925786633651839 | -0.008743131630784218 | 0.015600000000000001 | 0.005552225784913656 | 1.5342465753409584e-05 | 3.6438356164403274e-05 | 0.00027068493150683715 | -0.011779630300833621 | -0.015426147319706929 | -0.005805251938863498 | 0.001845347615554882 | 0.004304223738253565 | 0.005943441444320241 | 0.0011258091753447719 | 0.006797673127916459 | 0.04893095978148243 | 0.00048453524993941066 | 3327.709961 | 1002.05 | 1707.35 | 286.84 | 0.015600000000000001 | 0.0159 | 0.005600000000000001 | 0.013300000000000001 | 0.09880000000000001 | 54.53 | 2.553 | 219.21 | 386.2 | 111.1866 | 123.4082 | 1574.05 | 17.785 | 9795.94 | 222.73 | 247.78
2020-02-10 00:00:00 | 0.007326397818839148 | 0.003542737388353867 | 0.0009722669634228964 | -0.00463673127876163 | 0.0158 | 0.002801443303236839 | -0.0009540092813055123 | -0.0008936461724099454 | -0.004039766288043145 | -0.020905923344947785 | -0.0009792401096748726 | -0.01491720268235941 | 0.0015172691673277505 | -0.0005161731554305105 | -0.00403417934627226 | -0.004498172617374285 | 0.00619338215628118 | 0.0035468953441386564 | 0.01226894826055358 | 3352.090088 | 1005.6 | 1709.01 | 285.51 | 0.0158 | 0.015600000000000001 | 0.005699999999999999 | 0.0134 | 0.09949999999999999 | 53.39 | 2.5505 | 215.94 | 382.18 | 111.3553 | 123.3445 | 1567.7 | 17.705 | 9856.61 | 223.52 | 250.82
2020-02-11 00:00:00 | 0.0016884725205512652 | 0.007328957836117755 | 0.008794565274632626 | 0.010962838429477095 | 0.015700000000000002 | -0.002710770426703424 | 1.5616438356236273e-05 | 0.0009672917573646522 | 0.002739961060177931 | 0.011425360554411013 | 0.012742599490296103 | 0.008659812910993825 | -0.001033628394876529 | -0.002548958405117263 | -0.0006059832876188498 | -0.00818977689918099 | 0.03567453718874947 | 0.05516284896206147 | 0.012199984052308377 | 3357.75 | 1012.97 | 1724.04 | 288.64 | 0.015700000000000002 | 0.0159 | 0.005699999999999999 | 0.013300000000000001 | 0.09910000000000001 | 54 | 2.583 | 217.81 | 384.56 | 111.2402 | 123.0301 | 1566.75 | 17.56 | 10208.24 | 235.85 | 253.88
2020-02-12 00:00:00 | 0.006462646415010154 | 0.006663573452323268 | 0.006391963063502093 | 0.008799889135254979 | 0.0158 | -0.002705587194221981 | 0.000985493995977249 | 0.0018995791359972536 | 0.006466548875493361 | 0.02851851851851861 | 0.006581494386372455 | 0.020889766310086877 | -0.00044947779669579635 | -0.0009469227449218076 | 0.005265677357587428 | 0.004555808656036442 | 0.01154067694333194 | 0.12533389866440547 | 0.006696076886718139 | 3379.449951 | 1019.72 | 1735.06 | 291.18 | 0.0158 | 0.016200000000000003 | 0.005600000000000001 | 0.0131 | 0.0981 | 55.54 | 2.6 | 222.36 | 392.04 | 111.1902 | 122.9136 | 1575 | 17.64 | 10326.05 | 265.41 | 255.58
2020-02-13 00:00:00 | -0.0016304458062382787 | 0.0036774800925745144 | -0.0013832374672920755 | -0.0029191565354763638 | 0.0159 | 0.0009612507212999333 | 1.5342465753409584e-05 | 3.5890410958749897e-05 | 0.0027510674900834697 | 0.014404033129276295 | 0.004999999999999893 | 0.005981291599208349 | 0.0012779903264856785 | 0.0006622538108069786 | 0.0008571428571428896 | 0.003684807256235656 | -0.01081439659889305 | 0.010135262424173952 | 0.005047343297597484 | 3373.939941 | 1023.47 | 1732.66 | 290.33 | 0.0159 | 0.0161 | 0.005600000000000001 | 0.0131 | 0.0977 | 56.34 | 2.613 | 223.69 | 394.01 | 111.3323 | 122.995 | 1576.35 | 17.705 | 10214.38 | 268.1 | 256.87
2020-02-14 00:00:00 | 0.0018435334086464028 | -0.005080754687484812 | -0.0011081227707686603 | -0.0009644197981606428 | 0.0158 | 0.001879783024195003 | 1.5342465753409584e-05 | 3.5890410958749897e-05 | -0.000972407338986625 | 0.018281860134895078 | -0.005166475315729113 | 0.006750413518708864 | 0.0005461128531432102 | -0.00025610797186881307 | 0.002505788689060262 | 0.005365715899463552 | 0.009568862720987559 | 0.060126818351361466 | 0.011056176275937135 | 3380.159912 | 1018.27 | 1730.74 | 290.05 | 0.0158 | 0.0159 | 0.005600000000000001 | 0.0131 | 0.09789999999999999 | 57.37 | 2.5995 | 225.2 | 396.23 | 111.3931 | 122.9635 | 1580.3 | 17.8 | 10312.12 | 284.22 | 259.71
2020-02-18 00:00:00 | -0.002919942623117011 | -0.005499523701965159 | -0.0012942440805666644 | -0.0064816410963627336 | 0.0158 | 0.003722683108129843 | 1.5342465753409584e-05 | 3.5890410958749897e-05 | -0.007133855783274301 | -0.00034861425832311 | 0.0017311021350261413 | 0.001154529307282548 | 0.0013438893432358157 | 0.0018493292725076937 | 0.004999050813136785 | 0.004775280898876355 | -0.0164970927413568 | -0.00802195482372825 | -0.0015401794309035655 | 3370.290039 | 1012.67 | 1728.5 | 288.17 | 0.0158 | 0.0155 | 0.005600000000000001 | 0.0131 | 0.09910000000000001 | 57.35 | 2.604 | 225.46 | 403.64 | 111.5428 | 123.1909 | 1588.2 | 17.885 | 10142 | 281.94 | 259.31
2020-02-19 00:00:00 | 0.00470578579780212 | 0.0035944582144231685 | 0.007781313277408275 | 0.007495575528333909 | 0.0158 | -0.0008768281330424621 | -0.0009540092813055123 | 3.5890410958749897e-05 | 0.00460242735631522 | 0.04132519616390584 | 0.0007680491551458335 | 0.01392708240929652 | 0.0028294071871963755 | 0.0003620397285839516 | 0.013411409142425335 | 0.025719876991892487 | -0.05014888582133703 | -0.07866922040150393 | -0.0136130500173538 | 3386.149902 | 1016.31 | 1741.95 | 290.33 | 0.0158 | 0.015600000000000001 | 0.005699999999999999 | 0.0131 | 0.0984 | 59.72 | 2.606 | 228.6 | 403.22 | 111.8584 | 123.2355 | 1609.5 | 18.345 | 9633.39 | 259.76 | 255.78
2020-02-20 00:00:00 | -0.0038155198009305336 | 0.0045753756235795695 | -0.008088636298401286 | -0.005510970275203975 | 0.0158 | 0.0037277080455351275 | -0.0009532099144501371 | -0.0018252684462360946 | -0.0003488471573629415 | -0.0025117213663764515 | -0.0069071373752876974 | 0.0005686789151355676 | 0.001953362465402675 | 0.006037221417529937 | 0.0005281143212176875 | 0.0021804306350505787 | -0.002585797938212786 | -0.006967970434247017 | 0.011533348971772606 | 3373.22998 | 1020.96 | 1727.86 | 288.73 | 0.0158 | 0.0152 | 0.0058 | 0.013300000000000001 | 0.09849999999999999 | 59.57 | 2.588 | 228.73 | 400.54 | 112.0769 | 123.9795 | 1610.35 | 18.385 | 9608.48 | 257.95 | 258.73
2020-02-21 00:00:00 | -0.010518102889622738 | -0.01110719322990128 | -0.005174030303380928 | -0.007411768780521744 | 0.015600000000000001 | 0.0055866985007573255 | -0.0028858675806906486 | -0.0018227416741333213 | 0.0008885659432702475 | -0.01628336410945108 | 0.007727975270479082 | -0.008481615878983995 | -0.004290803903391205 | 0.0007501240124374586 | 0.01449995342627397 | 0.009518629317378124 | 0.008113666261469143 | 0.02965691025392525 | 0.003787732385111653 | 3337.75 | 1009.62 | 1718.92 | 286.59 | 0.015600000000000001 | 0.0146 | 0.0060999999999999995 | 0.013500000000000002 | 0.0984 | 58.6 | 2.608 | 226.79 | 389.26 | 111.596 | 124.0725 | 1633.7 | 18.56 | 9686.44 | 265.6 | 259.71
2020-02-24 00:00:00 | -0.033513626544828146 | -0.029288247063251616 | -0.03788425290298569 | -0.022506019051606763 | 0.015300000000000001 | 0.007464870326118422 | -0.0038439285350723162 | -0.004598629868964199 | -0.03178535602281052 | -0.032252559726962504 | -0.011886503067484733 | -0.029586842453370843 | 0.00033424137065840576 | 0.005653952326260869 | 0.029779029197527063 | 0.0115840517241379 | -0.003744409710894847 | -0.0014307228915662051 | -0.013399561048862085 | 3225.889893 | 980.05 | 1653.8 | 280.14 | 0.015300000000000001 | 0.0138 | 0.006500000000000001 | 0.013999999999999999 | 0.10369999999999999 | 56.71 | 2.577 | 220.08 | 382.82 | 111.6333 | 124.774 | 1682.35 | 18.775 | 9650.17 | 265.22 | 256.23
2020-02-25 00:00:00 | -0.030279995672499505 | -0.03380439773480948 | -0.0179163139436449 | -0.0016420361247946325 | 0.015300000000000001 | 0.004690705362165648 | -0.0009468299185574347 | -0.0036622707571276614 | -0.006337760233489198 | -0.02503967554223241 | 0.0006984866123400657 | -0.014721919302072006 | -0.0013992240666540479 | -0.0013953227435202775 | -0.01572205545813876 | -0.0237017310252996 | -0.03196420373941611 | -0.06560591207299615 | -0.025719080513601167 | 3128.209961 | 946.92 | 1624.17 | 279.68 | 0.015300000000000001 | 0.013300000000000001 | 0.0066 | 0.0144 | 0.1048 | 55.29 | 2.5788 | 216.84 | 376.2 | 111.4771 | 124.5999 | 1655.9 | 18.33 | 9341.71 | 247.82 | 249.64
2020-02-26 00:00:00 | -0.0037785404903645237 | -0.012556498965065721 | 4.3098936687524514e-05 | -0.011012585812356868 | 0.015300000000000001 | 3.6438356164403274e-05 | -0.0009460342804348265 | -0.0018088995002525365 | -0.010466338470382253 | -0.005968529571351078 | -0.0022878858383744705 | -0.02047592695074707 | 0.0010656897246161812 | 0.002029696653047086 | -0.004801014554018934 | -0.013911620294598914 | -0.05579171265218019 | -0.08933903639738516 | -0.008772632590930973 | 3116.389893 | 935.03 | 1624.24 | 276.6 | 0.015300000000000001 | 0.013300000000000001 | 0.0067 | 0.0146 | 0.1066 | 54.96 | 2.5729 | 212.4 | 367.9 | 111.5959 | 124.8528 | 1647.95 | 18.075 | 8820.52 | 225.68 | 247.45
2020-02-27 00:00:00 | -0.04416324263826643 | -0.037635156091248345 | -0.036626360636359157 | -0.01276211135213312 | 0.014499999999999999 | 0.002832637712024244 | -0.0047892154418929245 | -0.007322137796823669 | -0.0272370976689309 | -0.05040029112081523 | -0.0005441330794047072 | -0.018738229755179026 | -0.002772503290891515 | 0.0023820050491458744 | -0.0008191996116387879 | -0.0013831258644535493 | -0.004084793186796332 | 0.004741226515420083 | -0.055890078803798704 | 2978.76001 | 899.84 | 1564.75 | 273.07 | 0.014499999999999999 | 0.013000000000000001 | 0.0072 | 0.0154 | 0.11130000000000001 | 52.19 | 2.5715 | 208.42 | 358.44 | 111.2865 | 125.1502 | 1646.6 | 18.05 | 8784.49 | 226.75 | 233.62
2020-02-28 00:00:00 | -0.00823834042273175 | -0.01673630867709819 | -0.03587793577248766 | -0.023730179074962554 | 0.0127 | 0.016025122620494603 | -0.0038180339272163577 | -0.010022066402261443 | -0.0300626766970441 | -0.016861467714121448 | -0.011783006027610288 | -0.02403800019192015 | -0.0011376042916257934 | 0.006204544619185626 | -0.012298068747722546 | -0.047922437673130314 | -0.012753159261380098 | 4.410143329658389e-05 | -0.025340296207516544 | 2954.219971 | 884.78 | 1508.61 | 266.59 | 0.0127 | 0.0113 | 0.0076 | 0.0165 | 0.1166 | 51.31 | 2.5412 | 203.41 | 368.82 | 111.1599 | 125.9267 | 1626.35 | 17.185 | 8672.46 | 226.76 | 227.7
2020-03-02 00:00:00 | 0.04603922874232036 | 0.026119487330183766 | 0.00197532828232605 | 0.008815034322367854 | 0.0113 | 0.002857167962116991 | 2.0821917808167e-05 | -0.002695251189002268 | -0.0008255501731055936 | 0.023582147729487524 | 0.02117110026759028 | 0.0273339560493584 | -0.008402310545439495 | -0.005660435793203522 | -0.01023764872259958 | -0.015711376200174598 | 0.022739799318763243 | 0.016801905097900915 | 0.050548967940272416 | 3090.22998 | 907.89 | 1511.59 | 268.94 | 0.0113 | 0.011000000000000001 | 0.0076 | 0.0168 | 0.1168 | 52.52 | 2.595 | 208.97 | 371.06 | 110.2259 | 125.2139 | 1609.7 | 16.915 | 8869.67 | 230.57 | 239.21
2020-03-03 00:00:00 | -0.02810789603432695 | -0.02124706737600368 | 0.012251999550142445 | 0.011415185543243833 | 0.0095 | 0.007599057919572605 | 0.0029038072886442556 | 0.0009599949139922348 | 0.004339106065458287 | -0.005331302361005319 | -0.008477842003853708 | 0.0018662965975977386 | -0.0017681869687613538 | -0.003722430177480307 | -0.006616139653351616 | -0.006207508128879713 | -0.00923145956952165 | -0.026412803053302736 | -0.0010451068099159855 | 3003.370117 | 888.6 | 1530.11 | 272.01 | 0.0095 | 0.0102 | 0.0073 | 0.0167 | 0.1161 | 52.24 | 2.573 | 209.36 | 370.11 | 110.031 | 124.7478 | 1599.05 | 16.81 | 8787.79 | 224.48 | 238.96
2020-03-04 00:00:00 | 0.04220259077712596 | 0.03136394328156644 | 0.015319160060387915 | 0.0054409764346898815 | 0.0072 | 2.794520547944046e-05 | -0.0009404763358940027 | 0.0009602032765863022 | -0.0008292854823928053 | -0.0072741194486983796 | 0.005052467936261129 | -0.004298815437523862 | 0.003153656696748941 | 0.0018966266338964477 | 0.028610737625465177 | 0.02617489589530053 | -0.0037028649979119477 | 0.00017818959372783993 | 0.03988115165718109 | 3130.120117 | 916.47 | 1553.55 | 273.49 | 0.0072 | 0.0102 | 0.0074 | 0.0166 | 0.11630000000000001 | 51.86 | 2.586 | 208.46 | 365.27 | 110.378 | 124.9844 | 1644.8 | 17.25 | 8755.25 | 224.52 | 248.49
2020-03-05 00:00:00 | -0.033922077118805904 | -0.035789496655646236 | -0.014631006404686064 | -0.0006581593476909786 | 0.0062 | 0.009540023262679886 | -0.0018986060047040398 | -0.004514730140677381 | -0.0228094021758245 | -0.010991129965291169 | -0.005027068832173187 | -0.01184879593207333 | -0.0051758502600155465 | 0.005542291678001465 | 0.001611138132295853 | -0.0028985507246377384 | 0.03695040118785875 | 0.02115624443256725 | -0.023582437925067423 | 3023.939941 | 883.67 | 1530.82 | 273.31 | 0.0062 | 0.0092 | 0.0076 | 0.0171 | 0.1204 | 51.29 | 2.573 | 205.99 | 345.14 | 109.8067 | 125.6771 | 1647.45 | 17.2 | 9078.76 | 229.27 | 242.63
2020-03-06 00:00:00 | -0.01705385193032183 | -0.018638179410865985 | -0.03745704916319348 | -0.023782518019831 | 0.0045000000000000005 | 0.01731377952554536 | -0.012364842846728785 | -0.014423534854789422 | -0.04494293127935933 | -0.11093780464028069 | -0.004858142246404906 | -0.062041846691586966 | -0.006754596941716762 | 0.005456841381604072 | 0.024006798385383332 | 0.016279069767441978 | 0.004823345919486632 | 0.06219740916822958 | -0.016939372707414524 | 2972.370117 | 867.2 | 1473.48 | 266.81 | 0.0045000000000000005 | 0.0074 | 0.0089 | 0.0187 | 0.12869999999999998 | 45.6 | 2.5605 | 193.21 | 305.29 | 109.065 | 126.3629 | 1687 | 17.48 | 9122.55 | 243.53 | 238.52
2020-03-09 00:00:00 | -0.07596969728248681 | -0.0964829335793359 | -0.07537937399896844 | -0.06457778943817694 | 0.0033 | 0.01943888255830495 | -0.020690063847257356 | -0.04400451617633394 | -0.06553170714825751 | -0.22521929824561404 | -0.019527436047647062 | -0.1355519900626262 | -0.00592215651217165 | 0.014317493504818257 | -0.006164789567279283 | -0.03403890160183065 | -0.13142268335059815 | -0.17057446721143177 | -0.07148247526412888 | 2746.560059 | 783.53 | 1362.41 | 249.58 | 0.0033 | 0.0054 | 0.0111 | 0.023700000000000002 | 0.1414 | 35.33 | 2.5105 | 167.02 | 318.91 | 108.4191 | 128.1721 | 1676.6 | 16.885 | 7923.64 | 201.99 | 221.47
2020-03-10 00:00:00 | 0.04939630595567479 | 0.02871619465751163 | -0.009387776073282006 | 0.016948473435371314 | 0.0044 | -0.021092885229826996 | 0.006646120582528781 | 6.493150684927507e-05 | 0.02253659679351494 | 0.0067930936880837844 | 0.004381597291376327 | 0.04161178301999757 | 0.01178113450489815 | 0.0009432630034149625 | -0.011451747584396932 | 0.010956470239857685 | -0.0017555063077071553 | -0.006039902965493282 | 0.04989389082042717 | 2882.22998 | 806.03 | 1349.62 | 253.81 | 0.0044 | 0.0076 | 0.0104 | 0.023700000000000002 | 0.13720000000000002 | 35.57 | 2.5215 | 173.97 | 313.29 | 109.6964 | 128.293 | 1657.4 | 17.07 | 7909.73 | 200.77 | 232.52
2020-03-11 00:00:00 | -0.048868444911533415 | -0.060171457638053205 | -0.007942976541544855 | -0.016272014499034704 | 0.0042 | -0.005717222546924194 | -0.0046843767307143125 | -0.0087007154167551 | -0.018343645369973793 | -0.03148720832161922 | -0.007733491969066142 | -0.010231649134908372 | 0.0034641063881768464 | 0.0024093286461459584 | 0.0030771087245082818 | -0.0029291154071471315 | 0.00021492516179444365 | -0.029386860586741115 | -0.05440392224324786 | 2741.379883 | 757.53 | 1338.9 | 249.68 | 0.0042 | 0.008199999999999999 | 0.0109 | 0.024700000000000003 | 0.1408 | 34.45 | 2.502 | 172.19 | 300.45 | 110.0764 | 128.6021 | 1662.5 | 17.02 | 7911.43 | 194.87 | 219.87
2020-03-12 00:00:00 | -0.09511268088633595 | -0.11383047536071178 | -0.11553514078721339 | -0.07057033002242874 | 0.0033 | -0.00569707102327921 | -0.015849064924739253 | -0.025825956192152555 | -0.0582535152747532 | -0.09956458635703924 | -0.011790567545963082 | -0.043498461002381195 | 0.01587170365309909 | 0.022496522218532933 | -0.01554887218045109 | -0.02908343125734436 | -0.3716951297047437 | -0.4234617950428491 | -0.08696047664529039 | 2480.639893 | 671.3 | 1184.21 | 232.06 | 0.0033 | 0.0088 | 0.0126 | 0.0277 | 0.15259999999999999 | 31.02 | 2.4725 | 164.7 | 298.4 | 111.8235 | 131.4952 | 1636.65 | 16.525 | 4970.79 | 112.35 | 200.75
2020-03-13 00:00:00 | 0.09287124973282035 | 0.08145389542678405 | 0.013038228016990283 | 0.012496768077221443 | 0.0028000000000000004 | -0.005677006773030513 | -0.00276316815826394 | -0.0059443061229212946 | 0.010937441882221677 | 0.03965183752417789 | -0.003437815975733116 | 0.0007285974499089409 | 0.006499528274468203 | -0.007162999105670753 | -0.02963370299086554 | -0.04568835098335844 | 0.11928083865944861 | 0.1855807743658211 | 0.08632627646326285 | 2711.02002 | 725.98 | 1199.65 | 234.96 | 0.0028000000000000004 | 0.009399999999999999 | 0.0129 | 0.028399999999999998 | 0.1505 | 32.25 | 2.464 | 164.82 | 279 | 112.5503 | 130.5533 | 1588.15 | 15.77 | 5563.71 | 133.2 | 218.08
2020-03-16 00:00:00 | -0.11984055248695646 | -0.1330890658144852 | -0.04645521610469716 | -0.06801157643854283 | 0.0024 | 0.02020665102051078 | -0.009240815734633645 | -0.024496467149901724 | -0.05475841912948387 | -0.1324031007751938 | -0.029017857142857095 | -0.06346317194515216 | -0.0038498342518854534 | 0.01241255487222448 | -0.052576897648207055 | -0.17786937222574506 | -0.09871650391555287 | -0.16959459459459458 | -0.16548972853998534 | 2386.129883 | 629.36 | 1143.92 | 218.98 | 0.0024 | 0.0073 | 0.0139 | 0.0313 | 0.162 | 27.98 | 2.3925 | 154.36 | 273.87 | 112.117 | 132.1738 | 1504.65 | 12.965 | 5014.48 | 110.61 | 181.99
2020-03-17 00:00:00 | 0.059954849490479356 | 0.06466886996313703 | 0.027012378488006084 | -0.005571285048862951 | 0.0019 | -0.027417338383108225 | -0.00827068498910033 | -0.01752081612801548 | -0.0019504548625746132 | -0.00035739814152968563 | -0.033019853709508995 | -0.02902306296968138 | 0.01665581490764101 | 0.00920227760721093 | -0.021466786295816442 | -0.040493636714230674 | 0.04210805507251014 | 0.030105777054515892 | 0.0693994175504149 | 2529.189941 | 670.06 | 1174.82 | 217.76 | 0.0019 | 0.0102 | 0.0148 | 0.0334 | 0.1625 | 27.97 | 2.3135 | 149.88 | 251.02 | 113.9844 | 133.3901 | 1472.35 | 12.44 | 5225.63 | 113.94 | 194.62
2020-03-18 00:00:00 | -0.051830762440945644 | -0.10333402978837702 | -0.045189901431708646 | -0.048034533431300375 | 0.0002 | -0.014980847965007649 | -0.012788813299062785 | -0.02793013780853404 | -0.047497621263666745 | -0.18519842688594923 | -0.0702398962610763 | -0.06738724312783562 | 0.016803176575040046 | 0.01115749969450519 | 0.02285462016504236 | -0.001607717041800627 | 0.0024513790681697234 | 0.00789889415481837 | -0.07460692631795296 | 2398.100098 | 600.82 | 1121.73 | 207.3 | 0.0002 | 0.0118 | 0.016200000000000003 | 0.0368 | 0.1729 | 22.79 | 2.151 | 139.78 | 269.53 | 115.8997 | 134.8784 | 1506 | 12.42 | 5238.44 | 114.84 | 180.1
2020-03-19 00:00:00 | 0.004707808072488717 | 0.05720515295762452 | 0.03563246057429148 | -0.019054510371442457 | 0.0004 | 0.005678702518127743 | -0.027903891388606494 | -0.04556123400634926 | -0.04357862893540554 | 0.05221588415971934 | 0.016039051603905286 | 0.056946630419230315 | 0.0070932021394360945 | 0.007039674254736061 | -0.016799468791500627 | -0.03341384863123986 | 0.18187666557219329 | 0.18939393939393945 | -0.013436979455857756 | 2409.389893 | 635.19 | 1161.7 | 203.35 | 0.0004 | 0.011200000000000002 | 0.019299999999999998 | 0.0425 | 0.18280000000000002 | 23.98 | 2.1855 | 147.74 | 261.59 | 116.7218 | 135.8279 | 1480.7 | 12.005 | 6191.19 | 136.59 | 177.68
2020-03-20 00:00:00 | -0.043359512424085644 | -0.04817456194209613 | 0.016295084789532677 | -0.017900172117039537 | 0.0005 | 0.01905484104590771 | -0.03699235117179256 | -0.03130229241144333 | -0.019208918487032767 | 0.06547122602168476 | -0.006405856783344932 | -0.012318938676052715 | -0.00048577043876985027 | -0.001976029961443748 | 0.016039710947524766 | 0.05206164098292376 | 0.0012259355632762148 | -0.028186543670839725 | -0.05476136875281412 | 2304.919922 | 604.59 | 1180.63 | 199.71 | 0.0005 | 0.0092 | 0.0235 | 0.04650000000000001 | 0.1873 | 25.55 | 2.1715 | 145.92 | 263.63 | 116.6651 | 135.5595 | 1504.45 | 12.63 | 6198.78 | 132.74 | 167.95
2020-03-23 00:00:00 | -0.029293868023585024 | -0.014753800095932856 | -0.04287541397389538 | 0.04852035451404535 | 0.0002 | 0.015376245297906488 | 0.015191959230309138 | -0.017736546787871954 | -0.03728644026143313 | -0.07045009784735812 | -0.03269629288510256 | -0.00390625 | 0.0031397564481581153 | 0.016296165152571263 | -0.006613712652464354 | -0.009501187648456089 | 0.03509238914754209 | 0.016347747476269214 | -0.055552247692765566 | 2237.399902 | 595.67 | 1130.01 | 209.4 | 0.0002 | 0.0076 | 0.0218 | 0.048799999999999996 | 0.1962 | 23.75 | 2.1005 | 145.35 | 270.58 | 117.0314 | 137.7686 | 1494.5 | 12.51 | 6416.31 | 134.91 | 158.62
2020-03-24 00:00:00 | 0.09382773987446069 | 0.09006664764047234 | 0.08491960248139407 | 0.03973256924546309 | 0.0001 | -0.007621665425117996 | 0.030857770760766456 | 0.011081934490828615 | 0.006941115692912447 | 0.03157894736842115 | 0.03784813139728649 | 0.02235982112143109 | -0.006062475540752343 | -0.004293431159204664 | 0.07025761124121788 | 0.08912869704236615 | 0.049637564269806145 | 0.028537543547550115 | 0.08548732820577487 | 2447.330078 | 649.32 | 1225.97 | 217.72 | 0.0001 | 0.0084 | 0.0184 | 0.047400000000000005 | 0.19469999999999998 | 24.5 | 2.18 | 148.6 | 273.38 | 116.3219 | 137.1771 | 1599.5 | 13.625 | 6734.8 | 138.76 | 172.18
2020-03-25 00:00:00 | 0.011535011665884554 | 0.009363641963900493 | 0.03305953653025773 | 0.023562373690979133 | 0 | -0.003790010819172407 | 0.023926784585964755 | 0.020723175911448344 | 0.01916495416727071 | 0.04571428571428582 | 0.011009174311926717 | 0.011978465679677086 | -0.004416193339345398 | -0.006781744183249172 | 0.013410440762738451 | 0.02495412844036693 | -0.007979450020787482 | -0.01844912078408767 | 0.04495295620861883 | 2475.560059 | 655.4 | 1266.5 | 222.85 | 0 | 0.0088 | 0.0158 | 0.044800000000000006 | 0.19039999999999999 | 25.62 | 2.204 | 150.38 | 266.17 | 115.8082 | 136.2468 | 1620.95 | 13.965 | 6681.06 | 136.2 | 179.92
2020-03-26 00:00:00 | 0.062414162984360866 | 0.06905706438815984 | 0.024121594946703517 | -0.014673547229077766 | 0 | 0.004803237729029686 | 0.007421035312716429 | 0.019358383919773958 | 0.04632876097641869 | -0.08079625292740045 | -0.011796733212341315 | -0.019350977523606816 | -0.019464942896962323 | -0.019011088700798928 | -0.0005243838489775721 | 0.03222341568206222 | 0.005295566871125201 | 0.015859030837004573 | 0.07809026233881733 | 2630.070068 | 700.66 | 1297.05 | 219.58 | 0 | 0.0083 | 0.015 | 0.0424 | 0.1802 | 23.55 | 2.178 | 147.47 | 261.54 | 113.554 | 133.6566 | 1620.1 | 14.415 | 6716.44 | 138.36 | 193.97
2020-03-27 00:00:00 | -0.03368735231733755 | -0.04393000884879972 | -0.03360703134034915 | -0.012751616722834536 | 0.0003 | 0.010599397259835941 | 0.009312328231079192 | 0.008170826065409198 | 0.01917778664037706 | -0.049256900212314214 | -0.0027548209366390353 | -0.008544110666576232 | -0.0049315744051288135 | 0.004661947109233511 | 0.0006789704339238423 | -0.006937218175511628 | -0.03672183478152102 | -0.03194564903151209 | -0.0007217610970767785 | 2541.469971 | 669.88 | 1253.46 | 216.78 | 0.0003 | 0.0072 | 0.013999999999999999 | 0.0414 | 0.1761 | 22.39 | 2.172 | 146.21 | 254.64 | 112.994 | 134.2797 | 1621.2 | 14.315 | 6469.8 | 133.94 | 193.83
2020-03-30 00:00:00 | 0.03351600922771647 | 0.02304890428136397 | 0.013219408676782507 | 0.018451886705415532 | 0.0012 | 0.0019448339231991074 | 0.007486953889088044 | 0.007395094971147653 | 0.005055950870197723 | -0.14292094685127288 | -0.007596685082873034 | -0.0311196224608441 | 0.0031930898985785827 | 0.01121837478040244 | 0.002004687885516887 | -0.01816276632902547 | -0.006176388760085305 | -0.007764670748096059 | 0.027343548470308843 | 2626.649902 | 685.32 | 1270.03 | 220.78 | 0.0012 | 0.006999999999999999 | 0.0132 | 0.0405 | 0.1751 | 19.19 | 2.1555 | 141.66 | 255.54 | 113.3548 | 135.7861 | 1624.45 | 14.055 | 6429.84 | 132.9 | 199.13
2020-03-31 00:00:00 | -0.01601272174414059 | -0.0007004027315706818 | 0.01623583694873365 | -0.0200652232992119 | 0.0011 | 1.9178082191650958e-05 | 0.005640491891245603 | 0.007425322597910622 | -0.018886124442916374 | -0.2261594580510683 | 0.03363488749710064 | 0.0050825921219821435 | -0.002024616513813249 | -0.010338318870635632 | -0.01218874080457999 | -0.008893632159373888 | 0.0013686188147761236 | 0.0051918735891647305 | -0.03259177421784765 | 2584.590088 | 684.84 | 1290.65 | 216.35 | 0.0011 | 0.006999999999999999 | 0.0126 | 0.039599999999999996 | 0.1794 | 14.85 | 2.228 | 142.38 | 247.12 | 113.1253 | 134.3823 | 1604.65 | 13.93 | 6438.64 | 133.59 | 192.64
2020-04-01 00:00:00 | -0.044142430372115515 | -0.0718123941358566 | -0.02951226126370443 | 0.011000693321007615 | 0.0009 | 0.007753009528984833 | -0.008331789588394534 | -0.001515302297254273 | -0.02768770922925856 | 0.008080808080808133 | -0.02401256732495516 | -0.041719342604298326 | 0.0053789912601336365 | 0.015261682528130649 | -0.006481164116785676 | 0.006101938262742301 | 0.02611421045438167 | 0.015270604087132211 | -0.061098421926910174 | 2470.5 | 635.66 | 1252.56 | 218.73 | 0.0009 | 0.0062 | 0.013500000000000002 | 0.0398 | 0.1858 | 14.97 | 2.1745 | 136.44 | 263.95 | 113.7338 | 136.4332 | 1594.25 | 14.015 | 6606.78 | 135.63 | 180.87
2020-04-02 00:00:00 | 0.022829347095729702 | 0.015149608281156635 | 0.006458772434055238 | -0.008960819274904996 | 0.0009 | -0.0009492193107474289 | 0.0028302104481341406 | -0.0007024524043153235 | -0.0008104712286367555 | 0.35203740814963247 | 0.02023453667509778 | 0.07776311931984758 | 0.002124258575726845 | -0.005432695267720722 | -0.003888976007527134 | 0.011416339636104222 | 0.028280039595688145 | 0.04718720047187208 | 0.013379775529385629 | 2526.899902 | 645.29 | 1260.65 | 216.77 | 0.0009 | 0.0063 | 0.0132 | 0.039900000000000005 | 0.1861 | 20.24 | 2.2185 | 147.05 | 275.44 | 113.9754 | 135.692 | 1588.05 | 14.175 | 6793.62 | 142.03 | 183.29
2020-04-03 00:00:00 | -0.01513712512700871 | -0.035549907793395175 | -0.01056597786855995 | 0.023112054251049452 | 0.001 | 0.000983989204821789 | -0.004606846349503035 | -0.0015120568452697825 | -0.024068246654743053 | 0.20207509881422925 | -0.01171963038088808 | 0.06589595375722546 | 0.005541546684635579 | 0.007995312914541808 | 0.013664557161298552 | 0.015167548500881756 | -0.008865671026639599 | 0.00042244596212070995 | -0.007583610671613172 | 2488.649902 | 622.35 | 1247.33 | 221.78 | 0.001 | 0.0062 | 0.0137 | 0.0401 | 0.1918 | 24.33 | 2.1925 | 156.74 | 271.7 | 114.607 | 136.7769 | 1609.75 | 14.39 | 6733.39 | 142.09 | 181.9
2020-04-06 00:00:00 | 0.07033131894499789 | 0.0840363139712379 | 0.0371353210457539 | 0.03021011813508867 | 0.0015 | -0.004803596059708148 | 0.004692907824515702 | 0.004173398399143657 | 0.00877231980910631 | -0.07192766132346895 | 0.011402508551881407 | -0.00931478882225345 | -0.0010383309919987926 | -0.002957370725612418 | 0.01667960863488105 | 0.011466296038915802 | 0.07995823797522483 | 0.1903722992469561 | 0.07212754260582743 | 2663.679932 | 674.65 | 1293.65 | 228.48 | 0.0015 | 0.0067 | 0.0132 | 0.039599999999999996 | 0.18989999999999999 | 22.58 | 2.2175 | 155.28 | 270.56 | 114.488 | 136.3724 | 1636.6 | 14.555 | 7271.78 | 169.14 | 195.02
2020-04-07 00:00:00 | -0.001603052960193252 | 0.004446750166753111 | 0.017848722606578216 | -0.0023196778711485067 | 0.0014000000000000002 | -0.007661307497265457 | 0.006578032518939514 | 0.010742459990016773 | 0.018126109644717836 | -0.021257750221434724 | 0.024802705749718212 | 0.00019319938176187712 | -0.007246174271539396 | -0.010019622738911993 | 0.009531956495173022 | 0.035726554448643144 | -0.013115083239591985 | -0.02388553860707099 | 0.001179366218849287 | 2659.409912 | 677.65 | 1316.74 | 227.95 | 0.0014000000000000002 | 0.0075 | 0.0125 | 0.0383 | 0.1859 | 22.1 | 2.2725 | 155.31 | 277.08 | 113.6584 | 135.006 | 1652.2 | 15.075 | 7176.41 | 165.1 | 195.25
2020-04-08 00:00:00 | 0.03405645274589775 | 0.04342949900391058 | -0.0012455002506189805 | 0.015661329238868316 | 0.0022 | -0.0018972969114776639 | 0.0056595395526546355 | 0.009152588606800238 | 0.0027139079968971913 | 0.14117647058823524 | -0.005500550055005604 | 0.015388577683342897 | 0.0007645717342492642 | 0.0009999555575306296 | -0.001906548843965683 | -0.0006633499170812795 | 0.021973382234292682 | 0.04566929133858255 | 0.0740588988476314 | 2749.97998 | 707.08 | 1315.1 | 231.52 | 0.0022 | 0.0077 | 0.011899999999999999 | 0.037200000000000004 | 0.18539999999999998 | 25.22 | 2.26 | 157.7 | 276.41 | 113.7453 | 135.141 | 1649.05 | 15.065 | 7334.1 | 172.64 | 209.71
2020-04-09 00:00:00 | 0.014487410195618944 | 0.051125756632912855 | 0.014500798418371375 | 0.0003455425017275804 | 0.0025 | 0.003865076384859112 | 0.010406468027507776 | 0.02430539245392671 | 0.047140730639352535 | -0.19785884218873906 | -0.0002212389380529256 | -0.00221940393151554 | -0.0048125065387316646 | -0.007280544024389157 | 0.00815621115187537 | 0.0073016926651179315 | -0.004364543706794288 | -0.010600092678405892 | 0.05145200514996895 | 2789.820068 | 743.23 | 1334.17 | 231.6 | 0.0025 | 0.0073 | 0.0108 | 0.034300000000000004 | 0.1752 | 20.23 | 2.2595 | 157.35 | 280.12 | 113.1979 | 134.1571 | 1662.5 | 15.175 | 7302.09 | 170.81 | 220.5
2020-04-13 00:00:00 | -0.010104660627883844 | -0.03347550556355372 | 0 | -0.003929188255613059 | 0.0026 | -0.0028583199659601988 | 0.004757629274111608 | 0.01610464243478238 | 0.014344708670342099 | 0 | 0.019030759017481857 | 0 | -0.0013180456527904783 | 0.0021005224471903894 | 0 | 0 | -0.06259166896053048 | -0.08506527720859436 | -0.04585034013605449 | 2761.629883 | 718.35 | 1334.17 | 230.69 | 0.0026 | 0.0076 | 0.0103 | 0.032400000000000005 | 0.1722 | 20.23 | 2.3025 | 157.35 | 280.12 | 113.0487 | 134.4389 | 1662.5 | 15.175 | 6845.04 | 156.28 | 210.39
2020-04-14 00:00:00 | 0.03057258922339079 | 0.017749008143662648 | 0.006183619778588945 | 0.014261563136676925 | 0.002 | 2.0821917808167e-05 | 0.0028696105372927327 | 0.011116037648280841 | 0.026885875844078644 | 0.07464162135442409 | 0.011726384364820763 | -0.006418811566571314 | -0.005369367361146127 | -0.001400636274173639 | 0.032090225563909724 | 0.022075782537067434 | -0.0003812979909539882 | 0.008446378295367207 | 0.03255858168163894 | 2846.060059 | 731.1 | 1342.42 | 233.98 | 0.002 | 0.0076 | 0.01 | 0.0311 | 0.1666 | 21.74 | 2.3295 | 156.34 | 278.54 | 112.4417 | 134.2506 | 1715.85 | 15.51 | 6842.43 | 157.6 | 217.24
2020-04-15 00:00:00 | -0.022030438817243536 | -0.04837915469839971 | -0.03188271926818742 | -0.010428241730062404 | 0.0014000000000000002 | 0.012581494875331778 | -0.006577688955566097 | -0.001609572132208692 | -0.006580032735602259 | -0.08923643054277819 | -0.014380768405237165 | -0.027120378661890765 | 0.00819624747758163 | 0.008003688624110383 | -0.0020980854969839813 | 0.003868471953578423 | -0.029276148970468152 | -0.027347715736040668 | -0.038114527711287094 | 2783.360107 | 695.73 | 1299.62 | 231.54 | 0.0014000000000000002 | 0.0063 | 0.010700000000000001 | 0.0313 | 0.1681 | 19.8 | 2.296 | 152.1 | 270.95 | 113.3633 | 135.3251 | 1712.25 | 15.57 | 6642.11 | 153.29 | 208.96
2020-04-16 00:00:00 | 0.0058166896763673925 | -0.006194931941989057 | 0.005609331958572605 | -0.0023753994990065586 | 0.0014000000000000002 | 0.0019517656017391527 | 0.000973404292936797 | 0.0026318037922097304 | 0.005168717522288091 | -0.05606060606060603 | -0.00217770034843201 | 0.004799474030243278 | 0.0047387470195381365 | 0.0014742276192665216 | 0.0032705504453205414 | -0.004495825305073864 | 0.07146674776539386 | 0.12310000652358277 | -0.005934150076569722 | 2799.550049 | 691.42 | 1306.91 | 230.99 | 0.0014000000000000002 | 0.0060999999999999995 | 0.0106 | 0.031 | 0.1671 | 18.69 | 2.291 | 152.83 | 270.66 | 113.9005 | 135.5246 | 1717.85 | 15.5 | 7116.8 | 172.16 | 207.72
2020-04-17 00:00:00 | 0.026793594930297315 | 0.04506667438026102 | 0.026122686336472967 | 0.014026581237282842 | 0.0012 | -0.0038439285350723162 | 0.0038135015625260227 | 0.002634874664403153 | 0.02199844914927196 | 0.05671482075976453 | 0.023352247926669678 | 0.0032716089772950596 | -0.005150987045710931 | -0.0044006770726494615 | -0.014378438163983986 | -0.021935483870967776 | -0.0028973696043165242 | -0.0030204460966543056 | 0.03220681686886184 | 2874.560059 | 722.58 | 1341.05 | 234.23 | 0.0012 | 0.006500000000000001 | 0.0102 | 0.030699999999999998 | 0.16260000000000002 | 19.75 | 2.3445 | 153.33 | 270.57 | 113.3138 | 134.9282 | 1693.15 | 15.16 | 7096.18 | 171.64 | 214.41
2020-04-20 00:00:00 | -0.017881048210862893 | -0.020011625010379563 | 0.006770813914470208 | 0.0010246339068438193 | 0.0012 | 0.0019502194434124487 | -0.0018622575441276101 | -0.002461940778511029 | -0.010471124904796403 | -0.12101265822784812 | -0.01044998933674568 | -0.035609469771082036 | 0.0015938041085905574 | 0.002243415386850023 | -0.004843044030357624 | -0.0006596306068601399 | -0.030188073019568273 | 0.0038452575157308377 | -0.037358332167342856 | 2823.159912 | 708.12 | 1350.13 | 234.47 | 0.0012 | 0.0063 | 0.0104 | 0.031 | 0.1649 | 17.36 | 2.32 | 147.87 | 258.69 | 113.4944 | 135.2309 | 1684.95 | 15.15 | 6881.96 | 172.3 | 206.4
2020-04-21 00:00:00 | -0.030674795512610764 | -0.021832457775518344 | -0.03478183582321703 | -0.02422484752846854 | 0.0011 | 0.00486139203800362 | -0.0037438214994175434 | -0.004991651058520397 | -0.015022801904610139 | -0.4746543778801844 | -0.03900862068965516 | -0.10901467505241091 | 0.005812621591902323 | 0.007586283904048585 | -0.003768657823674415 | -0.011881188118811892 | -0.00023830420403492258 | 0.002553685432385322 | -0.01608527131782944 | 2736.560059 | 692.66 | 1303.17 | 228.79 | 0.0011 | 0.0058 | 0.0108 | 0.0316 | 0.16820000000000002 | 9.12 | 2.2295 | 131.75 | 228.24 | 114.1541 | 136.2568 | 1678.6 | 14.97 | 6880.32 | 172.74 | 203.08
2020-04-22 00:00:00 | 0.022930247700439832 | 0.008777755320070524 | 0.018700553266266073 | 0.01223829712837099 | 0.0012 | -0.004815137649627044 | 0.0019177674899832908 | 0.0017804911608876317 | 0.005639808452599038 | 0.5098684210526316 | 0.027136129176945634 | 0.01404174573055017 | -0.0009390814696975669 | 0.0010186647565479934 | 0.014327415703562663 | -0.004008016032064132 | 0.034430084647225856 | 0.057080004631237635 | 0.019056529446523474 | 2799.310059 | 698.74 | 1327.54 | 231.59 | 0.0012 | 0.0063 | 0.0106 | 0.031400000000000004 | 0.1671 | 13.77 | 2.29 | 133.6 | 236.8 | 114.0469 | 136.3956 | 1702.65 | 14.91 | 7117.21 | 182.6 | 206.95
2020-04-23 00:00:00 | -0.0005394222033908713 | 0.012522540573031371 | 0.008798228301972078 | 0.004015717431667953 | 0.0011 | 0.0019517656017391527 | 0.0028658652356998715 | 0.0026307821337971937 | -0.005167258119272766 | 0.09368191721132901 | 0.009606986899563186 | 0.023278443113772473 | -0.0023069456513065134 | -0.0006451821026484117 | 0.014624262179543601 | 0.02649228705566742 | 0.04390905987037064 | 0.013307776560788742 | -0.011886929209954045 | 2797.800049 | 707.49 | 1339.22 | 232.52 | 0.0011 | 0.0060999999999999995 | 0.0103 | 0.0311 | 0.16829999999999998 | 15.06 | 2.312 | 136.71 | 243.35 | 113.7838 | 136.3076 | 1727.55 | 15.305 | 7429.72 | 185.03 | 204.49
2020-04-24 00:00:00 | 0.013918057158487152 | 0.010812873680193347 | -0.011043741879601554 | -0.013203165319112475 | 0.0012 | 0.0009844891403871792 | -0.001860971023673219 | 8.520547945201074e-05 | -0.006995381787009092 | 0.05378486055776888 | 0.010813148788927585 | -0.0128739667910176 | 0.002226151701736123 | 0.004606492961507502 | -0.0001736563341148134 | 0.0006533812479581069 | 0.01631017050440664 | 0.02275306707020497 | 0.002885226661450524 | 2836.73999 | 715.14 | 1324.43 | 229.45 | 0.0012 | 0.006 | 0.0105 | 0.0311 | 0.1699 | 15.87 | 2.337 | 134.95 | 241.45 | 114.0371 | 136.9355 | 1727.25 | 15.315 | 7550.9 | 189.24 | 205.08
2020-04-27 00:00:00 | 0.014714069723394063 | 0.04292865732583828 | 0.018740137266597623 | 0.01677925473959485 | 0.0012 | -0.006732376949344809 | 0.0009738684980913348 | 0.0009338889353027735 | -3.8091071863366466e-07 | -0.04410838059231248 | 0.005134788189987249 | -0.03430900333456832 | -0.0036137362314544452 | -0.0008427325273577813 | -0.0057895498624982444 | -0.007182500816193205 | 0.032406732972228625 | 0.04216867469879504 | 0.029988297249853524 | 2878.47998 | 745.84 | 1349.25 | 233.3 | 0.0012 | 0.0067 | 0.0104 | 0.031 | 0.17 | 15.17 | 2.349 | 130.32 | 230.45 | 113.625 | 136.8201 | 1717.25 | 15.205 | 7795.6 | 197.22 | 211.23
2020-04-28 00:00:00 | -0.005242380389944623 | 0.0204333369087204 | 0.016401704650731874 | 0.008615516502357368 | 0.0011 | 0.004852000818629243 | -0.0009161019501926493 | 0.000934047167110208 | -0.0023233197482555035 | 0.028345418589321048 | -0.0014899957428694544 | -0.004987722529159022 | -0.002276787678767933 | -0.005948687363917959 | -0.005328286504585833 | -0.003946070371588339 | 0.0014700600338652947 | 0.006084575600851849 | 0.00023670880083326296 | 2863.389893 | 761.08 | 1371.38 | 235.31 | 0.0011 | 0.0062 | 0.0105 | 0.030899999999999997 | 0.17059999999999997 | 15.6 | 2.3455 | 129.67 | 239.97 | 113.3663 | 136.0062 | 1708.1 | 15.145 | 7807.06 | 198.42 | 211.28
2020-04-29 00:00:00 | 0.026583916212768344 | 0.05502706679981073 | 0.016479750324490672 | 0.019506183332625104 | 0.001 | -0.0009492193107474289 | 0.0009738684980913348 | 0.0026359002571767487 | 0.006539033385565496 | 0.1448717948717948 | 0.011340865487103002 | 0.032235675175445344 | -0.0019776600277154888 | -0.008004782134932165 | -0.0012294362156781702 | 0.001320567844173004 | 0.12731809413530826 | 0.093488559621006 | 0.0035024611889435953 | 2939.51001 | 802.96 | 1393.98 | 239.9 | 0.001 | 0.0063 | 0.0104 | 0.030600000000000002 | 0.1693 | 17.86 | 2.3721 | 133.85 | 246.03 | 113.1421 | 134.9175 | 1706 | 15.165 | 8801.04 | 216.97 | 212.02
2020-04-30 00:00:00 | -0.009212446260729035 | -0.03966573677393648 | -0.02138481183374219 | 0.006210921217173704 | 0.0009 | -0.0009484224333147218 | -0.0009161019501926493 | 0.02074567711051878 | -0.03847553889858513 | 0.01399776035834277 | -0.011002908814974122 | 0.04841240194247298 | -0.005074150117418741 | -0.0018003594789407495 | 0.006301289566236878 | 0.011210023079459397 | -0.0161901320753004 | -0.04318569387472926 | -0.006650316007923762 | 2912.429932 | 771.11 | 1364.17 | 241.39 | 0.0009 | 0.0064 | 0.0105 | 0.0282 | 0.1779 | 18.11 | 2.346 | 140.33 | 257.04 | 112.568 | 134.6746 | 1716.75 | 15.335 | 8658.55 | 207.6 | 210.61
2020-05-01 00:00:00 | -0.02805903417696365 | -0.04031850189985864 | -0.009800831274694555 | -0.009072455362691079 | 0.0012 | 1.753424657535696e-05 | 2.8767123287698482e-05 | -0.0007832086274045524 | -0.00447371808585495 | 0.02098288238542234 | -0.01449275362318847 | -0.0095489204019098 | 0.0022031127851609433 | 0.011450563060888985 | -0.02545507499635946 | -0.031953048581675914 | 0.023816920847024248 | 0.031888246628130945 | -0.0323821281040787 | 2830.709961 | 740.02 | 1350.8 | 239.2 | 0.0012 | 0.0064 | 0.0105 | 0.028300000000000002 | 0.179 | 18.49 | 2.312 | 138.99 | 256.49 | 112.816 | 136.2167 | 1673.05 | 14.845 | 8864.77 | 214.22 | 203.79
2020-05-04 00:00:00 | 0.004249827487006197 | -0.005405259317315725 | -0.02453360971276275 | -0.02947324414715713 | 0.0013 | 1.753424657535696e-05 | 0.0009738684980913348 | -0.0016416409266521992 | -0.004451327599391819 | 0.10329908058409942 | 0.00021626297577870268 | 0.003021800129505703 | 0.003987023117288269 | -0.003015782939977174 | 0.018319835031828102 | 0.005725833614011355 | 0.005401155359924692 | -0.028241994211558263 | -0.00014721036360965112 | 2842.73999 | 736.02 | 1317.66 | 232.15 | 0.0013 | 0.0064 | 0.0104 | 0.0285 | 0.1801 | 20.4 | 2.3125 | 139.41 | 259.09 | 113.2658 | 135.8059 | 1703.7 | 14.93 | 8912.65 | 208.17 | 203.76
2020-05-05 00:00:00 | 0.009040556326081806 | 0.0036547919893481495 | 0.021090417861967303 | 0.009648933878957378 | 0.0013 | -0.0019117420288956577 | 0.0009741011972881353 | 0.0017990199945350227 | 0.009087101071803216 | 0.24803921568627474 | 0.00864864864864856 | 0.07151567319417551 | 0.0007769335492266993 | -0.007590244606456742 | -0.004343487703234228 | -0.012056262558606812 | 0.010145130797237556 | -0.006725272613729016 | 0.006281900274833108 | 2868.439941 | 738.71 | 1345.45 | 234.39 | 0.0013 | 0.0066 | 0.0103 | 0.028300000000000002 | 0.1782 | 25.46 | 2.3325 | 149.38 | 274.17 | 113.3538 | 134.7751 | 1696.3 | 14.75 | 9003.07 | 206.77 | 205.04
2020-05-06 00:00:00 | -0.006979410206169656 | -0.012589514153050652 | -0.003946634954847816 | 0.0018772131916890977 | 0.0012 | -0.0057510037357511035 | -0.0009168821967213692 | 7.753424657530594e-05 | -0.002669979146537216 | -0.049489395129615144 | 0.006216505894962365 | -0.02322934797161602 | 0.004403910587911453 | 0.008994243001860136 | 0.0015327477450923777 | 0.02203389830508473 | 0.02951104456590925 | -0.01310635005078109 | -0.0184354272337105 | 2848.419922 | 729.41 | 1340.14 | 234.83 | 0.0012 | 0.0072 | 0.0104 | 0.028300000000000002 | 0.1789 | 24.2 | 2.347 | 145.91 | 268.76 | 113.853 | 135.9873 | 1698.9 | 15.075 | 9268.76 | 204.06 | 201.26
2020-05-07 00:00:00 | 0.011504630601302246 | 0.015149230199750674 | 0.011036160401152184 | -0.0012349359110847002 | 0.0011 | 0.008715576536452163 | -0.0037438214994175434 | -0.0024999080497210002 | 0.0009414689731406245 | 0.0012396694214875659 | 0.014273540690243003 | 0.0076074292372010355 | -0.0037653816763720815 | -0.004185684986759752 | -0.0060333156748484384 | -0.006301824212271878 | 0.07366249638570865 | 0.0403312751151621 | 0.008496472224982732 | 2881.189941 | 740.46 | 1354.93 | 234.54 | 0.0011 | 0.0063 | 0.0108 | 0.0286 | 0.1788 | 24.23 | 2.3805 | 147.02 | 271.34 | 113.4243 | 135.4181 | 1688.65 | 14.98 | 9951.52 | 212.29 | 202.97
2020-05-08 00:00:00 | 0.016871538841735756 | 0.041069065175701525 | 0.008066837401194071 | 0.01603138057474207 | 0.0012 | -0.0057611859922029884 | 2.9589041095956503e-05 | -0.0007803514480266838 | 0.001393170744709682 | 0 | 0.010712035286704502 | 0.00911440620323778 | -0.0037372943892975963 | -0.005759939033260664 | 0 | 0 | -0.010938027557599317 | 0.0032973762306280907 | 0.018672710252746638 | 2929.800049 | 770.87 | 1365.86 | 238.3 | 0.0012 | 0.0069 | 0.0108 | 0.0287 | 0.17859999999999998 | 24.23 | 2.406 | 148.36 | 278.13 | 113.0004 | 134.6381 | 1688.65 | 14.98 | 9842.67 | 212.99 | 206.76
2020-05-11 00:00:00 | 0.00013307802357820364 | -0.018303994188384576 | -0.004312301407171981 | 0.0044481745698699005 | 0.0012 | -0.
