Source: http://www.stern.nyu.edu/~adamodar/pc/blog/CountryInflationRates.xlsx

Sheet: PCPIPCH
Inflation rate, average consumer prices (Annual percent change) | 1980 | 1981 | 1982 | 1983 | 1984 | 1985 | 1986 | 1987 | 1988 | 1989 | 1990 | 1991 | 1992 | 1993 | 1994 | 1995 | 1996 | 1997 | 1998 | 1999 | 2000 | 2001 | 2002 | 2003 | 2004 | 2005 | 2006 | 2007 | 2008 | 2009 | 2010 | 2011 | 2012 | 2013 | 2014 | 2015 | 2016 | 2017 | 2018 | 2019 | 2020 | 2021 | 2022
Afghanistan | no data | no data | no data | no data | no data | no data | no data | no data | no data | no data | no data | no data | no data | no data | no data | no data | no data | no data | no data | no data | no data | no data | 5.1 | 35.7 | 16.4 | 10.6 | 6.8 | 8.7 | 26.4 | -6.8 | 2.2 | 11.8 | 6.4 | 7.4 | 4.7 | -0.7 | 4.4 | 6 | 6 | 6 | 6 | 6 | 6
Albania | no data | no data | no data | no data | no data | no data | no data | no data | no data | no data | -0.2 | 35.7 | 226 | 85 | 22.6 | 7.8 | 12.7 | 33.2 | 20.6 | 0.4 | 0 | 3.1 | 5.2 | 2.4 | 2.9 | 2.4 | 2.4 | 3 | 3.3 | 2.2 | 3.6 | 3.4 | 2 | 1.9 | 1.6 | 1.9 | 1.3 | 2.1 | 2.8 | 3 | 3 | 3 | 3
Algeria | 9.7 | 14.6 | 6.6 | 7.8 | 6.3 | 10.4 | 14 | 5.9 | 5.9 | 9.2 | 9.3 | 25.9 | 31.7 | 20.5 | 29 | 29.8 | 18.7 | 5.7 | 5 | 2.6 | 0.3 | 4.2 | 1.4 | 4.3 | 4 | 1.4 | 2.3 | 3.7 | 4.9 | 5.7 | 3.9 | 4.5 | 8.9 | 3.3 | 2.9 | 4.8 | 6.4 | 5.5 | 4.4 | 4 | 4 | 4 | 4
Angola | 46.7 | 1.4 | 1.8 | 1.8 | 1.8 | 1.8 | 1.8 | 1.8 | 1.8 | 1.8 | 1.8 | 85.3 | 299.1 | 1379.5 | 949.8 | 2672.2 | 4146 | 221.5 | 107.4 | 248.2 | 325 | 152.6 | 108.9 | 98.2 | 43.5 | 23 | 13.3 | 12.2 | 12.5 | 13.7 | 14.5 | 13.5 | 10.3 | 8.8 | 7.3 | 10.3 | 32.4 | 30.9 | 20.6 | 14 | 13.3 | 10.9 | 9.5
Antigua and Barbuda | 19 | 11.5 | 4.2 | 2.3 | 3.8 | 1 | 0.5 | 3.6 | 6.8 | 4.4 | 6.6 | 4.5 | 3 | 3.1 | 6.5 | 2.7 | 3 | 0.4 | 3.3 | 1.1 | -0.2 | 1.9 | 2.4 | 2 | 2 | 2.1 | 1.8 | 1.4 | 5.3 | -0.6 | 3.4 | 3.5 | 3.4 | 1.1 | 1.1 | 1 | -0.5 | 2.4 | 1.2 | 2 | 2 | 2 | 2
Argentina | no data | no data | no data | no data | no data | no data | no data | no data | no data | no data | no data | no data | no data | no data | no data | no data | no data | no data | 0.9 | -1.2 | -0.9 | -1.1 | 25.9 | 13.4 | 4.4 | 9.6 | 10.9 | 8.8 | 8.6 | 6.3 | 10.5 | 9.8 | 10 | 10.6 | no data | no data | no data | 26.9 | 17.8 | 14.2 | 11 | 9.6 | 8.6
Armenia | no data | no data | no data | no data | no data | no data | no data | no data | no data | no data | no data | no data | no data | 3731.8 | 5273.4 | 176.7 | 18.7 | 14 | 8.7 | 0.6 | -0.8 | 3.1 | 1.8 | 4.5 | 5.9 | 0.7 | 3.4 | 4.6 | 9 | 3.5 | 7.3 | 7.7 | 2.5 | 5.8 | 3 | 3.7 | -1.4 | 1.9 | 3.5 | 4 | 4 | 4 | 4
Australia | 10.1 | 9.5 | 11.4 | 10 | 4 | 6.7 | 9.1 | 8.5 | 7.3 | 7.6 | 7.2 | 3.3 | 1 | 1.8 | 1.9 | 4.6 | 2.7 | 0.2 | 0.9 | 1.4 | 4.5 | 4.4 | 3 | 2.7 | 2.3 | 2.7 | 3.6 | 2.4 | 4.3 | 1.8 | 2.9 | 3.3 | 1.7 | 2.5 | 2.5 | 1.5 | 1.3 | 2 | 2.2 | 2.4 | 2.5 | 2.5 | 2.5
Austria | 6.3 | 6.8 | 5.4 | 3.3 | 5.7 | 3.2 | 1.7 | 1.4 | 1.9 | 2.2 | 2.8 | 3.1 | 3.4 | 3.2 | 2.7 | 1.6 | 1.8 | 1.2 | 0.8 | 0.5 | 2 | 2.3 | 1.7 | 1.3 | 2 | 2.1 | 1.7 | 2.2 | 3.2 | 0.4 | 1.7 | 3.5 | 2.6 | 2.1 | 1.5 | 0.8 | 1 | 1.6 | 1.8 | 2.1 | 2.2 | 2.2 | 2.2
Azerbaijan | no data | no data | no data | no data | no data | no data | no data | no data | no data | no data | no data | no data | no data | 1129.7 | 1664 | 411.8 | 19.8 | 3.7 | -0.8 | -8.5 | 1.8 | 1.5 | 2.8 | 2.2 | 6.7 | 9.7 | 8.4 | 16.6 | 20.8 | 1.6 | 5.7 | 7.9 | 1 | 2.4 | 1.4 | 4 | 12.4 | 12 | 8 | 6 | 6 | 6 | 6
Bahamas, The | 12.2 | 11 | 6.1 | 4 | 4 | 4.6 | 5.4 | 6 | 4.1 | 5.4 | 4.6 | 7.3 | 5.6 | 2.7 | 1.4 | 2 | 1.3 | 0.6 | 1.2 | 1.1 | 1.7 | 2.4 | 1.5 | 3.7 | 1.2 | 1.8 | 2 | 2.4 | 4.4 | 1.7 | 1.6 | 3.1 | 1.9 | 0.4 | 1.2 | 1.9 | 0.8 | 2.4 | 2.2 | 2.6 | 2.3 | 2.2 | 2.2
Bahrain | 3.8 | 11.4 | 8.7 | 3.2 | 0 | -2.4 | -2.5 | -1.7 | 0.2 | 1.2 | 1.3 | 0.9 | -0.3 | 2.6 | 4 | 3.1 | -0.2 | 4.6 | -0.4 | -1.3 | -0.7 | -1.2 | -0.5 | 1.7 | 2.2 | 2.6 | 2 | 3.3 | 3.5 | 2.8 | 2 | -0.4 | 2.8 | 3.3 | 2.7 | 1.8 | 2.8 | 0.9 | 3.5 | 2.1 | 1.7 | 1.5 | 1.6
Bangladesh | 15.4 | 14.5 | 12.9 | 9.5 | 10.4 | 10.5 | 10.2 | 10.8 | 9.7 | 8.7 | 10.5 | 8.3 | 3.6 | 3 | 6.1 | 10.1 | 2.5 | 5 | 8.6 | 6.2 | 2.5 | 1.9 | 3.7 | 5.4 | 6.1 | 7 | 6.8 | 9.1 | 8.9 | 4.9 | 9.4 | 11.5 | 6.2 | 7.5 | 7 | 6.2 | 5.7 | 5.7 | 5.8 | 5.5 | 5.6 | 5.7 | 5.6
Barbados | 18.5 | 14.6 | 10.3 | 5.3 | 4.6 | 4.9 | 0.2 | 3.6 | 4.7 | 6.3 | 3 | 6.3 | 6 | 1.2 | 0.7 | 2.8 | 2.4 | 7.7 | -1.3 | 1.6 | 2.4 | 2.8 | 0.2 | 1.6 | 1.4 | 6.1 | 7.3 | 4 | 8.1 | 3.6 | 5.8 | 9.4 | 4.5 | 1.8 | 1.8 | -1.1 | 1.3 | 5 | 5.8 | 2.5 | 2.5 | 2.7 | 2.7
Belarus | no data | no data | no data | no data | no data | no data | no data | no data | no data | no data | no data | 83.5 | 970.3 | 1190.3 | 2220.9 | 709.3 | 52.7 | 63.8 | 73 | 293.7 | 168.6 | 61.1 | 42.6 | 28.4 | 18.1 | 10.3 | 7 | 8.4 | 14.8 | 13 | 7.7 | 53.2 | 59.2 | 18.3 | 18.1 | 13.5 | 11.8 | 8 | 7.5 | 7.2 | 7 | 7 | 7
Belgium | 6.7 | 7.6 | 8.7 | 7.7 | 6.3 | 4.9 | 1.3 | 1.6 | 1.2 | 3.1 | 3.5 | 3.2 | 2.3 | 2.5 | 2.4 | 1.3 | 1.8 | 1.5 | 0.9 | 1.1 | 2.7 | 2.4 | 1.5 | 1.5 | 1.9 | 2.5 | 2.3 | 1.8 | 4.5 | 0 | 2.3 | 3.4 | 2.6 | 1.2 | 0.5 | 0.6 | 1.8 | 2.2 | 1.5 | 1.8 | 1.9 | 2 | 2
Belize | 7.1 | 11.2 | 6.8 | 5 | 3.4 | 4.2 | 0.8 | 2 | 5.3 | 0 | 2.1 | 3.2 | 2.4 | 1.5 | 2.6 | 2.9 | 6.4 | 1 | -0.8 | -1.2 | 0.6 | 1.1 | 2.2 | 2.6 | 3.1 | 3.7 | 4.2 | 2.3 | 6.4 | -1.1 | 0.9 | 1.7 | 1.2 | 0.5 | 1.2 | -0.9 | 0.6 | 1.8 | 2.3 | 2.2 | 2.1 | 2 | 2
Benin | 9.6 | 0.8 | 4.1 | -6.1 | 10.3 | 1.2 | 0.4 | -1.3 | 3.4 | -0.2 | 1.1 | 2.1 | 5.9 | 0.4 | 38.5 | 14.5 | 4.9 | 3.8 | 5.8 | 0.3 | 4.2 | 4 | 2.4 | 1.5 | 0.9 | 5.4 | 3.8 | 1.3 | 7.9 | 0.4 | 2.2 | 2.7 | 6.7 | 1 | -1.1 | 0.3 | -0.8 | 2 | 2.1 | 2 | 2 | 2 | 2
Bhutan | 12.5 | 5 | 9.9 | 12.1 | 13 | 8 | 5.2 | 7 | 8.2 | 8.9 | 9.4 | 10.3 | 8.1 | 9.6 | 9.5 | 7.1 | 8.8 | 8.6 | 7.6 | 9.1 | 7.2 | 3.7 | 2.9 | 2.5 | 3.3 | 4.8 | 5.2 | 5.1 | 6.8 | 6.3 | 5.7 | 7.3 | 9.3 | 11.3 | 9.9 | 6.3 | 3.9 | 3.5 | 4.2 | 4.8 | 4.8 | 4.7 | 4.7
Bolivia | 47.1 | 32.1 | 123.6 | 275.6 | 1281.3 | 11749.6 | 273.3 | 14.6 | 16 | 15.2 | 17.1 | 21.4 | 13 | 8.5 | 7.9 | 10.2 | 12.4 | 4.7 | 7.7 | 2.2 | 4.6 | 1.6 | 0.9 | 3.3 | 4.4 | 5.4 | 4.3 | 6.7 | 14 | 3.3 | 2.5 | 9.9 | 4.5 | 5.7 | 5.8 | 4.1 | 3.6 | 3.2 | 5.1 | 5.1 | 5.1 | 5.1 | 5
Bosnia and Herzegovina | no data | no data | no data | no data | no data | no data | no data | no data | no data | no data | no data | no data | no data | no data | no data | 12.9 | -11.7 | 5.7 | -0.3 | 2.8 | 5 | 4.6 | 0.3 | 0.5 | 0.3 | 3.6 | 6.1 | 1.5 | 7.4 | -0.4 | 2.1 | 3.7 | 2 | -0.1 | -0.9 | -1 | -1.1 | 1.8 | 1.2 | 1.6 | 1.7 | 2 | 2
Botswana | 12.1 | 16.3 | 11.2 | 10.5 | 8.6 | 8.1 | 10 | 9.8 | 8.4 | 11.6 | 11.4 | 12.6 | 16.5 | 14.4 | 10.6 | 10.5 | 10.1 | 8.9 | 6.5 | 7.8 | 8.5 | 6.6 | 8 | 9.2 | 7 | 8.6 | 11.6 | 7.1 | 12.6 | 8.1 | 6.9 | 8.5 | 7.5 | 5.9 | 4.4 | 3.1 | 2.8 | 3.7 | 3.7 | 3.8 | 3.9 | 3.9 | 3.9
Brazil | 90.2 | 101.7 | 100.6 | 135 | 192.1 | 226 | 147.1 | 228.3 | 629.1 | 1430.7 | 2947.7 | 432.8 | 952 | 1927.4 | 2075.8 | 66 | 15.8 | 6.9 | 3.2 | 4.9 | 7 | 6.8 | 8.4 | 14.7 | 6.6 | 6.9 | 4.2 | 3.6 | 5.7 | 4.9 | 5 | 6.6 | 5.4 | 6.2 | 6.3 | 9 | 8.7 | 3.7 | 4 | 4.1 | 4.1 | 4 | 4
Brunei Darussalam | no data | no data | no data | 1.2 | 3.1 | 2.3 | 1.8 | 1.3 | 1.2 | 1.3 | 2.1 | 1.6 | 1.3 | 4.3 | 2.4 | 6 | 2 | 1.7 | -0.4 | 0 | 1.2 | 0.6 | -2.3 | 0.3 | 0.9 | 1.1 | 0.2 | 1 | 2.1 | 1 | 0.2 | 0.1 | 0.1 | 0.4 | -0.2 | -0.4 | -0.7 | -0.2 | 0 | 0.1 | 0.2 | 0.1 | 0.2
Bulgaria | 0 | 0 | 2.8 | 2.8 | 2.8 | 2.8 | 2.7 | 2.7 | 2.5 | 6.4 | 23.9 | 333.5 | 82 | 72.8 | 96 | 62.1 | 123 | 1061.2 | 18.7 | 2.6 | 10.3 | 7.4 | 5.8 | 2.3 | 6.1 | 6 | 7.4 | 7.6 | 12 | 2.5 | 3 | 3.4 | 2.4 | 0.4 | -1.6 | -1.1 | -1.3 | 1.1 | 1.4 | 1.7 | 2 | 2.1 | 2.1
Burkina Faso | 12.3 | 7.6 | 12.1 | 8.3 | 4.8 | 7.1 | -2.7 | -2.9 | 4.2 | -0.3 | -0.8 | 2.5 | -2 | 0.6 | 24.7 | 7.8 | 6.1 | 2.9 | 4.9 | -1.1 | -0.2 | 4.7 | 2.3 | 2 | -0.4 | 6.4 | 2.3 | -0.2 | 10.7 | 0.9 | -0.6 | 2.8 | 3.8 | 0.5 | -0.3 | 0.9 | -0.2 | 1.5 | 2 | 2 | 2 | 2 | 2
Burundi | 1.2 | 12.2 | 5.9 | 8.2 | 14.3 | 3.8 | 1.7 | 7.1 | 4.5 | 11.7 | 7 | 9 | 5.3 | 9.7 | 14.7 | 19.4 | 26.4 | 31.1 | 12.5 | 3.5 | 25.5 | 7.9 | -1.3 | 10.6 | 8.2 | 13.3 | 2.7 | 8.4 | 24.4 | 10.6 | 6.5 | 9.6 | 18.2 | 7.9 | 4.4 | 5.6 | 5.5 | 18 | 20.2 | 23.5 | 23.5 | 20.6 | 17.7
Cabo Verde | 15.1 | 20.7 | 21.1 | 20.2 | 9.7 | 5.9 | 11.1 | 3.7 | 3.6 | 4.7 | 11.1 | 7.6 | 13.4 | 5.8 | 3.3 | 8.4 | 6 | 8.6 | 4.4 | 4.3 | -2.4 | 3.7 | 1.9 | 1.2 | -1.9 | 0.4 | 4.8 | 4.4 | 6.8 | 1 | 2.1 | 4.5 | 2.5 | 1.5 | -0.2 | 0.1 | -1.4 | 1 | 1.5 | 2 | 2 | 2 | 2
Cambodia | no data | no data | no data | no data | no data | no data | no data | -31.2 | 23 | 63.8 | 141.8 | 191 | 75 | 114.3 | 10.4 | 10.1 | 7.1 | 10.5 | 12.9 | 2 | -0.8 | -0.1 | 0 | 1 | 3.9 | 6.3 | 6.1 | 7.7 | 25 | -0.7 | 4 | 5.5 | 2.9 | 3 | 3.9 | 1.2 | 3 | 3.7 | 3.5 | 3.3 | 3.2 | 3.1 | 3
Cameroon | 7.7 | 7.5 | 15.3 | 20.5 | 12.1 | 4.2 | 4.3 | 2.8 | 1.7 | 1.6 | 1.5 | -0.6 | 1.9 | -3.7 | 12.7 | 25.8 | 3.9 | 4.8 | 3.2 | 1.8 | 1.2 | 4.5 | 2.8 | 0.6 | 0.3 | 2 | 4.9 | 1.1 | 5.3 | 3 | 1.3 | 2.9 | 2.4 | 2.1 | 1.9 | 2.7 | 0.9 | 0.7 | 1.1 | 1.4 | 2 | 2 | 2
Canada | 10.2 | 12.5 | 10.8 | 5.8 | 4.3 | 4 | 4.2 | 4.4 | 4 | 5 | 4.8 | 5.6 | 1.5 | 1.9 | 0.1 | 2.2 | 1.6 | 1.6 | 1 | 1.7 | 2.7 | 2.5 | 2.3 | 2.7 | 1.8 | 2.2 | 2 | 2.1 | 2.4 | 0.3 | 1.8 | 2.9 | 1.5 | 0.9 | 1.9 | 1.1 | 1.4 | 1.6 | 1.8 | 2.1 | 1.9 | 2 | 1.9
Central African Republic | 13.3 | 14.7 | 13.2 | 14.6 | 2.6 | 10.5 | 2.4 | -7 | -3.9 | 0.6 | -0.2 | -2.8 | -0.8 | -2.9 | 24.5 | 19.2 | 3.7 | 1.6 | -1.9 | -1.4 | 3.2 | 3.8 | 2.3 | 4.4 | -2.2 | 2.9 | 6.7 | 0.9 | 9.3 | 3.5 | 1.5 | 1.2 | 5.9 | 6.6 | 11.6 | 4.5 | 4.6 | 3.8 | 3.7 | 3 | 3 | 3 | 3
Chad | 8.6 | 8.1 | 6.4 | 7.9 | 20.3 | 5.1 | -13.1 | -2.7 | 14.9 | -4.9 | 0.5 | 4.2 | -3.8 | -10.9 | 41.3 | 5.4 | 11.3 | 5.6 | 4.3 | -8.4 | 3.8 | 12.4 | 5.2 | -1.8 | -4.8 | 3.3 | 8.1 | -7.4 | 8.3 | 10.1 | -2.1 | 1.9 | 7.7 | 0.2 | 1.7 | 6.8 | -1.1 | 0.2 | 1.9 | 2.4 | 3 | 3 | 3
Chile | 35.1 | 19.7 | 9.9 | 27.3 | 19.9 | 30.7 | 19.5 | 19.9 | 14.7 | 17 | 26 | 21.8 | 15.5 | 12.7 | 11.5 | 8.2 | 7.4 | 6.1 | 5.1 | 3.3 | 3.8 | 3.6 | 2.5 | 2.8 | 1.1 | 3.1 | 3.4 | 4.4 | 8.7 | 1.5 | 1.4 | 3.3 | 3 | 1.9 | 4.4 | 4.3 | 3.8 | 2.3 | 2.7 | 3 | 3 | 3 | 3
China, People's Republic of | no data | 2.5 | 2 | 2 | 2.7 | 9.3 | 6.5 | 7.3 | 18.8 | 18 | 3.1 | 3.4 | 6.4 | 14.7 | 24.1 | 17.1 | 8.3 | 2.8 | -0.8 | -1.4 | 0.4 | 0.7 | -0.8 | 1.2 | 3.9 | 1.8 | 1.5 | 4.8 | 5.9 | -0.7 | 3.3 | 5.4 | 2.6 | 2.6 | 2 | 1.4 | 2 | 1.8 | 2.4 | 2.5 | 2.6 | 2.6 | 2.6
Colombia | 25.9 | 27.5 | 24.7 | 19.7 | 16.2 | 24.1 | 18.8 | 23.3 | 28.1 | 25.9 | 29.1 | 30.4 | 27 | 22.5 | 22.8 | 20.9 | 20.8 | 18.5 | 18.7 | 10.9 | 9.2 | 8 | 6.4 | 7.1 | 5.9 | 5.1 | 4.3 | 5.5 | 7 | 4.2 | 2.3 | 3.4 | 3.2 | 2 | 2.9 | 5 | 7.5 | 4.3 | 3.3 | 3 | 3 | 3 | 3
Comoros | 13.3 | 6.5 | 15.2 | 9.2 | 6.1 | 8.4 | -11.3 | 3.3 | 0.3 | 4.4 | -7.4 | 1.7 | -1.4 | 2 | 25.3 | 3.2 | 2.4 | 1.5 | 1.2 | 1.1 | 5.9 | 5.6 | 3.6 | 3.7 | 4.5 | 3 | 3.4 | 4.5 | 4.8 | 4.8 | 3.9 | 2.2 | 5.9 | 1.6 | 1.3 | 2 | 1.8 | 2 | 2 | 2 | 2 | 2 | 2
Congo, Dem. Rep. of the | 40 | 34.9 | 37.1 | 76.7 | 52.6 | 23.5 | 46.7 | 90.4 | 82.7 | 104.1 | 81.3 | 2154.4 | 4129.2 | 1986.9 | 23773.1 | 541.8 | 617 | 199 | 29.1 | 284.9 | 550 | 357.3 | 25.3 | 12.8 | 4 | 21.5 | 12.8 | 16.7 | 18 | 46.1 | 23.5 | 14.9 | 0.9 | 0.9 | 1.2 | 1 | 18.2 | 41.7 | 44 | 34.2 | 24.3 | 14.5 | 10
Congo, Republic of  | 7.3 | 0.8 | 3.5 | 3.5 | 3.5 | 3.5 | 3.5 | 3.5 | -13 | -9.6 | 0.3 | 9.4 | -3.2 | -4.1 | 7.5 | 6.3 | 7.4 | 12.7 | 2.2 | 3 | 0.5 | 0.8 | 3 | 1.7 | 3.7 | 2.5 | 3.7 | 2.6 | 6 | 4.3 | 0.4 | 1.8 | 5 | 4.6 | 0.9 | 2.7 | 3.6 | -0.4 | -1.1 | 0.1 | 1.1 | 1.9 | 2.4
Costa Rica | 18.1 | 36.8 | 90.3 | 32.5 | 12 | 15.1 | 11.8 | 16.8 | 20.8 | 16.5 | 19.1 | 28.7 | 21.8 | 9.8 | 13.5 | 23.2 | 17.5 | 13.2 | 11.7 | 10 | 11 | 11.3 | 9.2 | 9.4 | 12.3 | 13.8 | 11.5 | 9.4 | 13.4 | 7.8 | 5.7 | 4.9 | 4.5 | 5.2 | 4.5 | 0.8 | 0 | 1.7 | 2.9 | 3 | 3 | 3 | 3
Croatia | no data | no data | no data | no data | no data | no data | no data | no data | no data | no data | no data | no data | no data | 1518.5 | 97.5 | 2 | 3.6 | 3.7 | 6.7 | 4 | 4.6 | 3.8 | 1.7 | 1.8 | 2.1 | 3.3 | 3.2 | 2.9 | 6.1 | 2.4 | 1 | 2.3 | 3.4 | 2.2 | -0.2 | -0.5 | -1.1 | 1.1 | 1.2 | 1.5 | 1.7 | 1.8 | 1.9
Cyprus | 13.5 | 10.7 | 6.4 | 5 | 6 | 5 | 1.2 | 2.7 | 3.4 | 3.8 | 4.5 | 5 | 6.5 | 4.9 | 4.7 | 2.6 | 2.6 | 3.3 | 2.3 | 1.1 | 4.9 | 2 | 2.8 | 4 | 1.9 | 2 | 2.3 | 2.2 | 4.4 | 0.2 | 2.6 | 3.5 | 3.1 | 0.4 | -0.3 | -1.5 | -1.2 | 0.8 | 0.7 | 1.1 | 1.8 | 1.9 | 2
Czech Republic | no data | no data | no data | no data | no data | no data | no data | no data | no data | no data | no data | no data | no data | no data | no data | no data | 8.8 | 8.6 | 10.7 | 2.2 | 3.8 | 4.6 | 1.9 | 0.1 | 2.7 | 1.9 | 2.5 | 2.9 | 6.3 | 1 | 1.5 | 1.9 | 3.3 | 1.4 | 0.3 | 0.3 | 0.7 | 2.3 | 1.8 | 2 | 2 | 2 | 2
Côte d'Ivoire | 8.8 | 8.7 | 7.4 | 5.9 | 4.3 | 1.8 | 6.8 | 7 | 6.9 | 1 | -0.7 | 1.6 | 4.2 | 2.1 | 26 | 14.1 | 2.7 | 6.3 | 4.5 | 0.7 | 2.5 | 4.4 | 3.1 | 3.3 | 1.5 | 3.9 | 2.5 | 1.9 | 6.3 | 1 | 1.4 | 4.9 | 1.3 | 2.6 | 0.4 | 1.2 | 0.7 | 1 | 2 | 2 | 2 | 2 | 2
Denmark | 11.3 | 11.7 | 10.1 | 6.8 | 6.3 | 4.7 | 3.7 | 4 | 4.5 | 4.8 | 2.6 | 2.4 | 2.1 | 1.2 | 2 | 2.1 | 2.2 | 2.2 | 1.8 | 2.5 | 2.9 | 2.4 | 2.4 | 2.1 | 1.2 | 1.8 | 1.9 | 1.7 | 3.4 | 1.3 | 2.3 | 2.8 | 2.4 | 0.8 | 0.6 | 0.5 | 0.3 | 1 | 1.4 | 1.8 | 2 | 2 | 2
Djibouti | no data | no data | no data | no data | no data | no data | no data | no data | no data | no data | no data | 6.8 | 3.4 | 4.4 | 6.5 | 4.9 | 3.5 | 2.5 | 2.2 | -0.4 | 2 | 1.8 | 0.6 | 2 | 3.1 | 3.1 | 3.5 | 5 | 12 | 1.7 | 4 | 5.1 | 3.7 | 2.4 | 2.9 | 2.1 | 2.7 | 3 | 3 | 3 | 3 | 3 | 3
Dominica | 23.9 | 13.3 | 4.4 | 4.2 | 2.1 | 2.1 | 3 | 4.8 | 2.3 | 7.7 | 3.2 | 5.6 | 5.3 | 1.6 | 0 | 1.3 | 1.7 | 2.4 | 1 | 1.2 | 0.8 | 1.6 | 0.2 | 1.5 | 2.4 | 1.7 | 2.6 | 3.2 | 6.4 | 0 | 2.8 | 1.1 | 1.4 | 0 | 0.8 | -0.8 | 0 | 0.6 | 1.4 | 1.6 | 1.8 | 1.9 | 2
Dominican Republic | 21.7 | 7.5 | 7.6 | 5.6 | 20.2 | 45.3 | 7.6 | 13.6 | 43.9 | 40.7 | 50.5 | 47.1 | 4.3 | 5.3 | 8.3 | 12.5 | 5.4 | 8.3 | 4.8 | 7 | 7.2 | 8.9 | 5.2 | 27.4 | 51.5 | 4.2 | 7.6 | 6.1 | 10.6 | 1.4 | 6.3 | 8.5 | 3.7 | 4.8 | 3 | 0.8 | 1.6 | 3 | 3.3 | 4.1 | 4 | 4 | 4
Ecuador | 13 | 16.4 | 16.3 | 48.4 | 31.2 | 28 | 23 | 29.5 | 58.2 | 75.6 | 48.5 | 48.8 | 54.3 | 45 | 27.4 | 22.9 | 24.4 | 30.6 | 36.1 | 52.2 | 96.1 | 37.7 | 12.5 | 7.9 | 2.7 | 2.2 | 3.3 | 2.3 | 8.4 | 5.2 | 3.6 | 4.5 | 5.1 | 2.7 | 3.6 | 4 | 1.7 | 0.7 | 0.7 | 0.8 | 1.1 | 1.3 | 1.6
Egypt | 20.5 | 10.4 | 14.9 | 16 | 17.1 | 12.1 | 23.9 | 25.2 | 15.2 | 20.1 | 21.2 | 14.7 | 21.1 | 11 | 9 | 9.4 | 7.1 | 6.2 | 5 | 3.7 | 2.8 | 2.4 | 2.4 | 3.2 | 8.1 | 8.8 | 4.2 | 11 | 11.7 | 16.2 | 11.7 | 11.1 | 8.6 | 6.9 | 10.1 | 11 | 10.2 | 23.5 | 21.3 | 13.5 | 10.1 | 7.2 | 7.1
El Salvador | 17.4 | 14.8 | 11.7 | 13.1 | 11.7 | 22.3 | 31.9 | 24.8 | 19.8 | 17.7 | 28.3 | 14.4 | 11.2 | 18.5 | 10.6 | 10 | 9.8 | 4.5 | 2.5 | 0.5 | 2.3 | 3.7 | 1.9 | 2.1 | 4.5 | 4.7 | 4 | 4.6 | 7.3 | 0.5 | 1.2 | 5.1 | 1.7 | 0.8 | 1.1 | -0.7 | 0.6 | 0.8 | 2.2 | 2 | 2 | 2 | 2
Equatorial Guinea | 0 | 16.7 | 38.3 | 60.1 | 59.5 | 84 | -17.6 | -13.2 | 2.5 | 6.1 | 0.9 | -3.4 | -4.3 | 5.5 | 31.8 | 19.9 | 4.5 | 3 | 7.9 | 0.4 | 4.8 | 8.7 | 7.6 | 7.3 | 4.2 | 5.6 | 4.5 | 2.8 | 4.7 | 5.7 | 5.3 | 4.8 | 3.4 | 3.2 | 4.3 | 1.7 | 1.4 | 1.7 | 1.8 | 2 | 2 | 2.1 | 2.1
Eritrea | no data | no data | no data | no data | no data | no data | no data | no data | no data | no data | no data | no data | no data | 4.8 | 13.1 | 12 | 10.3 | 3.7 | 9.5 | 8.4 | 19.9 | 14.6 | 16.9 | 22.7 | 25.1 | 12.5 | 15.1 | 9.3 | 19.9 | 33 | 11.2 | 3.9 | 6 | 6.5 | 10 | 9 | 9 | 9 | 9 | 9 | 9 | 9 | 9
Estonia | no data | no data | no data | no data | no data | no data | no data | no data | no data | no data | no data | no data | no data | no data | 47.7 | 29 | 23.1 | 11.2 | 8.2 | 3.3 | 3.9 | 5.6 | 3.6 | 1.4 | 3 | 4.1 | 4.4 | 6.7 | 10.6 | 0.2 | 2.7 | 5.1 | 4.2 | 3.2 | 0.5 | 0.1 | 0.8 | 3.8 | 3.4 | 2.5 | 2.5 | 2.5 | 2.5
Ethiopia | 12.4 | 1.9 | 7.8 | 3.6 | -0.3 | 18.4 | 5.6 | -9.1 | 2.2 | 9.6 | 5.2 | 20.9 | 21 | 10 | 1.2 | 13.4 | 0.9 | -6.4 | 3.6 | 7.9 | 0.7 | -8.2 | 1.7 | 17.8 | 3.2 | 11.7 | 13.6 | 17.2 | 44.4 | 8.5 | 8.1 | 33.2 | 24.1 | 8.1 | 7.4 | 10.1 | 7.3 | 8.1 | 8 | 7.5 | 7.5 | 7.5 | 7.5
FYR Macedonia | no data | no data | no data | no data | no data | no data | no data | no data | no data | no data | no data | no data | no data | 338.7 | 126.6 | 16.4 | 2.5 | 1.3 | 0.5 | -1.3 | 6.6 | 5.2 | 2.3 | 1.1 | -0.7 | -0.6 | 3.3 | 2.8 | 7.5 | -0.7 | 1.5 | 3.9 | 3.3 | 2.8 | -0.3 | -0.3 | -0.2 | 0.3 | 2.6 | 1.9 | 2 | 2 | 2
Fiji | 14.5 | 11.2 | 7 | 6.8 | 5.3 | 4.4 | 1.8 | 5.7 | 11.8 | 6.2 | 8.2 | 6.5 | 4.9 | 5.2 | 0.8 | 2.2 | 3 | 3.4 | 5.7 | 2 | 1.1 | 4.3 | 0.7 | 4.2 | 2.8 | 2.3 | 2.5 | 4.8 | 7.7 | 3.7 | 3.7 | 7.3 | 3.4 | 2.9 | 0.5 | 1.4 | 3.9 | 3.8 | 3.5 | 3 | 3 | 3 | 3
Finland | 11.6 | 12 | 9.3 | 8.4 | 7 | 5.8 | 2.9 | 4.1 | 5.1 | 6.6 | 5 | 4.5 | 3.3 | 3.3 | 1.6 | 0.4 | 1.1 | 1.2 | 1.3 | 1.3 | 3 | 2.7 | 2 | 1.3 | 0.1 | 0.8 | 1.3 | 1.6 | 3.9 | 1.6 | 1.7 | 3.3 | 3.2 | 2.2 | 1.2 | -0.2 | 0.4 | 0.8 | 1.2 | 1.7 | 1.9 | 2 | 2
France | 13.1 | 13.3 | 12 | 9.5 | 7.7 | 5.8 | 2.5 | 3.3 | 2.7 | 6.6 | 0.3 | 3.4 | 2.5 | 2.2 | 1.7 | 1.8 | 2.1 | 1.3 | 0.7 | 0.6 | 1.8 | 1.8 | 1.9 | 2.2 | 2.3 | 1.9 | 1.9 | 1.6 | 3.2 | 0.1 | 1.7 | 2.3 | 2.2 | 1 | 0.6 | 0.1 | 0.3 | 1.2 | 1.3 | 1.6 | 1.7 | 1.7 | 1.8
Gabon | 12.3 | 8.6 | 16.7 | 10.4 | 5.9 | 7.3 | 6.4 | -1 | -9.8 | 6.9 | 15.4 | -9.8 | -9.5 | 0.5 | 36.1 | 9.6 | 0.7 | 4 | 1.4 | -1.9 | 0.5 | 2.1 | 0.2 | 2.1 | 0.4 | 1.2 | -1.4 | -1 | 5.3 | 1.9 | 1.4 | 1.3 | 2.7 | 0.5 | 4.5 | -0.1 | 2.1 | 2.5 | 2.5 | 2.5 | 2.5 | 2.5 | 2.5
Gambia, The | 5 | 7.9 | 8.2 | 10.6 | 22.1 | 18.3 | 56.6 | 23.7 | 11.5 | 8.3 | 12.2 | 8.6 | 9.5 | 6.5 | 1.7 | 7 | 1.1 | 2.8 | 1.1 | 3.8 | 0.9 | 4.5 | 8.6 | 17 | 14.3 | 5 | 2.1 | 5.4 | 4.5 | 4.6 | 5 | 4.8 | 4.6 | 5.2 | 6.3 | 6.8 | 7.2 | 8.3 | 7.1 | 5.8 | 5 | 4.7 | 4.7
Georgia | no data | no data | no data | no data | no data | no data | no data | no data | no data | no data | no data | no data | 887.4 | 3125.4 | 15606.5 | 162.7 | 39.3 | 7 | 3.6 | 19.1 | 4 | 4.7 | 5.6 | 4.8 | 5.7 | 8.2 | 9.2 | 9.2 | 10 | 1.7 | 7.1 | 8.5 | -0.9 | -0.5 | 3.1 | 4 | 2.1 | 6 | 3 | 3.2 | 3 | 3 | 3
Germany | 5.4 | 6.3 | 5.3 | 3.3 | 2.4 | 2.1 | -0.1 | 0.2 | 1.3 | 2.8 | 2.7 | 3.5 | 5 | 4.5 | 2.7 | 1.7 | 1.3 | 1.5 | 0.6 | 0.6 | 1.4 | 1.9 | 1.3 | 1 | 1.8 | 1.9 | 1.8 | 2.3 | 2.8 | 0.2 | 1.1 | 2.5 | 2.1 | 1.6 | 0.8 | 0.1 | 0.4 | 1.6 | 1.5 | 2 | 2.1 | 2.3 | 2.5
Ghana | 50 | 116.5 | 22.5 | 122.2 | 40 | 10.3 | 24.5 | 39.8 | 31.4 | 25.2 | 37.2 | 18.1 | 10 | 24.9 | 24.9 | 59.3 | 44.5 | 24.8 | 19.2 | 12.5 | 25.1 | 32.9 | 14.8 | 26.6 | 12.7 | 15.1 | 11.7 | 10.7 | 16.5 | 13.1 | 6.7 | 7.7 | 7.1 | 11.7 | 15.5 | 17.2 | 17.5 | 11.8 | 9 | 7 | 6 | 6 | 6
Greece | 24.7 | 24.4 | 21.4 | 19.9 | 18.4 | 19.5 | 23.1 | 16.4 | 13.5 | 13.7 | 20.3 | 19.5 | 15.9 | 14.4 | 10.9 | 8.8 | 7.9 | 5.4 | 4.5 | 2.1 | 2.9 | 3.6 | 3.9 | 3.4 | 3 | 3.5 | 3.3 | 3 | 4.2 | 1.3 | 4.7 | 3.1 | 1 | -0.9 | -1.4 | -1.1 | 0 | 1.2 | 1.3 | 1.4 | 1.6 | 1.7 | 1.7
Grenada | 15.5 | 18.8 | 7.8 | 6.1 | 5.7 | 2.5 | 0.6 | -0.9 | 4 | 5.6 | 2.7 | 2.6 | 3.8 | 2.8 | 6.4 | 3 | 2 | 1.2 | 1.4 | 0.6 | 2.1 | 1.7 | 1.1 | 2.2 | 2.3 | 3.5 | 4.3 | 3.9 | 8 | -0.3 | 3.4 | 3 | 2.4 | 0 | -1 | -0.6 | 1.7 | 2.6 | 2 | 1.8 | 1.9 | 1.9 | 1.9
Guatemala | 10.7 | 11.4 | 4.9 | 6.7 | 3.2 | 19.2 | 32.8 | 10.8 | 10.3 | 13 | 38 | 35.1 | 10.2 | 13.4 | 12.5 | 8.4 | 11.1 | 9.2 | 6.6 | 5.2 | 6 | 7.3 | 8.1 | 5.6 | 7.6 | 9.1 | 6.6 | 6.8 | 11.4 | 1.9 | 3.9 | 6.2 | 3.8 | 4.3 | 3.4 | 2.4 | 4.4 | 4.4 | 3.5 | 4 | 4 | 4 | 4
Guinea | 40 | 35 | 29.9 | 30.3 | 26 | 19 | 64.7 | 36.9 | 27.3 | 28.3 | 25.7 | 19.7 | 16.6 | 7.1 | 4.2 | 5.6 | 3 | 1.9 | 5.1 | 4.6 | 6.8 | 5.4 | 3 | 11 | 17.5 | 31.4 | 34.7 | 22.9 | 18.4 | 4.7 | 15.5 | 21.4 | 15.2 | 11.9 | 9.7 | 8.2 | 8.2 | 8.5 | 8.2 | 8 | 7.9 | 7.8 | 7.9
Guinea-Bissau | 64.8 | 41.9 | 16.5 | 23.3 | 64.9 | 112.7 | 26.5 | 86.8 | 60.3 | 80.8 | 33 | 57.6 | 69.4 | 48.2 | 15.2 | 45.1 | 50.9 | 49.1 | 8.1 | -2.1 | 8.6 | 3.3 | 3.3 | -3.5 | 0.8 | 3.4 | 2 | 4.6 | 10.4 | -1.6 | 1.1 | 5.1 | 2.1 | 0.8 | -1 | 1.5 | 1.5 | 2.8 | 2.5 | 2.5 | 2.5 | 2.5 | 2.5
Guyana | 14.1 | 22.2 | 20.6 | 15.3 | 25.1 | 15 | 7.9 | 28.7 | 39.9 | 89.5 | 64.3 | 103.1 | 26.7 | 8.4 | 12.4 | 12.2 | 7.1 | 3.6 | 4.6 | 7.5 | 6.1 | 2.6 | 5.4 | 6 | 4.7 | 6.9 | 6.7 | 12.2 | 8.1 | 3 | 4.3 | 4.4 | 2.4 | 1.9 | 0.7 | -0.9 | 0.8 | 2.3 | 2.7 | 2.9 | 3.1 | 3.1 | 3.1
Haiti | 19.1 | 10.9 | 7.4 | 10.2 | 6.4 | 10.6 | 3.3 | -11.4 | 4.1 | 6.9 | 21.3 | 15.4 | 19.4 | 22.6 | 42.6 | 30.2 | 20.6 | 16.2 | 12.7 | 8.1 | 11.5 | 16.5 | 9.3 | 26.7 | 28.3 | 16.8 | 14.2 | 9 | 14.4 | 3.4 | 4.1 | 7.4 | 6.8 | 6.8 | 3.9 | 7.5 | 13.4 | 14.7 | 9 | 5 | 5 | 5 | 5
Honduras | 18.1 | 9.4 | 9 | 8.2 | 4.7 | 3.4 | 4.4 | 2.5 | 4.5 | 9.9 | 23.3 | 33.9 | 8.7 | 10.8 | 21.8 | 29.4 | 23.8 | 20.2 | 13.7 | 11.7 | 11 | 9.7 | 7.7 | 7.7 | 8.1 | 8.8 | 5.6 | 6.9 | 11.4 | 5.5 | 4.7 | 6.8 | 5.2 | 5.2 | 6.1 | 3.2 | 2.7 | 4 | 4 | 4 | 4 | 4 | 4
Hong Kong SAR | 4.4 | 9.5 | 11 | 10 | 8.6 | 3.6 | 3.5 | 5.7 | 7.9 | 10.2 | 10.3 | 11.2 | 9.6 | 8.8 | 8.8 | 9 | 6.3 | 5.8 | 2.8 | -4 | -3.7 | -1.6 | -3.1 | -2.6 | -0.4 | 0.9 | 2 | 2 | 4.3 | 0.6 | 2.3 | 5.3 | 4.1 | 4.3 | 4.4 | 3 | 2.6 | 2 | 2.2 | 2.4 | 2.6 | 2.8 | 3
Hungary | 9.3 | 4.5 | 7 | 6.4 | 8.7 | 7 | 5.3 | 8.7 | 15.8 | 16.9 | 29 | 34.2 | 22.9 | 22.5 | 18.9 | 28.3 | 23.5 | 18.3 | 14.2 | 10 | 9.8 | 9.2 | 5.3 | 4.7 | 6.7 | 3.6 | 3.9 | 8 | 6 | 4.2 | 4.9 | 3.9 | 5.7 | 1.6 | -0.2 | -0.1 | 0.4 | 2.5 | 3.2 | 3 | 3 | 3 | 3
Iceland | 58.5 | 50.9 | 51 | 84.3 | 29.2 | 32.4 | 21.3 | 18.8 | 25.5 | 14.5 | 15.5 | 6.8 | 4 | 4.1 | 1.6 | 1.7 | 2.3 | 1.8 | 1.7 | 3.2 | 5.1 | 6.4 | 5.2 | 2.1 | 3.2 | 4 | 6.7 | 5.1 | 12.7 | 12 | 5.4 | 4 | 5.2 | 3.9 | 2 | 1.6 | 1.7 | 1.8 | 2.6 | 2.8 | 2.7 | 2.5 | 2.5
India | 11.3 | 12.7 | 7.7 | 12.6 | 6.5 | 6.3 | 8.9 | 9.1 | 7.2 | 4.6 | 11.2 | 13.5 | 9.9 | 7.3 | 10.3 | 10 | 9.4 | 6.8 | 13.1 | 5.7 | 1.6 | 4.3 | 4 | 3.9 | 3.8 | 4.4 | 6.7 | 6.2 | 9.1 | 10.6 | 9.5 | 9.5 | 10 | 9.4 | 5.8 | 4.9 | 4.5 | 3.8 | 4.9 | 4.8 | 4.9 | 5 | 5
Indonesia | 18 | 12.2 | 9.5 | 11.8 | 10.3 | 4.7 | 5.8 | 9.3 | 8 | 6.4 | 7.8 | 9.4 | 7.5 | 9.7 | 8.5 | 9.4 | 8.4 | 6.2 | 58 | 20.7 | 3.8 | 11.5 | 11.8 | 6.8 | 6.1 | 10.5 | 13.1 | 6.7 | 9.8 | 5 | 5.1 | 5.3 | 4 | 6.4 | 6.4 | 6.4 | 3.5 | 4 | 3.9 | 3.7 | 3.8 | 3.6 | 3.5
Iran | 20.6 | 24.2 | 18.7 | 19.7 | 12.6 | 4.4 | 23.7 | 27.7 | 28.9 | 17.4 | 9 | 20 | 23.3 | 21.6 | 35.6 | 49.2 | 23.1 | 17.3 | 18.1 | 20.1 | 10 | 11.3 | 15.9 | 15.6 | 15.2 | 12.1 | 12.9 | 18.4 | 25.3 | 10.7 | 12.4 | 21.2 | 30.8 | 34.7 | 15.6 | 11.9 | 9 | 10.5 | 10.1 | 9.5 | 9.3 | 9 | 8.7
Iraq | no data | no data | no data | no data | no data | no data | no data | no data | no data | no data | no data | no data | no data | no data | no data | no data | no data | no data | no data | no data | no data | no data | no data | no data | no data | 37 | 53.2 | 30.8 | 2.7 | -2.2 | 2.4 | 5.6 | 6.1 | 1.9 | 2.2 | 1.4 | 0.4 | 2 | 2 | 2 | 2 | 2 | 2
Ireland | 18.3 | 20.2 | 17.2 | 10.4 | 8.6 | 5.5 | 3 | 3.2 | 2.2 | 4 | 3.4 | 3.1 | 3.1 | 1.4 | 2.4 | 2.5 | 2.2 | 1.3 | 2.1 | 2.4 | 5.3 | 4 | 4.7 | 4 | 2.3 | 2.2 | 2.7 | 2.9 | 3.1 | -1.7 | -1.6 | 1.2 | 1.9 | 0.5 | 0.3 | 0 | -0.2 | 0.4 | 1.5 | 1.7 | 1.8 | 1.9 | 1.9
Israel | 316.6 | 116.8 | 120.4 | 145.6 | 373.8 | 304.6 | 48.2 | 19.9 | 16.2 | 20.2 | 17.2 | 19 | 11.9 | 10.9 | 12.3 | 10 | 11.3 | 9 | 5.4 | 5.2 | 1.1 | 1.1 | 5.7 | 0.7 | -0.4 | 1.3 | 2.1 | 0.5 | 4.6 | 3.3 | 2.7 | 3.5 | 1.7 | 1.5 | 0.5 | -0.6 | -0.5 | 0.2 | 0.5 | 1.4 | 1.9 | 2 | 2
Italy | 21.8 | 19.5 | 16.5 | 14.7 | 10.7 | 9 | 5.8 | 4.7 | 5.1 | 6.2 | 6.4 | 6.2 | 5 | 4.5 | 4.2 | 5.4 | 4 | 1.8 | 2 | 1.7 | 2.6 | 2.3 | 2.6 | 2.8 | 2.3 | 2.2 | 2.2 | 2 | 3.5 | 0.8 | 1.6 | 2.9 | 3.3 | 1.2 | 0.2 | 0.1 | -0.1 | 1.4 | 1.2 | 1.4 | 1.4 | 1.4 | 1.4
Jamaica | 18 | 9.2 | 6.8 | 16.7 | 31.3 | 29.7 | 24.4 | 11.2 | 8.2 | 16.1 | 24.8 | 51.1 | 77.3 | 22.1 | 35.1 | 19.9 | 26.4 | 9.7 | 8.6 | 6 | 4.6 | 9.5 | 8.2 | 9.9 | 14.8 | 13.4 | 8.9 | 9.2 | 22 | 9.6 | 12.6 | 7.5 | 6.9 | 9.4 | 8.3 | 3.7 | 2.3 | 3.4 | 5.2 | 5.5 | 5.5 | 5.5 | 5.4
Japan | 7.8 | 4.9 | 2.7 | 1.9 | 2.3 | 2 | 0.6 | 0.1 | 0.7 | 2.3 | 3.1 | 3.3 | 1.8 | 1.2 | 0.7 | -0.1 | 0.1 | 1.7 | 0.7 | -0.3 | -0.7 | -0.7 | -0.9 | -0.3 | 0 | -0.3 | 0.3 | 0.1 | 1.4 | -1.3 | -0.7 | -0.3 | -0.1 | 0.3 | 2.8 | 0.8 | -0.1 | 0.4 | 0.5 | 1.1 | 1.6 | 1.3 | 1.6
Jordan | 10.9 | 7.7 | 7.6 | 5 | 4 | 2.8 | 0 | -0.2 | 6.7 | 25.7 | 16.2 | 8.2 | 4 | 3.3 | 3.5 | 2.4 | 6.5 | 3 | 3.1 | 0.6 | 0.7 | 1.8 | 1.8 | 1.6 | 3.4 | 3.5 | 6.3 | 4.7 | 14 | -0.7 | 4.8 | 4.2 | 4.5 | 4.8 | 2.9 | -0.9 | -0.8 | 3.3 | 1.5 | 2.5 | 2.5 | 2.5 | 2.5
Kazakhstan | no data | no data | no data | no data | no data | no data | no data | no data | no data | no data | no data | no data | no data | 1662.3 | 1402 | 176.3 | 39.1 | 17.4 | 7.3 | 8.4 | 13.3 | 8.4 | 5.9 | 6.5 | 6.9 | 7.5 | 8.6 | 10.8 | 17.1 | 7.3 | 7.1 | 8.3 | 5.1 | 5.8 | 6.7 | 6.7 | 14.6 | 7.3 | 6.5 | 5.7 | 4.9 | 4.1 | 4
Kenya | 13.9 | 11.6 | 20.7 | 11.4 | 10.3 | 13 | 2.5 | 8.6 | 12.3 | 13.8 | 17.8 | 20.1 | 27.3 | 46 | 28.8 | 1.6 | 8.9 | 12.1 | 5.6 | 5 | 7.8 | 5.8 | 2.2 | 6 | 8.4 | 7.8 | 6 | 4.3 | 15.1 | 10.6 | 4.3 | 14 | 9.4 | 5.7 | 6.9 | 6.6 | 6.3 | 8 | 5.2 | 5 | 5 | 5 | 5
Kiribati | 16.1 | 7.7 | 5.5 | 6.3 | 5.4 | 4.5 | 6.6 | -10.2 | 1.1 | 5.6 | 4 | 6.1 | 4.2 | 6.1 | 4 | 4.1 | -1.7 | 2.6 | 3.7 | 1.8 | 0.4 | 6 | 3.2 | 1.6 | -0.7 | -0.4 | -1 | 3.6 | 13.7 | 9.8 | -3.9 | 1.5 | -3 | -1.5 | 2.1 | 0.6 | 1.9 | 2.2 | 2.5 | 2.5 | 2.5 | 2.5 | 2.5
Korea, Republic of | 28.7 | 21.4 | 7.2 | 3.4 | 2.3 | 2.5 | 2.8 | 3 | 7.1 | 5.7 | 8.6 | 9.3 | 6.2 | 4.8 | 6.3 | 4.5 | 4.9 | 4.4 | 7.5 | 0.8 | 2.3 | 4.1 | 2.8 | 3.5 | 3.6 | 2.8 | 2.2 | 2.5 | 4.7 | 2.8 | 2.9 | 4 | 2.2 | 1.3 | 1.3 | 0.7 | 1 | 1.9 | 1.9 | 1.9 | 2 | 2 | 2
Kosovo | no data | no data | no data | no data | no data | no data | no data | no data | no data | no data | no data | no data | no data | no data | no data | no data | no data | no data | no data | no data | no data | 11.7 | 3.6 | 0.3 | -1.1 | -1.4 | 0.6 | 4.4 | 9.4 | -2.4 | 3.5 | 7.3 | 2.5 | 1.8 | 0.4 | -0.5 | 0.3 | 1.4 | 1.4 | 1.9 | 2.1 | 2.2 | 2
Kuwait | 6.9 | 7.4 | 7.8 | 4.7 | 1.2 | 1.5 | 1 | 0.7 | 1.5 | 3.3 | 15.8 | 8.1 | -0.3 | 0.6 | 2.4 | 2.5 | 3 | 0.8 | 0.6 | 3.1 | 1.6 | 1.4 | 0.8 | 1 | 1.3 | 4.1 | 3.1 | 5.5 | 6.3 | 4.6 | 4.5 | 4.9 | 3.2 | 2.7 | 3.1 | 3.7 | 3.5 | 2.5 | 2.7 | 2.7 | 2.7 | 2.7 | 2.7
Kyrgyz Republic | no data | no data | no data | no data | no data | no data | no data | no data | no data | no data | no data | no data | -71.3 | 1086.2 | 180.7 | 42.1 | 31.9 | 23.4 | 10.5 | 35.9 | 19.7 | 6.9 | 2.1 | 3 | 4.1 | 4.3 | 5.6 | 10.2 | 24.5 | 6.8 | 8 | 16.6 | 2.8 | 6.6 | 7.5 | 6.5 | 0.4 | 3.8 | 5.1 | 5 | 5 | 5 | 5
Lao P.D.R. | 188.8 | 33.7 | 70.4 | 62.5 | 27.2 | 114.7 | 35 | 6.1 | 14.8 | 59.7 | -26.3 | 13.4 | 9.8 | 5.7 | 7.7 | 19.1 | 19.1 | 19.5 | 90.1 | 128.4 | 8.4 | 7.8 | 10.6 | 15.5 | 10.5 | 7.2 | 6.8 | 4.5 | 7.6 | 0 | 6 | 7.6 | 4.3 | 6.4 | 4.1 | 1.3 | 2 | 2.3 | 2.7 | 3.1 | 3.3 | 3.1 | 3.1
Latvia | no data | no data | no data | no data | no data | no data | no data | no data | no data | no data | no data | no data | no data | 109.2 | 35.9 | 25 | 17.6 | 8.1 | 4.3 | 2.1 | 2.6 | 2.5 | 2 | 2.9 | 6.2 | 6.9 | 6.6 | 10.1 | 15.3 | 3.3 | -1.2 | 4.2 | 2.3 | 0 | 0.7 | 0.2 | 0.1 | 3 | 3 | 2.5 | 2.4 | 2.3 | 2.3
Lebanon | 23.9 | 19.3 | 18.6 | 7.2 | 17.6 | 69.4 | 95.4 | 487.2 | 155 | 72.2 | 68.9 | 50.1 | 99.8 | 24.7 | 8.2 | 10.3 | 8.9 | 7.7 | 4.5 | 0.2 | -0.4 | -0.4 | 1.8 | 1.3 | 1.7 | -0.7 | 5.6 | 4.1 | 10.8 | 1.2 | 4 | 5 | 6.6 | 4.8 | 1.9 | -3.7 | -0.8 | 3.1 | 2.5 | 2 | 2 | 2 | 2
Lesotho | 19.6 | 11.9 | 14.4 | 15.1 | 11.6 | 15 | 15.7 | 12 | 12.4 | 14.7 | 12 | 17.3 | 18.1 | 10.7 | 8.3 | 9.7 | 8.9 | 8.4 | 8.2 | 7.8 | 6.1 | 8 | 12.2 | 6.3 | 4.6 | 3.6 | 6.3 | 9.2 | 10.7 | 5.8 | 3.3 | 6 | 5.5 | 5 | 4.6 | 4.3 | 6.4 | 6.6 | 6 | 6 | 5 | 5 | 5
Liberia | no data | no data | no data | no data | no data | no data | no data | no data | no data | no data | no data | no data | no data | no data | no data | no data | no data | no data | no data | no data | 5.3 | 12.1 | 14.2 | 10.3 | 3.6 | 6.9 | 9.5 | 11.4 | 17.5 | 7.4 | 7.3 | 8.5 | 6.8 | 7.6 | 9.9 | 7.7 | 8.8 | 12.8 | 9.9 | 8.7 | 7.9 | 7.4 | 7.1
Libya | 14.3 | 13.2 | 13.8 | 10.5 | 12.4 | 9.1 | 3.4 | 4.4 | 3.1 | 4.5 | 0.7 | 11.7 | 9.4 | 7.5 | 10.7 | 8.3 | 4 | 3.6 | 3.7 | 2.6 | -2.9 | -8.8 | -9.9 | -2.1 | 1.3 | 2.7 | 1.5 | 6.2 | 10.4 | 2.4 | 2.5 | 15.9 | 6.1 | 2.6 | 2.4 | 9.8 | 27.1 | 32.8 | 32.1 | 27 | 24.7 | 24.7 | 23.5
Lithuania | no data | no data | no data | no data | no data | no data | no data | no data | no data | no data | no data | no data | no data | no data | no data | no data | 23.1 | 8.7 | 5.4 | 1.4 | 1.1 | 1.5 | 0.3 | -1.1 | 1.2 | 2.7 | 3.8 | 5.8 | 11.2 | 4.2 | 1.2 | 4.1 | 3.2 | 1.2 | 0.2 | -0.7 | 0.7 | 3.5 | 2 | 2.1 | 2.5 | 2.5 | 2.5
Luxembourg | 6.3 | 8.1 | 9.4 | 8.7 | 5.6 | 14.8 | 0.3 | -0.1 | 1.4 | 3.4 | 3.7 | 3.1 | 3.2 | 3.6 | 2.2 | 1.9 | 1.2 | 1.4 | 1 | 1 | 3.8 | 2.4 | 2.1 | 2.5 | 3.2 | 3.8 | 3 | 2.7 | 4.1 | 0 | 2.8 | 3.7 | 2.9 | 1.7 | 0.7 | 0.1 | 0 | 1.2 | 1.3 | 1.7 | 1.9 | 2 | 2
Macao SAR | no data | no data | no data | no data | no data | no data | no data | no data | no data | no data | no data | no data | no data | no data | no data | no data | no data | no data | no data | no data | no data | no data | -2.6 | -1.6 | 1 | 4.4 | 5.2 | 5.6 | 8.6 | 1.2 | 2.8 | 5.8 | 6.1 | 5.5 | 6 | 4.6 | 2.4 | 1.5 | 2.2 | 2.4 | 2.6 | 2.8 | 2.8
Madagascar | 18.3 | 30.5 | 31.9 | 19.5 | 9.7 | 10.6 | 14.5 | 15.5 | 26.3 | 9 | 11.9 | 8.5 | 14.6 | 10 | 39 | 49 | 19.8 | 4.5 | 6.2 | 8.1 | 10.7 | 7.9 | 16.5 | -1.7 | 14 | 18.4 | 10.8 | 10.3 | 9.3 | 9 | 9.2 | 9.5 | 5.7 | 5.8 | 6.1 | 7.4 | 6.7 | 7.8 | 6.8 | 6.5 | 5.5 | 5.4 | 5
Malawi | 19.2 | 12 | 9.5 | 13.8 | 19.7 | 10.6 | 14.2 | 25.1 | 33.8 | 12.5 | 11.9 | 8.2 | 23.2 | 22.8 | 34.7 | 83.1 | 37.7 | 9.1 | 29.8 | 44.8 | 29.6 | 22.7 | 14.8 | 9.6 | 11.5 | 15.4 | 13.9 | 8 | 8.7 | 8.4 | 7.4 | 7.6 | 21.3 | 28.3 | 23.8 | 21.9 | 21.7 | 13 | 9.6 | 8.1 | 7.8 | 5.7 | 3.9
Malaysia | 6.7 | 9.7 | 5.8 | 3.7 | 3.9 | 2.6 | 0.4 | 0.7 | 0.3 | 2.6 | 3 | 4.3 | 4.8 | 3.5 | 3.7 | 3.5 | 3.5 | 2.7 | 5.3 | 2.7 | 1.6 | 1.4 | 1.8 | 1.1 | 1.4 | 3 | 3.6 | 2 | 5.4 | 0.6 | 1.7 | 3.2 | 1.7 | 2.1 | 3.1 | 2.1 | 2.1 | 3.8 | 2.9 | 3 | 3 | 3 | 3
Maldives | 27.9 | 11.1 | -0.8 | 9.9 | 1 | -9.2 | 9.1 | 11.7 | 6.5 | 7.2 | 15.5 | 12.5 | 16.9 | 20.1 | 3.4 | 5.5 | 6.2 | 7.6 | -1.4 | 3 | -1.2 | 0.7 | 0.9 | -2.8 | 6.3 | 2.5 | 3.5 | 6.8 | 12 | 4.5 | 6.2 | 11.3 | 10.9 | 4 | 2.5 | 1.4 | 0.8 | 2.5 | 2.1 | 2.2 | 2.4 | 2.4 | 2.5
Mali | 20.3 | 12.7 | 3.9 | 10.5 | 10.7 | 9.1 | -1.4 | -14.9 | 8.9 | -0.2 | 1.6 | 1.5 | -5.9 | -0.6 | 24.3 | 11.6 | 6.5 | -0.7 | 4.1 | -1.2 | -0.8 | 5.2 | 4.9 | -1.2 | -3.1 | 6.4 | 1.5 | 1.5 | 9.1 | 2.2 | 1.3 | 3.1 | 5.3 | -0.6 | 0.9 | 1.4 | -1.8 | 0.2 | 1.2 | 1.6 | 1.9 | 2.1 | 2.2
Malta | 2.7 | 11.6 | 5.8 | -0.9 | -0.4 | -0.2 | 2 | 0.4 | 0.9 | 0.9 | 3 | 2.6 | 1.8 | 4 | 4.1 | 4 | 2 | 3.9 | 3.7 | 2.3 | 3 | 2.5 | 2.6 | 1.9 | 2.7 | 2.5 | 2.6 | 0.7 | 4.7 | 1.8 | 2 | 2.5 | 3.2 | 1 | 0.8 | 1.2 | 0.9 | 1.3 | 1.6 | 1.8 | 1.8 | 1.8 | 1.8
Marshall Islands | no data | no data | no data | no data | no data | no data | no data | no data | no data | no data | no data | no data | no data | no data | no data | no data | no data | no data | no data | no data | no data | no data | no data | no data | 2 | 3.5 | 5.3 | 2.6 | 14.7 | 0.5 | 1.8 | 5.4 | 4.3 | 1.9 | 1.1 | -2.2 | -1.5 | 0.7 | 1.1 | 1.5 | 2.1 | 2.1 | 2.1
Mauritania | no data | no data | no data | no data | no data | no data | no data | no data | no data | no data | no data | 5.6 | 10.1 | 9.4 | 4.1 | 6.5 | 4.7 | 4.6 | 8 | 4.1 | 3.3 | 4.7 | 3.9 | 5.2 | 10.4 | 12.1 | 6.2 | 7.3 | 7.5 | 2.1 | 6.3 | 5.7 | 4.9 | 4.1 | 3.8 | 0.5 | 1.5 | 2.1 | 3.7 | 5 | 4 | 4 | 4
Mauritius | 33 | 26.4 | 13.4 | 7.5 | 5.5 | 8.3 | 4.3 | 0.7 | 3.6 | 13.6 | 10.7 | 12.8 | 2.9 | 15.3 | 7.3 | 6 | 6.6 | 6.8 | 6.8 | 6.9 | 4.2 | 5.4 | 6.4 | 3.9 | 4.7 | 4.9 | 8.9 | 8.8 | 9.7 | 2.5 | 2.9 | 6.5 | 3.9 | 3.5 | 3.2 | 1.3 | 1 | 4.2 | 5 | 3.8 | 3.4 | 3.2 | 3.1
Mexico | 26.5 | 27.9 | 59.2 | 101.8 | 65.4 | 57.8 | 86.5 | 132 | 113.5 | 19.9 | 26.6 | 22.6 | 15.5 | 9.8 | 7 | 35.1 | 34.3 | 20.6 | 15.9 | 16.6 | 9.5 | 6.4 | 5 | 4.6 | 4.7 | 4 | 3.6 | 4 | 5.1 | 5.3 | 4.2 | 3.4 | 4.1 | 3.8 | 4 | 2.7 | 2.8 | 5.9 | 3.8 | 3.1 | 3 | 3 | 3
Micronesia, Fed. States of | no data | no data | no data | no data | no data | no data | no data | no data | no data | no data | no data | no data | no data | no data | no data | no data | 2.8 | 2.7 | 1.6 | 1.9 | 1.8 | 1.3 | -0.2 | -0.2 | 1.7 | 4.1 | 4.4 | 3.6 | 6.6 | 7.7 | 3.7 | 4.1 | 6.3 | 2.2 | 0.7 | -0.2 | 0.5 | 0.9 | 2 | 2 | 2 | 5.1 | 2
Moldova | no data | no data | no data | no data | no data | no data | no data | no data | no data | no data | no data | no data | no data | 788.5 | 329.6 | 30.2 | 23.5 | 11.8 | 7.7 | 39.3 | 31.2 | 9.6 | 5.2 | 11.7 | 12.4 | 11.9 | 12.7 | 12.4 | 12.7 | 0 | 7.4 | 7.6 | 4.6 | 4.6 | 5.1 | 9.6 | 6.4 | 6.5 | 5.3 | 5.1 | 5 | 5 | 5
[sheet truncated]

Sheet: Sheet1
Inputs
US T. Bond rate = | 0.0241
Expected Inflation Rate = | 0.019
Country | Average: 2013-2017 | Expected 2018-2022 | Riskfree Rate
Afghanistan | 0.043600000000000014 | 0.06 | 0.0653052011776254
Albania | 0.0176 | 0.0296 | 0.034753052011776475
Algeria | 0.0458 | 0.0408 | 0.0460091069676154
Angola | 0.17939999999999998 | 0.13660000000000003 | 0.14228857703631026
Antigua and Barbuda | 0.0102 | 0.0184 | 0.02349699705593733
Argentina | 0.1875 | 0.12240000000000001 | 0.12801750736015727
Armenia | 0.026000000000000002 | 0.039 | 0.04420009813542691
Australia | 0.019600000000000003 | 0.0242 | 0.02932602551521102
Austria | 0.013999999999999999 | 0.021 | 0.026110009813542723
Azerbaijan | 0.0644 | 0.064 | 0.0693252208047106
Bahamas, The | 0.013399999999999999 | 0.023 | 0.028120019627085213
Bahrain | 0.023 | 0.0208 | 0.025909008832188496
Bangladesh | 0.0642 | 0.056399999999999985 | 0.06168718351324842
Barbados | 0.0176 | 0.0324 | 0.037567065750736095
Belarus | 0.13940000000000002 | 0.0714 | 0.07676225711481854
Belgium | 0.0126 | 0.0184 | 0.02349699705593733
Belize | 0.0064 | 0.0212 | 0.02631101079489717
Benin | 0.0027999999999999995 | 0.0202 | 0.025306005888125815
Bhutan | 0.06980000000000001 | 0.0464 | 0.05163713444553508
Bolivia | 0.04479999999999999 | 0.0508 | 0.05605915603532874
Bosnia and Herzegovina | -0.0026 | 0.017 | 0.022089990186457298
Botswana | 0.039799999999999995 | 0.0384 | 0.04359709519136423
Brazil | 0.0678 | 0.0404 | 0.045607105004906945
Brunei Darussalam | -0.0021999999999999997 | 0.0012000000000000003 | 0.006210912659470269
Bulgaria | -0.005000000000000001 | 0.0186 | 0.023697998037291557
Burkina Faso | 0.004800000000000001 | 0.02 | 0.02510500490677159
Burundi | 0.0828 | 0.21100000000000002 | 0.2170609421000984
Cabo Verde | 0.0020000000000000005 | 0.019 | 0.02410000000000001
Cambodia | 0.0296 | 0.0322 | 0.03736606476938187
Cameroon | 0.0166 | 0.017 | 0.022089990186457298
Canada | 0.013800000000000002 | 0.0194 | 0.024502001962708686
Central African Republic | 0.0622 | 0.0314 | 0.03656206084396474
Chad | 0.015600000000000001 | 0.026600000000000002 | 0.031738037291462184
Chile | 0.033400000000000006 | 0.0294 | 0.03455205103042225
China, People's Republic of | 0.019600000000000003 | 0.0254 | 0.030532031403336823
Colombia | 0.0434 | 0.030600000000000002 | 0.03575805691854783
Comoros | 0.0174 | 0.02 | 0.02510500490677159
Congo, Dem. Rep. of the | 0.126 | 0.254 | 0.26027615309126606
Congo, Republic of  | 0.022799999999999997 | 0.0088 | 0.013848949950932443
Costa Rica | 0.024399999999999998 | 0.0298 | 0.0349540529931307
Croatia | 0.003 | 0.0162 | 0.02128598626104039
Cyprus | -0.0035999999999999995 | 0.015 | 0.020079980372914585
Czech Republic | 0.01 | 0.019600000000000003 | 0.024703002944063135
Côte d'Ivoire | 0.011800000000000001 | 0.02 | 0.02510500490677159
Denmark | 0.0063999999999999994 | 0.0184 | 0.02349699705593733
Djibouti | 0.0262 | 0.03 | 0.03515505397448493
Dominica | 0.0012 | 0.0174 | 0.022491992149166196
Dominican Republic | 0.026399999999999996 | 0.0388 | 0.043999097154072686
Ecuador | 0.0254 | 0.011000000000000001 | 0.01605996074582916
Egypt | 0.1234 | 0.1184 | 0.12399748773307184
El Salvador | 0.0052000000000000015 | 0.0204 | 0.02550700686947982
Equatorial Guinea | 0.0246 | 0.02 | 0.02510500490677159
Eritrea | 0.087 | 0.09 | 0.09545534838076564
Estonia | 0.016800000000000002 | 0.0268 | 0.03193903827281641
Ethiopia | 0.08199999999999999 | 0.076 | 0.08138527968596687
FYR Macedonia | 0.0046 | 0.021 | 0.026110009813542723
Fiji | 0.025 | 0.031 | 0.03616005888125606
Finland | 0.0088 | 0.0176 | 0.0226929931305202
France | 0.0064 | 0.016200000000000003 | 0.02128598626104039
Gabon | 0.019 | 0.025 | 0.030130029440628148
Gambia, The | 0.0676 | 0.05459999999999999 | 0.05987817468105994
Georgia | 0.0294 | 0.0304 | 0.03555705593719338
Germany | 0.009000000000000001 | 0.020799999999999996 | 0.025909008832188496
Ghana | 0.1474 | 0.068 | 0.07334524043179602
Greece | -0.0044 | 0.015400000000000002 | 0.02048198233562326
Grenada | 0.0054 | 0.019 | 0.02410000000000001
Guatemala | 0.0378 | 0.039 | 0.04420009813542691
Guinea | 0.09300000000000001 | 0.0796 | 0.08500329735034362
Guinea-Bissau | 0.011199999999999998 | 0.025 | 0.030130029440628148
Guyana | 0.0096 | 0.029799999999999997 | 0.0349540529931307
Haiti | 0.0926 | 0.057999999999999996 | 0.06329519136408246
Honduras | 0.0424 | 0.04 | 0.04520510304219827
Hong Kong SAR | 0.03259999999999999 | 0.026000000000000002 | 0.031135034347399504
Hungary | 0.008400000000000001 | 0.0304 | 0.03555705593719338
Iceland | 0.022000000000000002 | 0.0262 | 0.03133603532875373
India | 0.0568 | 0.0492 | 0.0544511481844947
Indonesia | 0.05340000000000001 | 0.037000000000000005 | 0.0421900883218842
Iran | 0.1634 | 0.09320000000000002 | 0.09867136408243371
Iraq | 0.0158 | 0.02 | 0.02510500490677159
Ireland | 0.002 | 0.0176 | 0.0226929931305202
Israel | 0.0021999999999999997 | 0.015600000000000001 | 0.020682983316977488
Italy | 0.005599999999999999 | 0.0136 | 0.018672973503434998
Jamaica | 0.0542 | 0.0542 | 0.05947617271835148
Japan | 0.008399999999999998 | 0.012199999999999999 | 0.017265966633954744
Jordan | 0.0186 | 0.023 | 0.028120019627085213
Kazakhstan | 0.0822 | 0.05040000000000001 | 0.055657154072620285
Kenya | 0.067 | 0.0504 | 0.055657154072620285
Kiribati | 0.0106 | 0.025 | 0.030130029440628148
Korea, Republic of | 0.012399999999999998 | 0.019600000000000003 | 0.024703002944063135
Kosovo | 0.0068 | 0.019200000000000005 | 0.02430100098135446
Kuwait | 0.031 | 0.027000000000000003 | 0.03214003925417086
Kyrgyz Republic | 0.0496 | 0.0502 | 0.05545615309126606
Lao P.D.R. | 0.0322 | 0.030600000000000002 | 0.03575805691854783
Latvia | 0.008 | 0.025 | 0.030130029440628148
Lebanon | 0.010599999999999998 | 0.021 | 0.026110009813542723
Lesotho | 0.0538 | 0.054000000000000006 | 0.059275171736997256
Liberia | 0.09359999999999999 | 0.08199999999999999 | 0.08741530912659501
Libya | 0.1494 | 0.264 | 0.2703262021589796
Lithuania | 0.009800000000000001 | 0.0232 | 0.028321020608439884
Luxembourg | 0.0074 | 0.0178 | 0.022893994111874427
Macao SAR | 0.04 | 0.0256 | 0.03073303238469105
Madagascar | 0.0676 | 0.05840000000000001 | 0.06369719332679091
Malawi | 0.2174 | 0.0702 | 0.07555625122669296
Malaysia | 0.026399999999999996 | 0.0298 | 0.0349540529931307
Maldives | 0.022400000000000003 | 0.023200000000000002 | 0.028321020608439884
Mali | 0.00019999999999999982 | 0.018000000000000002 | 0.023094995093228654
Malta | 0.0104 | 0.0176 | 0.0226929931305202
Marshall Islands | NA | 0.0178 | 0.022893994111874427
Mauritania | 0.023999999999999994 | 0.0414 | 0.0466121099116783
Mauritius | 0.026399999999999996 | 0.037000000000000005 | 0.0421900883218842
Mexico | 0.03840000000000001 | 0.0318 | 0.036964062806673414
Micronesia, Fed. States of | 0.0082 | 0.0262 | 0.03133603532875373
Moldova | 0.0644 | 0.0508 | 0.05605915603532874
Mongolia | 0.0648 | 0.063 | 0.06832021589793924
Montenegro | 0.009600000000000003 | 0.019600000000000003 | 0.024703002944063135
Morocco | 0.012600000000000002 | 0.0192 | 0.02430100098135446
Mozambique | 0.0912 | 0.06559999999999999 | 0.07093322865554463
Myanmar | 0.0682 | 0.062 | 0.06731521099116788
Namibia | 0.054000000000000006 | 0.0576 | 0.06289318940137423
Nauru | 0.044599999999999994 | 0.02 | 0.02510500490677159
Nepal | 0.081 | 0.056600000000000004 | 0.06188818449460265
Netherlands | 0.009000000000000001 | 0.015399999999999999 | 0.02048198233562326
New Zealand | 0.0108 | 0.02 | 0.02510500490677159
Nicaragua | 0.0492 | 0.0722 | 0.07756626104023567
Niger | 0.0074 | 0.0202 | 0.025306005888125815
Nigeria | 0.115 | 0.1452 | 0.1509316192345438
Norway | 0.024 | 0.023 | 0.028120019627085213
Oman | 0.0132 | 0.032600000000000004 | 0.03776806673209032
Pakistan | 0.055 | 0.0496 | 0.05485315014720338
Palau | 0.0178 | 0.02 | 0.02510500490677159
Panama | 0.018000000000000002 | 0.023600000000000003 | 0.028723022571148338
Papua New Guinea | 0.0572 | 0.051 | 0.056260157016682966
Paraguay | 0.0368 | 0.04 | 0.04520510304219827
Peru | 0.032600000000000004 | 0.023 | 0.028120019627085213
Philippines | 0.0268 | 0.03 | 0.03515505397448493
Poland | 0.0025999999999999994 | 0.0246 | 0.029728027477919694
Portugal | 0.0058 | 0.022000000000000002 | 0.0271150147203143
Puerto Rico | 0.0034000000000000002 | 0.0078000000000000005 | 0.012843945044161087
Qatar | 0.024000000000000004 | 0.027000000000000003 | 0.03214003925417086
Romania | 0.008 | 0.0288 | 0.033949048086359124
Russian Federation | 0.08260000000000002 | 0.039799999999999995 | 0.04500410206084404
Rwanda | 0.0426 | 0.052000000000000005 | 0.057265161923454544
Saint Kitts and Nevis | -0.00039999999999999996 | 0.019600000000000003 | 0.024703002944063135
Saint Lucia | 0.0021999999999999997 | 0.013999999999999999 | 0.01907497546614345
Saint Vincent and the Grenadines | 0.0016 | 0.0148 | 0.01987897939156058
Samoa | 0.0048 | 0.026399999999999996 | 0.03153703631010796
San Marino | 0.008600000000000002 | 0.0114 | 0.016461962708538058
Saudi Arabia | 0.023400000000000004 | 0.0266 | 0.031738037291462184
Senegal | 0.0054 | 0.022000000000000002 | 0.0271150147203143
Serbia | 0.031400000000000004 | 0.03 | 0.03515505397448493
Seychelles | 0.023 | 0.028999999999999998 | 0.03415004906771335
Sierra Leone | 0.111 | 0.08879999999999999 | 0.09424934249263983
Singapore | 0.006599999999999999 | 0.017200000000000003 | 0.02229099116781197
Slovak Republic | 0.0036 | 0.018000000000000002 | 0.023094995093228654
Slovenia | 0.006 | 0.019600000000000003 | 0.024703002944063135
Solomon Islands | 0.020000000000000004 | 0.028600000000000004 | 0.0337480471050049
South Africa | 0.056400000000000006 | 0.0546 | 0.05987817468105994
South Sudan, Republic of | 1.2329999999999999 | 0.1686 | 0.17444873405299322
Spain | 0.005199999999999999 | 0.0172 | 0.02229099116781197
Sri Lanka | 0.0438 | 0.05 | 0.05525515210991183
Sudan | 0.27 | 0.155 | 0.1607806673209029
Suriname | 0.18 | 0.06960000000000001 | 0.07495324828263028
Swaziland | 0.0626 | 0.0546 | 0.05987817468105994
Sweden | 0.008 | 0.0184 | 0.02349699705593733
Switzerland | -0.0024000000000000007 | 0.0088 | 0.013848949950932443
Syria | NA | NA | NA
São Tomé and Príncipe | 0.060599999999999994 | 0.042 | 0.04721511285574098
Taiwan Province of China | 0.008199999999999999 | 0.0174 | 0.022491992149166196
Tajikistan | 0.06339999999999998 | 0.064 | 0.0693252208047106
Tanzania | 0.06040000000000001 | 0.05 | 0.05525515210991183
Thailand | 0.008 | 0.018799999999999997 | 0.023898999018645783
Timor-Leste | 0.020999999999999998 | 0.036000000000000004 | 0.041185083415113066
Togo | 0.011000000000000001 | 0.0172 | 0.02229099116781197
Tonga | 0.0246 | 0.0254 | 0.030532031403336823
Trinidad and Tobago | 0.043800000000000006 | 0.0334 | 0.03857207065750767
Tunisia | 0.047599999999999996 | 0.038599999999999995 | 0.04379809617271846
Turkey | 0.08559999999999998 | 0.08199999999999999 | 0.08741530912659501
Turkmenistan | 0.05960000000000001 | 0.062 | 0.06731521099116788
Tuvalu | 0.0254 | 0.026399999999999996 | 0.03153703631010796
Uganda | 0.04939999999999999 | 0.0512 | 0.056461157998037415
Ukraine | 0.1744 | 0.068 | 0.07334524043179602
United Arab Emirates | 0.0228 | 0.0236 | 0.028723022571148338
United Kingdom | 0.0148 | 0.0218 | 0.026914013738959852
United States | 0.013199999999999998 | 0.019 | 0.02410000000000001
Uruguay | 0.08379999999999999 | 0.0644 | 0.06972722276741905
Uzbekistan | 0.10059999999999998 | 0.106 | 0.11153542688910734
Vanuatu | 0.0166 | 0.0294 | 0.03455205103042225
Venezuela | 2.2394 | 37.9484 | 38.14333311089304
Vietnam | 0.0368 | 0.04 | 0.04520510304219827
Yemen | 0.1672 | 0.165 | 0.17083071638861647
Zambia | 0.09919999999999998 | 0.0788 | 0.08419929342492649
Zimbabwe | -0.00019999999999999928 | 0.0596 | 0.06490319921491672
