Source: http://www.stern.nyu.edu/~adamodar/pc/blog/CountryWACC.xlsx

Sheet: Pivot 1
Country | Number of firms | Unlevered Beta (Average) | ERP | Cost of Equity (Median) | Cost of Capital (Median) | Marginal Tax Rate | Debt to Cap Ratio (Median)
Anguilla | 2 | 1.019408617053753 | 0.1208911066293462 | 0.2793043546273977 | 0.1595432187433313 | 0.3 | 0.3893008895280036
Argentina | 68 | 0.7001811077655722 | 0.1493600959514201 | 0.1458453130575162 | 0.132323639905517 | 0.3500000000000003 | 0.1539234109070866
Australia | 1531 | 0.8644352599452442 | 0.0568999999999991 | 0.07986482536972045 | 0.07672541952361586 | 0.3000000000000076 | 0.02881874802069039
Austria | 71 | 0.7593179332916153 | 0.06254250238815878 | 0.09494120213789006 | 0.07195938048296961 | 0.25 | 0.3750855287177739
Azerbaijan | 1 | 0.9178456858280467 | 0.09242211730727232 | 0.2043176739073834 | 0.1279524633243748 | 0.15 | 0.5684754521963824
Bahamas | 5 | 0.785108476294903 | 0.08819024051615323 | 0.1025127267101116 | 0.1025127267101116 | 0 | 0
Bahrain | 22 | 0.5132699191901178 | 0.0996034839831108 | 0.1161602238294343 | 0.1005081508355453 | 0 | 0.3605706490534681
Bangladesh | 293 | 0.6568346446772879 | 0.1080672375653497 | 0.108714064284961 | 0.1046890578783463 | 0.25 | 0.1304945054945055
Barbados | 3 | 0.7067636034120163 | 0.163466351921817 | 0.1879480754698892 | 0.1451963323658216 | 0.25 | 0.4233499094640925
Belgium | 144 | 0.7276660876165668 | 0.06549199227287811 | 0.08314155687274011 | 0.06871569440372391 | 0.3399 | 0.1794414631105987
Belize | 1 | 0.4489792424270601 | 0.1848822132586924 | 0.1075082760471259 | 0.1075082760471259 | 0.2729 | 0
Benin | 1 | 0.3642490954825772 | 0.1199602380047259 | 0.07004763930213836 | 0.07272456586729921 | 0.2791084179238406 | 0.05553602811950791
Bermuda | 89 | 0.8165504928593631 | 0.0689544369201575 | 0.1042317872534043 | 0.08988731884218504 | 0 | 0.2586132274629471
Botswana | 13 | 0.5830349526193671 | 0.06895443692015737 | 0.07062016180900921 | 0.07090164802974806 | 0.2200000000000001 | 0.1316900592682468
Brazil | 181 | 0.739915745687708 | 0.09960348398311089 | 0.1327100448803646 | 0.1041175653574448 | 0.3400000000000016 | 0.3838076396286715
British Virgin Islands | 24 | 0.849011794652156 | 0.1391919237886815 | 0.1664670140233566 | 0.1553250470660911 | 0.2449788883699205 | 0.04662402688325691
Bulgaria | 112 | 0.6667815532826108 | 0.08395836372503421 | 0.08499948294606378 | 0.08377440789348654 | 0.09999999999999978 | 0
Burkina Faso | 2 | 0.565401016178446 | 0.14936009595142 | 0.1091637307000885 | 0.1095028039254833 | 0.2746 | 0.005398603669426856
Cambodia | 1 | 0.6448331295901498 | 0.1351256012903831 | 0.1125302646870938 | 0.1121612274322757 | 0.2 | 0.01270191147883973
Cameroon | 1 | 0.6232773116550565 | 0.1351256012903831 | 0.1087315746079807 | 0.10873000595483 | 0.33 | 0.0001922987757829845
Canada | 2769 | 0.8980750417420275 | 0.05690000000000165 | 0.08187021295060762 | 0.07780380032047338 | 0.2649999999999889 | 0.03421501646930192
Cayman Islands | 47 | 0.8558892897300848 | 0.06549199227287816 | 0.09067232677835613 | 0.08479997170147158 | 0 | 0.09877079682305175
Channel Islands | 88 | 0.7111106350951555 | 0.06814092214345488 | 0.08729376264455808 | 0.06752069279145273 | 0.2635643925247519 | 0.1921779935662032
Chile | 145 | 0.6679380442062285 | 0.06549199227287812 | 0.08586521484374857 | 0.06669791343797693 | 0.2399999999999995 | 0.3167947512432798
China | 3651 | 0.8571201259199601 | 0.06549199227288081 | 0.08915263954636116 | 0.08245237769069556 | 0.25 | 0.06505954109787976
Colombia | 40 | 0.6680765675814494 | 0.0839583637250341 | 0.1037405484696858 | 0.08615153436935422 | 0.25 | 0.3804224559627266
Croatia | 100 | 0.6882913639128371 | 0.0996034839831108 | 0.1061805367430706 | 0.09297170261821983 | 0.1999999999999996 | 0.1320867563882294
Curaçao | 4 | 0.8139720441383146 | 0.163466351921817 | 0.1794139050528941 | 0.1687947085425753 | 0.25 | 0.253418119640857
Cyprus | 70 | 0.709041868176112 | 0.1208911066293463 | 0.1620635563389608 | 0.1279817553747644 | 0.125 | 0.4284755500428972
Czech Republic | 11 | 0.5875531931182114 | 0.06690261786991783 | 0.0810890797452507 | 0.06635020585530449 | 0.19 | 0.2435483870967742
Denmark | 149 | 0.7666017961614073 | 0.05689999999999994 | 0.07986482536972045 | 0.06751789641465805 | 0.2349999999999996 | 0.1551362683438155
Dominican Republic | 1 | 0.9178456858280467 | 0.1208911066293462 | 0.1354593806747238 | 0.1354593806747238 | 0.27 | 0
Ecuador | 2 | 0.4661384656181257 | 0.14936009595142 | 0.09837557728841018 | 0.09977902816413202 | 0.22 | 0.08348968105065667
Egypt | 195 | 0.6809025181679335 | 0.1493600959514197 | 0.1584756840163697 | 0.1503644071976034 | 0.2250000000000008 | 0.2223498994541798
Estonia | 17 | 0.7243068923594245 | 0.06690261786991783 | 0.09117648875361237 | 0.07061403110345167 | 0.2 | 0.2934344010055128
Falkland Islands | 1 | 1.1249303304703 | 0.102079829400044 | 0.1393326962213433 | 0.1393326962213433 | 0.3108877908334772 | 0
Finland | 141 | 0.8038328485457076 | 0.0625425023881589 | 0.09071668077538128 | 0.07381530805735372 | 0.1999999999999995 | 0.266173752310536
France | 712 | 0.8176337860166641 | 0.06395312798519881 | 0.0899026039344974 | 0.07658896748289312 | 0.3329999999999985 | 0.1899106978049227
Gabon | 1 | 1.1249303304703 | 0.1208911066293462 | 0.2063524625677012 | 0.1691136129380578 | 0.2746 | 0.3173404549221844
Georgia | 2 | 0.4029019112132462 | 0.1080672375653489 | 0.08360434937258962 | 0.08017417948462086 | 0.15 | 0.2810610172599657
Germany | 664 | 0.7996562952150356 | 0.05689999999999944 | 0.08105623884352588 | 0.07129505969537961 | 0.2972000000000019 | 0.122539209116808
Ghana | 23 | 0.6183721113180458 | 0.14936009595142 | 0.1375327042710341 | 0.1385567903248826 | 0.25 | 0.06077032810271042
Gibraltar | 7 | 0.7939403878052013 | 0.06814092214345502 | 0.06905689554155313 | 0.06843952407892284 | 0.2635643925247517 | 0.004851843235844518
Greece | 180 | 0.7217858891830848 | 0.1989884692290897 | 0.350976728166921 | 0.2080234882532109 | 0.2899999999999993 | 0.655800314949228
Greenland | 1 | 0.4489792424270601 | 0.06814092214345502 | 0.05561655357035393 | 0.05503639339647989 | 0.2635643925247517 | 0.02267347701507413
Hong Kong | 1347 | 0.760613107522947 | 0.06254250238815884 | 0.08400520823440882 | 0.07394792611287872 | 0.1649999999999982 | 0.1701982068928374
Hungary | 37 | 0.7382845687589232 | 0.08819024051615322 | 0.1062761128352576 | 0.0925721770591641 | 0.1900000000000001 | 0.07141325327042676
Iceland | 18 | 0.6716750932964646 | 0.07395574585511631 | 0.09125292554919522 | 0.07621558284171151 | 0.2000000000000001 | 0.2837565541363669
India | 3432 | 0.73762517042585 | 0.08819024051615514 | 0.1039356590947474 | 0.09108855340333899 | 0.3460999999999843 | 0.04843115290876919
Indonesia | 471 | 0.6934654794450429 | 0.08819024051615333 | 0.105236927122588 | 0.09250492004741157 | 0.25 | 0.2438716199140763
Ireland | 83 | 0.8499025244102104 | 0.07395574585511618 | 0.09906690489681966 | 0.09238543641063719 | 0.125 | 0.1542937243422655
Isle of Man | 15 | 0.7466397222535163 | 0.06254250238815875 | 0.08926931489750775 | 0.07344798800897052 | 0 | 0.152818550542621
Israel | 489 | 0.8195048463309854 | 0.06690261786991779 | 0.09968357691312033 | 0.08554190329595655 | 0.25 | 0.2027417027417028
Italy | 300 | 0.7462536542108734 | 0.08395836372503468 | 0.1178327268384153 | 0.09006948533341375 | 0.3139999999999977 | 0.3591673674409683
Ivory Coast | 30 | 0.6430838821520847 | 0.1080672375653489 | 0.0919110456634783 | 0.0919110456634783 | 0.2746000000000002 | 0
Jamaica | 48 | 0.6101190877048457 | 0.1493600959514199 | 0.1347706741903663 | 0.1247001925817883 | 0.25 | 0.06025274969254586
Japan | 3679 | 0.8225606495177626 | 0.06690261786991553 | 0.09357764711491173 | 0.07766613523439568 | 0.3306000000000037 | 0.212086830764596
Jordan | 177 | 0.6294012691399069 | 0.1208911066293464 | 0.1083332628453638 | 0.107362687312226 | 0.1999999999999998 | 0.0834154645777166
Kazakhstan | 10 | 0.5894650950431718 | 0.08819024051615322 | 0.1060728282097685 | 0.0940671165222057 | 0.2 | 0.1026437145739773
Kenya | 56 | 0.6370799668387318 | 0.1208911066293463 | 0.1075994879628415 | 0.1078545395382886 | 0.3000000000000003 | 0.05165239768749031
Kuwait | 159 | 0.6275297436854265 | 0.06395312798519849 | 0.07986126627813381 | 0.07022143862989956 | 0.1499999999999997 | 0.2496350364963504
Kyrgyzstan | 1 | 1.008263847989589 | 0.1351256012903831 | 0.1611117386773549 | 0.1609024944049567 | 0.15 | 0.003180363130415679
Laos | 1 | 0.644280650990941 | 0.0712233735222976 | 0.08836784031168038 | 0.07165184935188645 | 0.2667903911415876 | 0.3482781162513283
Latvia | 16 | 0.8015464416514954 | 0.07395574585511631 | 0.1098021607170187 | 0.09205888715248794 | 0.15 | 0.1932950196311095
Lebanon | 7 | 0.5435846236144056 | 0.1351256012903831 | 0.1264229544140324 | 0.1287371640433539 | 0.15 | 0.2758982538616521
Liechtenstein | 2 | 0.4482680930368309 | 0.0569 | 0.08728001387117248 | 0.04796264649155026 | 0.125 | 0.6286692267594539
Lithuania | 29 | 0.6363960004316161 | 0.0739557458551163 | 0.09058524644593055 | 0.0726953194893609 | 0.15 | 0.3191822784984248
Luxembourg | 55 | 0.7127911375116903 | 0.05690000000000003 | 0.08038911810119898 | 0.06494712673148709 | 0.2921999999999998 | 0.3399321266968325
Macau | 10 | 0.7866207034090944 | 0.06549199227287815 | 0.08308924420608206 | 0.07544214350696955 | 0.12 | 0.04950413626854505
Macedonia | 1 | 0.8332252766673705 | 0.1080672375653489 | 0.1145443539190663 | 0.1145443539190663 | 0.1 | 0
Malawi | 7 | 0.5765214841158794 | 0.1619 | 0.1031886549951692 | 0.1031886549951692 | 0.3 | 0
Malaysia | 902 | 0.7775237812055116 | 0.07395574585511612 | 0.09847580693494065 | 0.08388537297593021 | 0.2400000000000024 | 0.2143759292277102
Mali | 1 | 0.4489792424270601 | 0.1269 | 0.08147546586399393 | 0.08147546586399393 | 0.2818 | 0
Malta | 26 | 0.6675240162840695 | 0.07395574585511631 | 0.07445901483455904 | 0.06910208278319654 | 0.3499999999999999 | 0.1555585545163478
Marshall Islands | 1 | 0.7285746853419555 | 0.0712233735222976 | 0.2237338669588957 | 0.07800300448106812 | 0.2667903911415876 | 0.7947707954112434
Mauritius | 68 | 0.6153764627744482 | 0.07959824824327522 | 0.07945947820394511 | 0.07601343193903892 | 0.1500000000000002 | 0.006548074468313221
Mexico | 115 | 0.6403557859914752 | 0.07395574585511616 | 0.08909598191269963 | 0.07211133042167844 | 0.3000000000000003 | 0.321870022813378
Monaco | 14 | 0.7834700825123443 | 0.06814092214345502 | 0.163180046433667 | 0.08474570965307016 | 0.2635643925247518 | 0.6414131160117318
Mongolia | 2 | 0.8266962821632355 | 0.163466351921817 | 0.2513321311454161 | 0.2130634217694055 | 0.2192 | 0.3479623938130929
Montenegro | 1 | 0.9146860331891069 | 0.1208911066293462 | 0.135077406770638 | 0.135077406770638 | 0.09 | 0
Morocco | 71 | 0.6727269920394731 | 0.09242211730727233 | 0.1093292416455735 | 0.1017443064855351 | 0.3099999999999998 | 0.2354312354312354
Mozambique | 1 | 0.6237879970117161 | 0.1989884692290893 | 0.3251090075422766 | 0.2286223580050335 | 0.32 | 0.676466750914049
Namibia | 5 | 0.5212920847924425 | 0.08819024051615323 | 0.07946697602312083 | 0.07946697602312083 | 0.32 | 0.1154614768625231
Netherlands | 142 | 0.8426169734968003 | 0.0568999999999999 | 0.08969869799106292 | 0.0725818149900645 | 0.25 | 0.222200443073137
Netherlands Antilles | 1 | 0.6251133721583432 | 0.1391919237886816 | 0.1133492943243644 | 0.1129358099088543 | 0.2449788883699206 | 0.02722443559096946
New Zealand | 136 | 0.7333984592010954 | 0.0568999999999999 | 0.07672541952361586 | 0.0659362540130019 | 0.2800000000000006 | 0.2152208781890974
Nicaragua | 1 | 0.884595917343286 | 0.1351256012903831 | 0.1440315552300296 | 0.1440315552300296 | 0.2729 | 0
Niger | 1 | 0.3642490954825772 | 0.1819 | 0.0907569104682808 | 0.0907569104682808 | 0.2818 | 0
Nigeria | 143 | 0.6852098715312226 | 0.1208911066293461 | 0.1344428231324275 | 0.1261480269084696 | 0.2999999999999997 | 0.1299703670661722
Norway | 188 | 0.7954743596129649 | 0.05690000000000008 | 0.08966409782082099 | 0.07032205277645646 | 0.270000000000001 | 0.2996910075125447
Oman | 69 | 0.616064228597444 | 0.07959824824327522 | 0.08872635543609328 | 0.0834250423710606 | 0.1200000000000001 | 0.2843866171003718
Pakistan | 432 | 0.6738242950287702 | 0.1493600959514211 | 0.1524667159621511 | 0.1425083269089499 | 0.3199999999999965 | 0.1780448323487583
Palestinian Authority | 28 | 0.6055321265605407 | 0.07027936908974146 | 0.06952251788553787 | 0.06896929901141194 | 0.2081143583227447 | 0.03259375752770194
Panama | 6 | 0.7131020428184255 | 0.08395836372503417 | 0.3560100575768285 | 0.0949231574084816 | 0.25 | 0.7699386503067485
Papua New Guinea | 4 | 0.7658100617294112 | 0.1351256012903831 | 0.1920110196915706 | 0.156991994938424 | 0.3 | 0.1972583638013811
Peru | 66 | 0.7083293401352307 | 0.0739557458551162 | 0.09895765104094266 | 0.08038646196109053 | 0.28 | 0.2869279925568641
Philippines | 237 | 0.6940621717943312 | 0.0839583637250346 | 0.09571967112751376 | 0.08282548642427358 | 0.2999999999999987 | 0.1890972562954198
Poland | 793 | 0.7720020787768455 | 0.06895443692015805 | 0.09159403090600912 | 0.08087712114287354 | 0.1899999999999983 | 0.1560509554140127
Portugal | 49 | 0.7059823102544873 | 0.09242211730727233 | 0.1563990730589395 | 0.09646503351944889 | 0.2100000000000002 | 0.663674676839774
Qatar | 44 | 0.6163785032642427 | 0.06395312798519855 | 0.0761110794038737 | 0.06601667891057472 | 0.1 | 0.2095103055190153
Reunion | 1 | 0.6381583424061577 | 0.06814092214345502 | 0.1234630607115219 | 0.06870285541283101 | 0.2635643925247517 | 0.6340236303366396
Romania | 73 | 0.7922906603635524 | 0.08819024051615339 | 0.1056044698247024 | 0.1044101275530084 | 0.1600000000000001 | 0.108824672800311
Russia | 205 | 0.7011455106241282 | 0.09242211730727233 | 0.1235836051697471 | 0.09831480269757457 | 0.2000000000000002 | 0.3752823115788493
Saint Lucia | 1 | 0.5322870905910846 | 0.1391919237886816 | 0.0985900641472533 | 0.0985900641472533 | 0.2449788883699206 | 0
Saudi Arabia | 170 | 0.7000105773393749 | 0.06690261786991772 | 0.07742109914431307 | 0.07065038563765003 | 0.1999999999999997 | 0.1116331235282543
Senegal | 4 | 0.6039794359473405 | 0.1208911066293462 | 0.1021795302509154 | 0.1021795302509154 | 0.2746 | 0.01864188245406683
Serbia | 62 | 0.7373709174004326 | 0.1208911066293463 | 0.1175981134437291 | 0.1146472374706872 | 0.1500000000000002 | 0
Singapore | 568 | 0.7883567975876828 | 0.05689999999999954 | 0.08781522991572126 | 0.07201194126219562 | 0.1700000000000014 | 0.2965002250329765
Slovakia | 11 | 0.6983695052432659 | 0.06895443692015739 | 0.08616986857244825 | 0.08510192966364556 | 0.22 | 0.001874856258178762
Slovenia | 30 | 0.7082774972189083 | 0.08819024051615322 | 0.1045411982720861 | 0.09327134046461952 | 0.17 | 0.1220278946109329
South Africa | 273 | 0.7086226059660646 | 0.08395836372503464 | 0.09773991262657972 | 0.08920639033361855 | 0.2800000000000008 | 0.1956773572902236
South Korea | 1928 | 0.8984338550790328 | 0.06395312798520007 | 0.09781290912862432 | 0.0827803671173695 | 0.2420000000000062 | 0.1742944868074769
Spain | 167 | 0.7585729571263586 | 0.08395836372503446 | 0.1134688829809811 | 0.09305175211589345 | 0.25 | 0.3032385656912547
Sri Lanka | 256 | 0.5943080073635343 | 0.1208911066293467 | 0.128281030341227 | 0.113634953812202 | 0.1499999999999993 | 0.3175453751014721
Sudan | 2 | 0.565401016178446 | 0.2369 | 0.2502655795907504 | 0.1859059071156773 | 0.35 | 0.3043673012318029
Sweden | 661 | 0.8625541528360753 | 0.05689999999999944 | 0.0801695301837451 | 0.07547139307133757 | 0.219999999999999 | 0.02998223743925732
Switzerland | 274 | 0.7762162909828279 | 0.05690000000000025 | 0.08350635321541502 | 0.06969195500194633 | 0.179200000000001 | 0.1718653919206456
Taiwan | 1820 | 0.9798236688870718 | 0.06549199227287936 | 0.1052044444967282 | 0.0915069461498349 | 0.1699999999999982 | 0.1760453482348461
Tanzania | 14 | 0.5275104934629924 | 0.1194 | 0.08904295061331075 | 0.09215982624007603 | 0.2999999999999999 | 0.09063016189608147
Thailand | 620 | 0.7245530713071644 | 0.07959824824327427 | 0.09677530669220025 | 0.08502349334526674 | 0.200000000000002 | 0.1698590872416059
Togo | 1 | 0.3642490954825772 | 0.1319 | 0.1397175374826523 | 0.1319452294373566 | 0.2818 | 0.6606412290222927
Trinidad & Tobago | 18 | 0.6409102813614231 | 0.08819024051615322 | 0.09385771613482324 | 0.08807435596754211 | 0.25 | 0.1030699163344809
Tunisia | 79 | 0.6474519166308356 | 0.1080672375653489 | 0.1092073294781357 | 0.1082511808049514 | 0.25 | 0
Turkey | 402 | 0.6919545421093459 | 0.09242211730727233 | 0.1181536735836036 | 0.09305992860010501 | 0.2000000000000015 | 0.3081886406961125
Turks & Caicos Islands | 1 | 0.6251133721583432 | 0.163466351921817 | 0.1344848281521557 | 0.1324194267277174 | 0.2685 | 0.09448818897637795
Uganda | 6 | 0.507729230577346 | 0.1351256012903831 | 0.1154186422873076 | 0.1092263094464598 | 0.3 | 0.09778194693039767
Ukraine | 14 | 0.7054533739541242 | 0.1989884692290893 | 0.2234483531893452 | 0.1908369044316712 | 0.18 | 0.2721324289784276
United Arab Emirates | 96 | 0.623431043064274 | 0.06395312798519841 | 0.07133626951574115 | 0.06545359978984551 | 0.5499999999999992 | 0.22726237786382
United Kingdom | 1280 | 0.8144456829480268 | 0.06254250238815906 | 0.08755934412078303 | 0.0781495994795479 | 0.1999999999999953 | 0.149852005788446
United States | 7330 | 0.812805024297414 | 0.05689999999999776 | 0.08040196875902854 | 0.07224976340048253 | 0.4000000000000535 | 0.1218548541454673
Uruguay | 1 | 0.6251133721583432 | 0.08395836372503415 | 0.1201628479785693 | 0.0818472122835085 | 0.25 | 0.5231199353628498
Venezuela | 17 | 0.6149250911661617 | 0.1989884692290893 | 0.1514861516811743 | 0.1514861516811743 | 0.3399999999999999 | 0
Vietnam | 658 | 0.7551947017756544 | 0.120891106629345 | 0.12657524940642 | 0.12657524940642 | 0.219999999999999 | 0.06335117244011608
Zambia | 12 | 0.7010919750450025 | 0.1493600959514201 | 0.155757058030851 | 0.1510137941102707 | 0.35 | 0
Zimbabwe | 10 | 0.6362246219454373 | 0.1819 | 0.1515046628321351 | 0.151785195125557 | 0.2575 | 0.08242092385421561
