Source: http://www.stern.nyu.edu/~adamodar/pc/blog/TaxRatesonDiv&CG.xlsx

Sheet: Sheet1
Dividend tax rate | Capital gains tax rate | Differential
1916 | 0.15 | 0.15 | 0
1917 | 0.67 | 0.67 | 0
1918 | 0.77 | 0.77 | 0
1919 | 0.73 | 0.73 | 0
1920 | 0.73 | 0.73 | 0
1921 | 0.73 | 0.73 | 0
1922 | 0.58 | 0.125 | 0.45499999999999996
1923 | 0.435 | 0.125 | 0.31
1924 | 0.46 | 0.125 | 0.335
1925 | 0.25 | 0.125 | 0.125
1926 | 0.25 | 0.125 | 0.125
1927 | 0.25 | 0.125 | 0.125
1928 | 0.25 | 0.125 | 0.125
1929 | 0.24 | 0.125 | 0.11499999999999999
1930 | 0.25 | 0.125 | 0.125
1931 | 0.25 | 0.125 | 0.125
1932 | 0.63 | 0.125 | 0.505
1933 | 0.63 | 0.125 | 0.505
1934 | 0.63 | 0.315 | 0.315
1935 | 0.63 | 0.315 | 0.315
1936 | 0.78 | 0.39 | 0.39
1937 | 0.78 | 0.39 | 0.39
1938 | 0.78 | 0.3 | 0.48000000000000004
1939 | 0.78 | 0.3 | 0.48000000000000004
1940 | 0.78 | 0.3 | 0.48000000000000004
1941 | 0.8 | 0.3 | 0.5
1942 | 0.88 | 0.25 | 0.63
1943 | 0.88 | 0.25 | 0.63
1944 | 0.94 | 0.25 | 0.69
1945 | 0.94 | 0.25 | 0.69
1946 | 0.865 | 0.25 | 0.615
1947 | 0.865 | 0.25 | 0.615
1948 | 0.821 | 0.25 | 0.571
1949 | 0.821 | 0.25 | 0.571
1950 | 0.844 | 0.25 | 0.594
1951 | 0.91 | 0.25 | 0.66
1952 | 0.91 | 0.25 | 0.66
1953 | 0.91 | 0.25 | 0.66
1954 | 0.91 | 0.25 | 0.66
1955 | 0.91 | 0.25 | 0.66
1956 | 0.91 | 0.25 | 0.66
1957 | 0.91 | 0.25 | 0.66
1958 | 0.91 | 0.25 | 0.66
1959 | 0.91 | 0.25 | 0.66
1960 | 0.91 | 0.25 | 0.66
1961 | 0.91 | 0.25 | 0.66
1962 | 0.91 | 0.25 | 0.66
1963 | 0.91 | 0.25 | 0.66
1964 | 0.91 | 0.25 | 0.66
1965 | 0.7 | 0.25 | 0.44999999999999996
1966 | 0.7 | 0.25 | 0.44999999999999996
1967 | 0.7 | 0.25 | 0.44999999999999996
1968 | 0.753 | 0.269 | 0.484
1969 | 0.77 | 0.275 | 0.495
1970 | 0.735 | 0.323 | 0.412
1971 | 0.65 | 0.343 | 0.307
1972 | 0.6 | 0.365 | 0.235
1973 | 0.6 | 0.365 | 0.235
1974 | 0.6 | 0.365 | 0.235
1975 | 0.6 | 0.365 | 0.235
1976 | 0.6 | 0.399 | 0.20099999999999996
1977 | 0.6 | 0.399 | 0.20099999999999996
1978 | 0.6 | 0.39 | 0.20999999999999996
1979 | 0.6 | 0.28 | 0.31999999999999995
1980 | 0.6 | 0.28 | 0.31999999999999995
1981 | 0.6 | 0.237 | 0.363
1982 | 0.5 | 0.2 | 0.3
1983 | 0.5 | 0.2 | 0.3
1984 | 0.5 | 0.2 | 0.3
1985 | 0.5 | 0.2 | 0.3
1986 | 0.5 | 0.2 | 0.3
1987 | 0.385 | 0.28 | 0.10499999999999998
1988 | 0.28 | 0.28 | 0
1989 | 0.28 | 0.28 | 0
1990 | 0.28 | 0.28 | 0
1991 | 0.31 | 0.28 | 0.02999999999999997
1992 | 0.31 | 0.28 | 0.02999999999999997
1993 | 0.4 | 0.28 | 0.12
1994 | 0.4 | 0.28 | 0.12
1995 | 0.4 | 0.28 | 0.12
1996 | 0.4 | 0.28 | 0.12
1997 | 0.4 | 0.2 | 0.2
1998 | 0.4 | 0.2 | 0.2
1999 | 0.4 | 0.2 | 0.2
2000 | 0.4 | 0.2 | 0.2
2001 | 0.391 | 0.2 | 0.191
2002 | 0.386 | 0.2 | 0.186
2003 | 0.15 | 0.15 | 0
2004 | 0.15 | 0.15 | 0
2005 | 0.15 | 0.15 | 0
2006 | 0.15 | 0.15 | 0
2007 | 0.15 | 0.15 | 0
2008 | 0.15 | 0.15 | 0
2009 | 0.15 | 0.15 | 0
2010 | 0.15 | 0.15 | 0
2011 | 0.15 | 0.15 | 0
2012 | 0.15 | 0.15 | 0
2013 | 0.238 | 0.238 | 0
2014 | 0.238 | 0.238 | 0
2015 | 0.23800000000000002 | 0.23800000000000002 | 0
2016 | 0.23800000000000002 | 0.23800000000000002 | 0
2017 | 0.23800000000000002 | 0.23800000000000002 | 0
2018 | 0.23800000000000002 | 0.23800000000000002 | 0
2019 | 0.23800000000000002 | 0.23800000000000002 | 0
2020 | 0.23800000000000002 | 0.23800000000000002 | 0
