Source: http://www.stern.nyu.edu/~adamodar/pc/blog/CoronaEffectBreakdown.xlsx

Sheet: By Region
Percentage Change in Stock Prices (Individual Stocks)
Region | Number of firms | Mkt Cap (3/6) | Mkt Cap (2/14) | Change in Mkt Cap | % Change | First Decile | First Quartile | Median | Third Quartile | Ninth Decile
Africa | 794 | 518005.8809999994 | 582116.0809999997 | -64110.200000000244 | -0.11013301657955792 | -0.2009345794392522 | -0.1206225680933851 | -0.0464039621016365 | 0 | 0.04827586206896556
Asia w/o China | 12439 | 6714742.459999975 | 7327265.774999971 | -612523.3149999958 | -0.08359507267907151 | -0.2163461538461539 | -0.1421188630490956 | -0.06953571926330451 | -0.01449275362318848 | 0.03877500617436416
Australia & NZ | 1723 | 1401949.003000006 | 1619839.969999998 | -217890.96699999203 | -0.13451388472652165 | -0.3035087719298246 | -0.2216932312150694 | -0.136078860898138 | -0.04945054945054937 | 0.0291262135922329
Canada | 2660 | 2091165.328000004 | 2282213.649000014 | -191048.32100001024 | -0.08371184752300509 | -0.2805507745266781 | -0.1866666666666666 | -0.09650744735490493 | -0.007204610951008652 | 0.1531664212076583
China | 6413 | 14415138.48199996 | 14039275.356 | 375863.1259999592 | 0.026772259712060254 | -0.09733487833140217 | -0.03302253302253291 | 0.04338923349563882 | 0.11989024787239 | 0.2069763303078841
EU & Environs | 5651 | 12356714.883 | 13701495.93000004 | -1344781.0470000412 | -0.09814848348460863 | -0.2343768458357944 | -0.1585213032581453 | -0.08482276407924026 | -0.01213458356315508 | 0.04770017035775132
Eastern Europe & Russia | 560 | 699501.5000000001 | 819837.4170000004 | -120335.91700000025 | -0.1467802206934405 | -0.2187126345157433 | -0.1694915254237288 | -0.08044554455445545 | -0.01015948021264031 | 0.04088050314465405
Japan | 3852 | 5485757.365999982 | 6057235.686 | -571478.320000018 | -0.0943463899416804 | -0.2267477203647416 | -0.176290044120468 | -0.1287647322397376 | -0.07517822423849657 | -0.02021772939346807
Latin America & Caribbean | 1047 | 2079617.909 | 2380765.87 | -301147.9610000001 | -0.12649205232432206 | -0.2540088650557252 | -0.1828131730430356 | -0.1058571428571429 | -0.03391229836818167 | 0.01483878165792711
Middle East | 1454 | 3018920.506000003 | 3100789.344999996 | -81868.83899999317 | -0.02640258008239295 | -0.1818181818181817 | -0.1212121212121213 | -0.06837606837606829 | -0.01354096140825999 | 0.02941176470588238
UK | 1232 | 2687872.032000001 | 3070102.197000003 | -382230.1650000019 | -0.1245007952417688 | -0.2660098522167488 | -0.196181698485846 | -0.1232477962559069 | -0.05172413793103441 | 0.009345794392523497
United States | 7091 | 31905591.6840001 | 35760424.53100017 | -3854832.847000066 | -0.1077960594024372 | -0.2894736842105263 | -0.1838985068097453 | -0.09736758642562635 | -0.002824389433460595 | 0.1255552957680617
Global | 44916 | 83374977.03400002 | 90741361.80700019 | -7366384.77300016 | -0.08118001125735679 | -0.2325506151700916 | -0.1530726256983241 | -0.0728476821192053 | 0 | 0.1006380510440835

Sheet: By Industry
Percentage Change in Stock Prices (Individual Stocks)
Industry Group | Number of firms | Mkt Cap (3/6) | Mkt Cap (2/14) | Change in Mkt Cap | % Change | First Decile | First Quartile | Median | Third Quartile | Ninth Decile
Advertising | 320 | 156321 | 173618 | -17297 | -0.09962676680989298 | -0.2634 | -0.1951 | -0.1178 | -0.0117 | 0.0796
Aerospace/Defense | 245 | 1093371 | 1280966.5 | -187595.5 | -0.14644840438840517 | -0.2353 | -0.1829 | -0.1161 | -0.0295 | 0.0995
Air Transport | 162 | 457618.6 | 560035.4 | -102416.80000000005 | -0.18287558250782013 | -0.3411 | -0.2581 | -0.1445 | -0.058 | 0.0113
Apparel | 1144 | 967372.3 | 1067738.4 | -100366.09999999986 | -0.09399877348234349 | -0.2207 | -0.1443 | -0.064 | 0.011 | 0.1365
Auto & Truck | 138 | 1106659.4 | 1200078.2 | -93418.80000000005 | -0.07784392717074608 | -0.1884 | -0.1363 | -0.062 | 0.0207 | 0.1465
Auto Parts | 690 | 478467.1 | 527475.3 | -49008.20000000007 | -0.092910890803797 | -0.2363 | -0.1719 | -0.1042 | -0.0062 | 0.1072
Bank (Money Center) | 632 | 6044303 | 6839145 | -794842 | -0.11621949819750861 | -0.2053 | -0.1411 | -0.0681 | -0.02 | 0.0135
Banks (Regional) | 871 | 886707 | 1020879.6 | -134172.59999999998 | -0.1314284270152915 | -0.1792 | -0.1463 | -0.0943 | -0.0335 | 0.0016
Beverage (Alcoholic) | 223 | 1111408.2 | 1145857.2 | -34449 | -0.03006395561331726 | -0.1958 | -0.1116 | -0.0381 | 0.0256 | 0.0879
Beverage (Soft) | 103 | 660328.1 | 703011.2 | -42683.09999999998 | -0.06071467993682032 | -0.203 | -0.1201 | -0.0585 | -0.0116 | 0.0196
Broadcasting | 139 | 133344.9 | 164801.5 | -31456.600000000006 | -0.19087568984505607 | -0.2428 | -0.1885 | -0.1048 | -0.0387 | 0.0271
Brokerage & Investment Banking | 572 | 807070.1 | 838693.6 | -31623.5 | -0.037705665096287845 | -0.2249 | -0.1462 | -0.0548 | 0.0114 | 0.1164
Building Materials | 426 | 383044.6 | 407069.1 | -24024.5 | -0.05901823547893957 | -0.2119 | -0.1345 | -0.0732 | 0 | 0.1063
Business & Consumer Services | 877 | 829117.4 | 914366.8 | -85249.40000000002 | -0.09323326262502096 | -0.2789 | -0.1829 | -0.1038 | -0.017 | 0.0673
Cable TV | 62 | 515869.3 | 568822.4 | -52953.100000000035 | -0.09309250127983713 | -0.2238 | -0.1427 | -0.0741 | -0.0161 | 0.0864
Chemical (Basic) | 801 | 682482.1 | 715599.3 | -33117.20000000007 | -0.04627897204483021 | -0.1974 | -0.1385 | -0.0504 | 0.0446 | 0.1521
Chemical (Diversified) | 74 | 188787.7 | 211960.5 | -23172.79999999999 | -0.10932603008579424 | -0.2012 | -0.1655 | -0.1136 | -0.0212 | 0.0776
Chemical (Specialty) | 827 | 1231724.9 | 1329151.7 | -97426.80000000005 | -0.0732999852462289 | -0.2235 | -0.1461 | -0.0697 | 0.015 | 0.1338
Coal & Related Energy | 228 | 169972.1 | 170822.5 | -850.3999999999942 | -0.004978266914487226 | -0.2569 | -0.1827 | -0.0721 | 0.0093 | 0.0911
Computer Services | 972 | 1017296.1 | 1121042.3 | -103746.20000000007 | -0.09254441157126726 | -0.2277 | -0.1513 | -0.0838 | -0.0074 | 0.1008
Computers/Peripherals | 342 | 2014429 | 2220656.7 | -206227.7000000002 | -0.09286788903480676 | -0.2132 | -0.1384 | -0.0581 | -0.0066 | 0.0743
Construction Supplies | 755 | 982755.6 | 1047072 | -64316.40000000002 | -0.06142500229210601 | -0.2087 | -0.1513 | -0.0775 | 0.0208 | 0.1401
Diversified | 322 | 1556095 | 1725068.8 | -168973.80000000005 | -0.09795191936692614 | -0.1775 | -0.1263 | -0.0771 | -0.0273 | 0.0362
Drugs (Biotechnology) | 1045 | 1394335.5 | 1413296.5 | -18961 | -0.013416151529420755 | -0.2364 | -0.146 | -0.0541 | 0.0441 | 0.2218
Drugs (Pharmaceutical) | 1272 | 3462599.6 | 3629396.7 | -166797.1000000001 | -0.04595725234444614 | -0.2364 | -0.1533 | -0.0534 | 0.0214 | 0.1296
Education | 229 | 189090.8 | 192543 | -3452.2000000000116 | -0.017929501462011145 | -0.254 | -0.1447 | -0.0517 | 0.0058 | 0.1083
Electrical Equipment | 915 | 872914.5 | 900169.8 | -27255.300000000047 | -0.030277954225969416 | -0.2099 | -0.135 | -0.0426 | 0.0543 | 0.1846
Electronics (Consumer & Office) | 141 | 205602.3 | 216480.7 | -10878.400000000023 | -0.0502511309322264 | -0.2139 | -0.1493 | -0.0709 | 0.0093 | 0.2114
Electronics (General) | 1342 | 1415140.6 | 1470949.9 | -55809.299999999814 | -0.03794099309568587 | -0.2008 | -0.1368 | -0.059 | 0.0176 | 0.1396
Engineering/Construction | 1215 | 705955.4 | 747089 | -41133.59999999998 | -0.05505850039285812 | -0.2291 | -0.1482 | -0.0761 | 0 | 0.0902
Entertainment | 673 | 1027536.8 | 1114570.1 | -87033.30000000005 | -0.07808687851935023 | -0.2505 | -0.1694 | -0.073 | 0 | 0.0926
Environmental & Waste Services | 318 | 272521.6 | 272611.8 | -90.20000000001164 | -0.000330873425141581 | -0.2313 | -0.14 | -0.0462 | 0.0536 | 0.1626
Farming/Agriculture | 407 | 304628.6 | 317649.3 | -13020.700000000012 | -0.040990803379702116 | -0.2174 | -0.1423 | -0.0663 | -0.0072 | 0.071
Financial Svcs. (Non-bank & Insurance) | 1068 | 1482119.8 | 1658546 | -176426.19999999995 | -0.10637401675925778 | -0.2357 | -0.1488 | -0.0668 | -0.0087 | 0.0485
Food Processing | 1258 | 1758893.2 | 1789656.2 | -30763 | -0.01718933502423538 | -0.2019 | -0.1216 | -0.0516 | 0.0085 | 0.0977
Food Wholesalers | 149 | 80957.7 | 93265.8 | -12308.100000000006 | -0.13196798826579523 | -0.2272 | -0.1395 | -0.0599 | -0.0084 | 0.0368
Furn/Home Furnishings | 333 | 320146.3 | 324197 | -4050.7000000000116 | -0.012494563490717099 | -0.2049 | -0.1335 | -0.0493 | 0.0284 | 0.1107
Green & Renewable Energy | 215 | 226855.5 | 232292 | -5436.5 | -0.023403733232311055 | -0.2098 | -0.1223 | -0.0552 | 0.024 | 0.1122
Healthcare Products | 753 | 1699089.6 | 1833338.9 | -134249.2999999998 | -0.07322666856629717 | -0.2171 | -0.1366 | -0.0596 | 0.0455 | 0.2221
Healthcare Support Services | 407 | 1012159.2 | 1080419.9 | -68260.69999999995 | -0.06317978778436047 | -0.2222 | -0.1445 | -0.0522 | 0.0074 | 0.0753
Heathcare Information and Technology | 390 | 737341.9 | 772734.1 | -35392.19999999995 | -0.04580126592057986 | -0.2579 | -0.1505 | -0.065 | 0.0424 | 0.2028
Homebuilding | 162 | 219148.3 | 247458.6 | -28310.300000000017 | -0.11440418720545585 | -0.2376 | -0.1951 | -0.1182 | -0.0645 | 0.0052
Hospitals/Healthcare Facilities | 207 | 235120.7 | 253336.5 | -18215.79999999999 | -0.07190357488952435 | -0.1989 | -0.1284 | -0.0661 | -0.0157 | 0.0563
Hotel/Gaming | 635 | 583493.5 | 716364.9 | -132871.40000000002 | -0.18548005353137767 | -0.2871 | -0.1893 | -0.0935 | -0.0198 | 0.041
Household Products | 551 | 1402261.7 | 1474100.1 | -71838.40000000014 | -0.04873373253281791 | -0.2535 | -0.1422 | -0.0612 | 0.0084 | 0.1057
Information Services | 220 | 1488495 | 1686811.3 | -198316.30000000005 | -0.11756875235540576 | -0.259 | -0.175 | -0.1036 | -0.0273 | 0.0385
Insurance (General) | 225 | 740862.7 | 834103.7 | -93241 | -0.11178586067895395 | -0.1913 | -0.1419 | -0.0762 | -0.0067 | 0.0444
Insurance (Life) | 135 | 1081930.7 | 1208527.2 | -126596.5 | -0.10475271057200865 | -0.2244 | -0.1663 | -0.0802 | -0.0177 | 0.0265
Insurance (Prop/Cas.) | 222 | 595416.2 | 655405.8 | -59989.60000000009 | -0.09153046860433656 | -0.1705 | -0.1277 | -0.08 | -0.0322 | 0
Investments & Asset Management | 1098 | 781613.8 | 883832.7 | -102218.8999999999 | -0.11565412775517347 | -0.2174 | -0.1441 | -0.0659 | -0.0022 | 0.0436
Machinery | 1331 | 1119419.6 | 1220969.7 | -101550.09999999986 | -0.08317167903511435 | -0.2159 | -0.1519 | -0.0812 | 0.0253 | 0.148
Metals & Mining | 1521 | 742528.6 | 847729.2 | -105200.59999999998 | -0.12409694039087009 | -0.2973 | -0.1976 | -0.1054 | -0.0081 | 0.1437
Office Equipment & Services | 140 | 41588.4 | 46278 | -4689.5999999999985 | -0.10133540775314401 | -0.2256 | -0.1753 | -0.0996 | -0.0168 | 0.0231
Oil/Gas (Integrated) | 50 | 3378531.8 | 3679292.3 | -300760.5 | -0.08174411693248726 | -0.2917 | -0.2042 | -0.1436 | -0.0774 | 0.0294
Oil/Gas (Production and Exploration) | 771 | 568402.9 | 693187.6 | -124784.69999999995 | -0.1800157706225558 | -0.3374 | -0.2452 | -0.1525 | -0.0204 | 0.0833
Oil/Gas Distribution | 204 | 578661.8 | 653820.7 | -75158.8999999999 | -0.11495338094985355 | -0.289 | -0.1994 | -0.1035 | -0.0352 | 0.0429
Oilfield Svcs/Equip. | 513 | 611362.5 | 743231.6 | -131869.09999999998 | -0.17742665946926905 | -0.3003 | -0.2167 | -0.1252 | -0.0172 | 0.0697
Packaging & Container | 404 | 258283.7 | 281520.8 | -23237.099999999977 | -0.0825413255432635 | -0.2062 | -0.1397 | -0.0622 | 0 | 0.1014
Paper/Forest Products | 287 | 166401.7 | 171636.1 | -5234.399999999994 | -0.030497080742337968 | -0.2222 | -0.1547 | -0.0744 | 0.0053 | 0.1341
Power | 539 | 2109762.1 | 2206768.6 | -97006.5 | -0.04395861895080436 | -0.1881 | -0.1175 | -0.0569 | -0.0055 | 0.0515
Precious Metals | 844 | 425746.8 | 421819.9 | 3926.899999999965 | 0.009309423287047303 | -0.2432 | -0.1421 | -0.0391 | 0.0511 | 0.2056
Publishing & Newspapers | 357 | 137849.6 | 148174.1 | -10324.5 | -0.06967816912672323 | -0.2095 | -0.1438 | -0.0688 | -0.0029 | 0.0409
R.E.I.T. | 787 | 2064082.2 | 2213125.5 | -149043.30000000005 | -0.06734516411292539 | -0.1642 | -0.1042 | -0.0569 | -0.0193 | 0.0171
Real Estate (Development) | 846 | 797297.9 | 811700.9 | -14403 | -0.017744220808428326 | -0.1878 | -0.1124 | -0.0447 | 0.0127 | 0.0924
Real Estate (General/Diversified) | 382 | 473516.2 | 498014.8 | -24498.599999999977 | -0.04919251395741648 | -0.1818 | -0.1198 | -0.0455 | 0.015 | 0.0826
Real Estate (Operations & Services) | 688 | 587918.7 | 621879.9 | -33961.20000000007 | -0.05461054457621169 | -0.1953 | -0.1158 | -0.0429 | 0.0073 | 0.0561
Recreation | 324 | 233766.9 | 262182.2 | -28415.300000000017 | -0.10837997392652901 | -0.2664 | -0.1757 | -0.0798 | 0 | 0.072
Reinsurance | 35 | 150564.8 | 180571.9 | -30007.100000000006 | -0.1661781262754615 | -0.21 | -0.1633 | -0.103 | -0.0124 | 0.0287
Restaurant/Dining | 376 | 589684.9 | 676780 | -87095.09999999998 | -0.12869041638346285 | -0.2557 | -0.1932 | -0.1153 | -0.0432 | 0.0084
Retail (Automotive) | 188 | 179527.9 | 194828.1 | -15300.200000000012 | -0.07853179289845773 | -0.1997 | -0.1404 | -0.0748 | -0.0086 | 0.0422
Retail (Building Supply) | 90 | 415763.8 | 453375.2 | -37611.40000000002 | -0.08295866205297515 | -0.2661 | -0.1944 | -0.1087 | -0.0417 | 0
Retail (Distributors) | 989 | 557899.9 | 606350.5 | -48450.59999999998 | -0.07990526931205627 | -0.2174 | -0.1465 | -0.0794 | -0.0065 | 0.0744
Retail (General) | 217 | 1009178.8 | 1062929.7 | -53750.89999999991 | -0.05056863120863017 | -0.2323 | -0.1574 | -0.0787 | 0.0355 | 0.098
Retail (Grocery and Food) | 168 | 467612.8 | 480178.1 | -12565.299999999988 | -0.026167998915402408 | -0.1426 | -0.1111 | -0.0431 | 0.0089 | 0.0888
Retail (Online) | 320 | 2264225.7 | 2456922.5 | -192696.7999999998 | -0.07843014991315347 | -0.3134 | -0.2083 | -0.1104 | -0.0137 | 0.1092
Retail (Special Lines) | 489 | 740052.4 | 816761.5 | -76709.09999999998 | -0.09391860414576346 | -0.2691 | -0.1949 | -0.1108 | -0.0237 | 0.0351
Rubber& Tires | 91 | 98869.7 | 106580.1 | -7710.400000000009 | -0.07234371144331829 | -0.2046 | -0.1433 | -0.0837 | -0.0101 | 0.0911
Semiconductor | 545 | 1882860.9 | 2074331.2 | -191470.30000000005 | -0.09230459436757257 | -0.1891 | -0.1302 | -0.0569 | 0.0036 | 0.1095
Semiconductor Equip | 301 | 475095 | 527926.8 | -52831.80000000005 | -0.10007410118220943 | -0.225 | -0.1658 | -0.1173 | -0.0479 | 0.0185
Shipbuilding & Marine | 348 | 258287.9 | 275291.2 | -17003.300000000017 | -0.06176477853269562 | -0.2066 | -0.1429 | -0.0692 | -0.0097 | 0.0651
Shoe | 74 | 228978.6 | 258812.2 | -29833.600000000006 | -0.11527122755418796 | -0.2484 | -0.1722 | -0.0664 | -0.0119 | 0.0377
Software (Entertainment) | 307 | 2285223.8 | 2574594.8 | -289371 | -0.11239477373293849 | -0.2929 | -0.2206 | -0.1206 | -0.0129 | 0.0605
Software (Internet) | 133 | 209910.7 | 226241 | -16330.299999999988 | -0.07218099283507405 | -0.2995 | -0.1975 | -0.1061 | -0.0148 | 0.064
Software (System & Application) | 1378 | 3415372.9 | 3767070.3 | -351697.3999999999 | -0.09336098665320898 | -0.268 | -0.1866 | -0.0993 | -0.0084 | 0.1
Steel | 711 | 479839.1 | 541712.4 | -61873.30000000005 | -0.11421798725670677 | -0.2389 | -0.1725 | -0.0938 | -0.0131 | 0.072
Telecom (Wireless) | 106 | 1028162.8 | 1084956.1 | -56793.30000000005 | -0.052346173269130464 | -0.2304 | -0.129 | -0.0628 | -0.0071 | 0.0518
Telecom. Equipment | 463 | 523930.4 | 554381.3 | -30450.900000000023 | -0.05492771852153026 | -0.2078 | -0.134 | -0.0506 | 0.038 | 0.164
Telecom. Services | 319 | 1537484.2 | 1600902 | -63417.80000000005 | -0.03961379272435168 | -0.236 | -0.1429 | -0.0483 | 0.003 | 0.0974
Tobacco | 54 | 458618.4 | 486182.8 | -27564.399999999965 | -0.05669554743606719 | -0.1834 | -0.1493 | -0.0806 | 0 | 0.0511
Transportation | 269 | 497712.7 | 547131.1 | -49418.399999999965 | -0.09032277638759699 | -0.2039 | -0.1506 | -0.0748 | 0.007 | 0.093
Transportation (Railroads) | 51 | 601594.6 | 682670.8 | -81076.20000000007 | -0.11876324576941047 | -0.2302 | -0.1624 | -0.1098 | -0.0353 | 0.0339
Trucking | 214 | 202362.7 | 238708 | -36345.29999999999 | -0.15225840776178423 | -0.2344 | -0.1585 | -0.0854 | -0.023 | 0.0792
Utility (General) | 53 | 604640.6 | 624335.5 | -19694.900000000023 | -0.03154537904700281 | -0.1182 | -0.0858 | -0.0284 | 0.0035 | 0.0475
Utility (Water) | 105 | 140711.6 | 144733.7 | -4022.100000000006 | -0.02778965783366283 | -0.1629 | -0.0837 | -0.0292 | 0.0445 | 0.0991
Missing | 24 | 4911.7 | 1691.7 | 3220 | 1.9034107702311285 | -0.2045 | -0.1554 | -0.0702 | -0.0019 | 0.0273

Sheet: By Sector
Percentage Change in Stock Prices (Individual Stocks)
Sector | Number of firms | Mkt Cap (3/6) | Mkt Cap (2/14) | Change in Mkt Cap | % Change | First Decile | First Quartile | Median | Third Quartile | Ninth Decile
Communication Services | 2152 | 6788543.695999996 | 7394272.825999994 | -605729.129999998 | -0.08191868818663448 | -0.2530058838577641 | -0.1720430107526882 | -0.08109276699742154 | -0.004456420354440827 | 0.07606777267913872
Consumer Discretionary | 6049 | 9229653.988000011 | 10167731.07199998 | -938077.0839999691 | -0.09226021787527967 | -0.2456726588028674 | -0.1664893617021277 | -0.08456977648630017 | -0.005617977528089893 | 0.09308930261912275
Consumer Staples | 2885 | 6888624.25999999 | 7143300.785000006 | -254676.52500001527 | -0.03565249912684659 | -0.2029520295202951 | -0.1243093922651935 | -0.05293843693809452 | 0.005006257822277919 | 0.08902691511387173
Energy | 1765 | 5306927.691000003 | 5940350.465 | -633422.7739999965 | -0.10663053934815216 | -0.3180336773492667 | -0.2226748133061779 | -0.1289491187229797 | -0.01781737193763921 | 0.06966033390903857
Financials | 5020 | 13372892.538 | 14997205.29399999 | -1624312.7559999898 | -0.10830769627790833 | -0.2061557030778515 | -0.1441564347430651 | -0.07301332828628626 | -0.009779951100244464 | 0.03443957420162806
Health Care | 4074 | 8540646.529999996 | 8982522.652999984 | -441876.1229999885 | -0.04919287599596653 | -0.2306338028169013 | -0.1446028513238289 | -0.05785123966942143 | 0.02675714443341057 | 0.1695692025664528
Industrials | 7756 | 9246717.628999993 | 10198421.40100001 | -951703.7720000166 | -0.09331873380979305 | -0.2291009463722397 | -0.1535087719298246 | -0.0800612282763313 | 0 | 0.111248454882571
Information Technology | 5697 | 12442530.58899995 | 13649410.77500003 | -1206880.1860000808 | -0.08841994763690289 | -0.2282547279555955 | -0.1556047197640118 | -0.07518541098754271 | 0 | 0.1163636363636363
Materials | 5924 | 4630483.270999965 | 5002800.832999997 | -372317.5620000316 | -0.07442182378001372 | -0.2418405344723728 | -0.1598746081504702 | -0.07393122908886232 | 0.01151348159811065 | 0.1373333333333333
Real Estate | 2658 | 3841071.857000005 | 4055519.918999996 | -214448.06199999107 | -0.05287806897342754 | -0.1823104693140794 | -0.1101842196732707 | -0.0501934651762682 | 0 | 0.05879502014357977
Utilities | 913 | 3081973.319000003 | 3208134.064 | -126160.74499999685 | -0.039325272099974454 | -0.1894075403949731 | -0.112207434603029 | -0.05160274993787788 | 0.0007953148723882123 | 0.06878022568511559

Sheet: By Size Classes
Size Classes | Number of firms | Mkt Cap (3/6) | Mkt Cap (2/14) | Change in Mkt Cap | % Change | First Decile | First Quartile | Median | Third Quartile | Ninth Decile
Smallest | 4291 | 5145.881999999999 | 5120.357000000012 | 25.524999999986903 | 0.004985003975306184 | -0.3312101910828026 | -0.1820987654320987 | -0.03937007874015751 | 0.0436681222707424 | 0.3333333333333332
2nd decile | 4289 | 28245.19599999999 | 29134.54999999991 | -889.3539999999193 | -0.030525750354816604 | -0.2728842832469776 | -0.1772151898734178 | -0.081081081081081 | 0 | 0.1042084168336672
3rd decile | 4319 | 73819.42900000003 | 79326.89999999976 | -5507.4709999997285 | -0.06942753340921863 | -0.2464788732394366 | -0.1659192825112107 | -0.07594936708860765 | -0.004347826086956583 | 0.07086614173228349
4th decile | 4297 | 154319.27 | 163473.0000000003 | -9153.730000000302 | -0.05599536314865626 | -0.2338308457711443 | -0.1535947712418302 | -0.07428571428571433 | -0.01405622489959831 | 0.04054054054054064
5th decile | 4308 | 286227.1200000003 | 311238.3000000009 | -25011.180000000633 | -0.08036022558920466 | -0.2256186317321688 | -0.1545595054095827 | -0.08048042123052884 | -0.02113821138211378 | 0.03350970017636681
6th decile | 4306 | 586799.4000000019 | 613649.4000000006 | -26849.99999999872 | -0.04375462601283191 | -0.2146341463414634 | -0.1497227356746766 | -0.08078633597991866 | -0.01981050818260118 | 0.03536977491961415
7th decile | 4301 | 1190984.300000002 | 1244685.899999997 | -53701.599999995204 | -0.04314470020106705 | -0.2102009273570325 | -0.1440083181700025 | -0.06286266924564797 | 0.02479674796747965 | 0.1331309627059845
8th decile | 4304 | 2513654.300000003 | 2565732.699999992 | -52078.39999998873 | -0.020297671694322988 | -0.2040314650934121 | -0.1347779497559232 | -0.05145052028199694 | 0.05625960061443946 | 0.1534354688950788
9th decile | 4302 | 6298998.900000003 | 6671418.900000003 | -372420 | -0.05582320726404991 | -0.2078396136350874 | -0.142548596112311 | -0.06863763958205468 | 0.01905337140347026 | 0.1124338045428684
Largest | 4302 | 72090320.60000017 | 79057581.80000001 | -6967261.199999839 | -0.0881289440097678 | -0.2082384089649651 | -0.1493951685272265 | -0.08947857564819783 | -0.02478696274180515 | 0.03934145819970058

Sheet: BY PE ratio classes
PE Classes | Number of firms | Mkt Cap (3/6) | Mkt Cap (2/14) | Change in Mkt Cap | % Change | First Quartile | Median | Third Quartile | First Decile | First Quartile | Median | Third Quartile | Ninth Decile
Bottom decile | 2649 | 2482242.934999995 | 2672189.637000001 | -189946.7020000061 | -0.07108279269178455 | -0.1474226804123711 | -0.07758620689655175 | -0.01255886970172686 | -0.2186932849364792 | -0.1474226804123711 | -0.07758620689655175 | -0.01255886970172686 | 0.0472727272727273
2nd decile | 2649 | 4730484.931999995 | 5249246.514000002 | -518761.5820000069 | -0.09882591351281445 | -0.1439489562382967 | -0.0777777777777777 | -0.01904761904761898 | -0.2057416267942584 | -0.1439489562382967 | -0.0777777777777777 | -0.01904761904761898 | 0.03624161073825498
3rd decile | 2649 | 5123809.710999983 | 5781038.739999998 | -657229.029000015 | -0.11368701345184468 | -0.148 | -0.08233247039850612 | -0.02028985507246371 | -0.2106654914059057 | -0.148 | -0.08233247039850612 | -0.02028985507246371 | 0.03199174406604752
4th decile | 2650 | 6670968.001999998 | 7486121.196999994 | -815153.1949999956 | -0.10888859177522561 | -0.1463073153657682 | -0.0769360745444908 | -0.01700287232988874 | -0.2020480504135487 | -0.1463073153657682 | -0.0769360745444908 | -0.01700287232988874 | 0.03921568627450984
5th decile | 2649 | 6323245.405999998 | 7011477.372000002 | -688231.9660000047 | -0.09815791016432941 | -0.1436657404548729 | -0.07658286778398518 | -0.01376597836774834 | -0.1979519295870006 | -0.1436657404548729 | -0.07658286778398518 | -0.01376597836774834 | 0.04854368932038835
6th decile | 2649 | 9899097.16399998 | 10708272.11099999 | -809174.9470000099 | -0.07556540762246705 | -0.1393939393939394 | -0.07237689267794503 | -0.007231757568363402 | -0.1970134057356185 | -0.1393939393939394 | -0.07237689267794503 | -0.007231757568363402 | 0.07079119571683526
7th decile | 2650 | 12797866.82400002 | 13792051.89800001 | -994185.0739999898 | -0.07208391335477478 | -0.1364444943027933 | -0.07155776220014959 | -0.001312013120131127 | -0.2009268454154254 | -0.1364444943027933 | -0.07155776220014959 | -0.001312013120131127 | 0.0872614819213662
8th decile | 2649 | 13465323.62799999 | 14682753.92600001 | -1217430.298000021 | -0.08291566446838101 | -0.1355463347164592 | -0.06582649472450174 | 0.01083996179617674 | -0.2012285355298059 | -0.1355463347164592 | -0.06582649472450174 | 0.01083996179617674 | 0.1065208586472255
9th decile | 2649 | 9657579.481999997 | 10236434.76499998 | -578855.282999983 | -0.05654852458779716 | -0.1304656801270797 | -0.04687457293574221 | 0.04195804195804193 | -0.2084870848708488 | -0.1304656801270797 | -0.04687457293574221 | 0.04195804195804193 | 0.1500674243883644
Top decile | 2650 | 6385498.648000017 | 6806965.293999981 | -421466.6459999643 | -0.06191696707657189 | -0.1301204819277108 | -0.04545248912200083 | 0.04646721833227251 | -0.2090163934426229 | -0.1301204819277108 | -0.04545248912200083 | 0.04646721833227251 | 0.1475704859028193
Money Losing | 18423 | 5838860.301999908 | 6314810.352999987 | -475950.05100007914 | -0.07537044256190034 | -0.1798561151079137 | -0.07862959365387731 | 0 | -0.2785425101214575 | -0.1798561151079137 | -0.07862959365387731 | 0 | 0.1415094339622641

Sheet: PriceMomentum
% Price Change in year before 2/14 | Number of firms | Mkt Cap (3/6) | Mkt Cap (2/14) | Change in Mkt Cap | % Change | First Decile | First Quartile | Median | Third Quartile | Ninth Decile
Worst Performers | 3935 | 577301.1059999951 | 527759.5799999997 | 49541.525999995414 | 0.09387139121187614 | -0.2280178837555887 | -0.1344086021505376 | -0.01639344262295076 | 0.1054545454545454 | 0.3652968036529682
2nd decile | 3936 | 1780900.255000004 | 1822320.030000007 | -41419.775000002934 | -0.022729144342447234 | -0.266948100322821 | -0.1735905044510385 | -0.07017919535940843 | 0.02531029447554158 | 0.131638846737481
3rd decile | 3934 | 2753831.06400001 | 2917119.232000005 | -163288.16799999494 | -0.055975829238917675 | -0.2500000000000001 | -0.1673553719008264 | -0.08145854398382207 | 0 | 0.09419529023548816
4th decile | 3937 | 5251214.865999966 | 5766804.673000022 | -515589.8070000559 | -0.08940649739950954 | -0.2352941176470587 | -0.1592786111579301 | -0.07922272047832592 | -0.007911392405063403 | 0.07731305449936621
5th decile | 3936 | 5762155.201999997 | 6353406.34500002 | -591251.1430000234 | -0.09306049556633884 | -0.2134615384615385 | -0.1470588235294118 | -0.07827396104557288 | -0.01405622489959831 | 0.04494382022471914
6th decile | 3935 | 5968155.714999991 | 6707689.739999996 | -739534.025000005 | -0.11025167437157067 | -0.2148384987101697 | -0.144954128440367 | -0.0773596470650553 | -0.01840490797546017 | 0.03724604966139968
7th decile | 3936 | 11068926.664 | 12276460.97600003 | -1207534.3120000288 | -0.09836176031192606 | -0.2078239608801956 | -0.1462522851919561 | -0.08117548216963445 | -0.01663893510815308 | 0.03476283300844701
8th decile | 3935 | 17281432.34199995 | 19090339.057 | -1808906.7150000483 | -0.09475508578443832 | -0.2137573496870457 | -0.1482196215139443 | -0.0829815596534104 | -0.0199203187250996 | 0.04213771839671124
9th decile | 3936 | 19545825.48399996 | 21349685.24800006 | -1803859.7640000992 | -0.08449116429803463 | -0.2160273405771559 | -0.1522084524944392 | -0.08066840197080977 | -0.01250195955478919 | 0.0640280670979059
Best Performers | 3936 | 9695887.116000008 | 10314886.177 | -618999.0609999914 | -0.06001026578269254 | -0.2505050505050505 | -0.1698752228163993 | -0.08492367823846005 | 0.006431908012935713 | 0.1457126632595116
Missing | 5560 | 3689347.219999993 | 3614890.749000009 | 74456.47099998407 | 0.020597156641754953 | -0.2668621700879766 | -0.1416184971098265 | -0.03720304796055573 | 0.01396848137535829 | 0.1812803675618534

Sheet: BY US Industry
Industry Group | Number of firms | Mkt Cap (3/6) | Mkt Cap (2/14) | Change in Mkt Cap | % Change | First Decile | First Quartile | Median | Third Quartile | Ninth Decile
Advertising | 38 | 28151.70699999999 | 33985.22 | -5833.51300000001 | -0.17164852838969438 | -0.2530058838577641 | -0.1927083333333333 | -0.1535954145176743 | -0.0635179153094462 | 0
Aerospace/Defense | 66 | 701159.493 | 843363.24 | -142203.74699999997 | -0.16861506437012833 | -0.2513043478260869 | -0.1907894736842105 | -0.1397714822350915 | -0.07555555555555553 | 0
Air Transport | 15 | 90845.26199999999 | 128707.16 | -37861.898000000016 | -0.2941708759636994 | -0.4657306137765512 | -0.3645278594706303 | -0.3274876096073199 | -0.2358251884204639 | -0.1023199086568403
Apparel | 41 | 80509.82100000001 | 96273.91 | -15764.088999999993 | -0.16374206677593123 | -0.269747572815534 | -0.2392965222999455 | -0.1662150719729043 | -0.1120324099322196 | 0.131079478054567
Auto & Truck | 10 | 212706.86 | 238977.54 | -26270.680000000022 | -0.10992949379259667 | -0.1994118096402108 | -0.1942092610013588 | -0.1075927090762164 | 0.0202702702702702 | 0.4770642201834863
Auto Parts | 38 | 36966.32 | 44968.00999999999 | -8001.689999999988 | -0.17794183020329318 | -0.3452991452991452 | -0.2362924281984334 | -0.1840389712730139 | -0.1204516938519447 | -0.0286368843069874
Bank (Money Center) | 7 | 944100 | 1189520.5 | -245420.5 | -0.2063188486453155 | -0.2409230635338465 | -0.2115469010051017 | -0.198572381133691 | -0.1872873055854163 | -0.1018867924528302
Banks (Regional) | 609 | 574416.9429999996 | 692680.31 | -118263.36700000043 | -0.17073297059649412 | -0.182714922596272 | -0.1501564129301356 | -0.09990958408679926 | -0.04069767441860467 | -0.009615384615384638
Beverage (Alcoholic) | 18 | 80544.982 | 90242.53 | -9697.547999999995 | -0.10746094995341991 | -0.3945371775417298 | -0.3167832167832169 | -0.1261316078215715 | -0.0168414362885288 | 0.1155378486055777
Beverage (Soft) | 28 | 515611.472 | 545992.94 | -30381.467999999935 | -0.05564443379066392 | -0.2652979868447279 | -0.1250000000000001 | -0.04843478619376923 | 0 | 0.01957975167144219
Broadcasting | 26 | 65628.54200000002 | 87534.14000000001 | -21905.597999999998 | -0.25025205022863073 | -0.2813873195229128 | -0.237012987012987 | -0.1898800208659362 | -0.08699551569506729 | 0.007682458386683803
Brokerage & Investment Banking | 30 | 253279.542 | 320246.23 | -66966.688 | -0.2091099963924634 | -0.3386034255599473 | -0.2463895112438802 | -0.1571986774872257 | -0.1162656299253968 | 0.04591836734693883
Building Materials | 38 | 87491.97 | 93522.88000000002 | -6030.910000000018 | -0.06448593114326694 | -0.2392638036809816 | -0.1386861313868613 | -0.08666413945909444 | -0.008183170772028322 | 0.05333333333333338
Business & Consumer Services | 140 | 244007.313 | 267069.21 | -23061.897000000026 | -0.08635176252627558 | -0.3251247384516336 | -0.2051282051282051 | -0.125811800469808 | -0.03902056714007509 | 0.05038335158817096
Cable TV | 13 | 406009.71 | 449524.4 | -43514.69 | -0.096801619667364 | -0.213433364274026 | -0.1526791167111311 | -0.09724656477567764 | -0.07414352971367102 | -0.07063071602716783
Chemical (Basic) | 37 | 76513.37 | 90233.57 | -13720.200000000012 | -0.15205205778736242 | -0.3746130030959752 | -0.2155671604675122 | -0.1356190937727162 | -0.06230529595015576 | 0.423076923076923
Chemical (Diversified) | 5 | 14807.38 | 18151.19 | -3343.8099999999995 | -0.18421987759480232 | -0.3063511830635118 | -0.2247552889169562 | -0.2012064910398851 | -0.1187191494747501 | -0.006289308176100634
Chemical (Specialty) | 80 | 357583.386 | 403867.6200000001 | -46284.23400000011 | -0.11460248781519078 | -0.304138594802695 | -0.2069464544138929 | -0.1314753598908134 | -0.04077756338704637 | 0
Coal & Related Energy | 24 | 4828.034000000001 | 5613.809999999999 | -785.775999999998 | -0.13997196200085116 | -0.2477175897748023 | -0.2340241796200345 | -0.1756743695822844 | -0.03110823071937791 | 0.1430722891566265
Computer Services | 72 | 285204.028 | 325265.12 | -40061.092000000004 | -0.12316442660682463 | -0.2321658986175115 | -0.172502937720329 | -0.1054678835255897 | 0 | 0.07038123167155418
Computers/Peripherals | 43 | 1404933.197 | 1569803.92 | -164870.723 | -0.10502631628031608 | -0.2841244173879958 | -0.2260732205909683 | -0.144772372861467 | -0.05803571428571424 | 0.1724137931034485
Construction Supplies | 42 | 191328.73 | 218487.9 | -27159.169999999984 | -0.12430514458695417 | -0.2464669512733696 | -0.1677704194260486 | -0.1202143157800876 | -0.06735879986091099 | -0.004716981132075371
Diversified | 21 | 872577.5930000001 | 964971.31 | -92393.71699999995 | -0.09574763108760191 | -0.2137403013259986 | -0.1304347826086956 | -0.08356859382858915 | -0.04066985645933004 | 0
Drugs (Biotechnology) | 453 | 929451.854 | 934115.29 | -4663.435999999987 | -0.004992355922147454 | -0.2317035191529118 | -0.1378576495625442 | -0.05092633335862225 | 0.04926108374384236 | 0.2340425531914894
Drugs (Pharmaceutical) | 234 | 1193544.518 | 1256790.87 | -63246.35200000019 | -0.050323688299868205 | -0.32 | -0.2057109557109556 | -0.09923369591727232 | 0 | 0.1208053691275167
Education | 28 | 32286.337 | 35744.68 | -3458.3430000000008 | -0.09675126480360156 | -0.2647058823529411 | -0.1543566688075359 | -0.08445945945945946 | 0 | 0.2092124814264487
Electrical Equipment | 88 | 134077.13 | 150747.95 | -16670.820000000007 | -0.110587374488343 | -0.3046594982078853 | -0.1895818568391212 | -0.09739130434782602 | -0.009433962264150952 | 0.0996168582375478
Electronics (Consumer & Office) | 12 | 2771.24 | 3245.7 | -474.46000000000004 | -0.14618110114921282 | -0.2138599105812221 | -0.1569377990430623 | -0.1161962421327141 | -0.02238805970149259 | 0.0886287625418059
Electronics (General) | 131 | 173045.902 | 194110.57 | -21064.668000000005 | -0.10851891270011728 | -0.2095808383233533 | -0.1560734463276836 | -0.1042471042471043 | -0.003067484662576622 | 0.1196319018404907
Engineering/Construction | 48 | 53896.04900000001 | 60577.89999999999 | -6681.850999999973 | -0.11030179322822307 | -0.2472826086956522 | -0.1923364403798804 | -0.1208852390253786 | -0.006258234519104009 | 0.05276134122287968
Entertainment | 77 | 519487.689 | 582388.75 | -62901.06099999999 | -0.10800528169543108 | -0.3357142857142858 | -0.2500641107834338 | -0.1586014029232719 | -0.008620689655172384 | 0.04580152671755722
Environmental & Waste Services | 56 | 124011.519 | 132527.66 | -8516.141000000003 | -0.06425934782218296 | -0.2062559280795085 | -0.1286291804483647 | -0.05546128235327212 | 0.01655629139072842 | 0.1060606060606061
Farming/Agriculture | 26 | 102497.38 | 113018.04 | -10520.659999999989 | -0.09308832466038156 | -0.1983645476127672 | -0.1575898030127464 | -0.1275447183203539 | -0.03499999999999996 | 0
Financial Svcs. (Non-bank & Insurance) | 230 | 670806.9209999999 | 744246.4 | -73439.47900000017 | -0.09867629725854256 | -0.1918976545842218 | -0.1230902504331391 | -0.06497288944241075 | -0.01384274640088594 | 0.03125
Food Processing | 66 | 382884.6360000001 | 404032.03 | -21147.393999999913 | -0.05234088495409612 | -0.1899231321729297 | -0.1158242612752722 | -0.06779365866073706 | -0.008555885864665252 | 0.02325581395348839
Food Wholesalers | 16 | 49597.34299999999 | 58641.67 | -9044.327000000005 | -0.15423037918258475 | -0.2567800670819357 | -0.2044609665427509 | -0.1340782122905027 | -0.02984126984126989 | 0.06666666666666655
Furn/Home Furnishings | 29 | 30060.029 | 35873.78 | -5813.751 | -0.16206128821663066 | -0.2302519379844961 | -0.1636363636363637 | -0.1318708006152351 | -0.07423580786026199 | -0.006557377049180304
Green & Renewable Energy | 17 | 16583.18899999999 | 17161.28 | -578.0910000000076 | -0.03368577402151866 | -0.2 | -0.1658551082458908 | -0.03279911898567896 | 0.006787157782353343 | 0.2873900293255131
Healthcare Products | 219 | 916887.2629999999 | 1018426.43 | -101539.16700000013 | -0.09970201480336692 | -0.2409667384541756 | -0.1532567049808429 | -0.08871973312470174 | 0 | 0.1806896551724137
Healthcare Support Services | 99 | 767963.919 | 824600.3899999999 | -56636.4709999999 | -0.06868353651882206 | -0.2661083682269858 | -0.1870967741935484 | -0.09264575095308511 | -0.009174311926605505 | 0.1199999999999999
Heathcare Information and Technology | 108 | 435445.93 | 472116.87 | -36670.94 | -0.07767343708772788 | -0.266 | -0.162085871341554 | -0.09223233816384034 | 0.04600521989793928 | 0.1643192488262911
Homebuilding | 27 | 100432.26 | 109301.48 | -8869.220000000001 | -0.08114455540766695 | -0.1700825695427945 | -0.1016317402468318 | -0.07934872017750125 | -0.05070891203703713 | -0.005383273940404908
Hospitals/Healthcare Facilities | 27 | 80250.541 | 91883.34 | -11632.798999999999 | -0.12660400677641886 | -0.3201438848920863 | -0.1867381343477133 | -0.09718482252141983 | -0.04085563370006129 | 0.01300236406619396
Hotel/Gaming | 55 | 219825.356 | 302920.22 | -83094.86399999997 | -0.27431270187245993 | -0.4111876075731497 | -0.3227375932533247 | -0.2314388549426634 | -0.1395348837209301 | -0.05017301038062282
Household Products | 104 | 565774.008 | 597350.79 | -31576.782000000007 | -0.05286137145646029 | -0.4005979073243648 | -0.2302158273381295 | -0.0831353919239905 | -0.03258827649886965 | 0.1162790697674419
Information Services | 67 | 1289253.394 | 1464677.1 | -175423.706 | -0.11976954237899944 | -0.2514932442538765 | -0.1850670838096384 | -0.1109422199732917 | -0.04550633335567313 | 0.02178016004831658
Insurance (General) | 20 | 167833.64 | 188717.24 | -20883.599999999977 | -0.11066079601418491 | -0.3718647764449291 | -0.1637506075123238 | -0.105830424964073 | -0.01017164653528304 | 0.1415929203539823
Insurance (Life) | 25 | 149810.32 | 193521.4 | -43711.07999999999 | -0.22587207409619808 | -0.2938563189609215 | -0.2212525998940664 | -0.1697355557259357 | 0.01824988301357045 | 0.08420712273084194
Insurance (Prop/Cas.) | 50 | 254270.98 | 281765.59 | -27494.610000000015 | -0.0975797293061939 | -0.2016787828824102 | -0.1488404533565824 | -0.0944228274967574 | -0.04107830551989734 | -0.01222493887530562
Investments & Asset Management | 187 | 363824.255 | 422758.15 | -58933.89500000002 | -0.13940333261464036 | -0.2052920626248975 | -0.135070523547693 | -0.022217808628887 | 0 | 0.007324787747627729
Machinery | 100 | 299715.2419999999 | 349180.61 | -49465.368000000075 | -0.1416612680755672 | -0.262564182355687 | -0.1855953101009631 | -0.1231707597234027 | -0.08847703831879974 | -0.01054339010543393
Metals & Mining | 59 | 50074.06200000001 | 57701.07000000001 | -7627.007999999994 | -0.13218139628953143 | -0.3048780487804877 | -0.2432814710042433 | -0.1266227882160309 | 0 | 0.1440677966101694
Office Equipment & Services | 20 | 14151.761 | 16730.92 | -2579.158999999998 | -0.1541552407159916 | -0.2653061224489796 | -0.1782027929568913 | -0.1739151300532374 | -0.03242955874534819 | -0.0098199672667758
Oil/Gas (Integrated) | 4 | 422929.3 | 502119.9 | -79190.60000000003 | -0.15771253041355268 | -0.2416527635756956 | -0.174136976955288 | -0.1483126464581501 | 0.1236559139784945 | 0.1236559139784945
Oil/Gas (Production and Exploration) | 201 | 240882.5989999999 | 301348.8799999999 | -60466.28099999999 | -0.2006520847198769 | -0.4533947065592636 | -0.2979526933015306 | -0.1746517815955127 | -0.06862745098039222 | 0.01984126984126984
Oil/Gas Distribution | 58 | 318023.734 | 369685.03 | -51661.29600000003 | -0.13974408430874258 | -0.3180336773492667 | -0.2368377345955821 | -0.1354601780800228 | -0.06314984709480115 | 0.008103727714748784
Oilfield Svcs/Equip. | 123 | 188974.149 | 252666.99 | -63692.840999999986 | -0.2520821615835135 | -0.3614623000761615 | -0.2855763688760806 | -0.2041622760800843 | -0.09941520467836262 | 0.01907790143084262
Packaging & Container | 22 | 109216.93 | 122340.3 | -13123.37000000001 | -0.10726939528511872 | -0.2107648201239249 | -0.1465968586387435 | -0.1098410099516937 | -0.05563787849134678 | 0.02291722836344028
Paper/Forest Products | 17 | 10496.524 | 12033.82 | -1537.2960000000003 | -0.12774796365576352 | -0.6493688639551192 | -0.1876127480457004 | -0.148873677262224 | -0.04978354978354987 | 0.0106928046335487
Power | 51 | 728095.387 | 761892.3999999999 | -33797.01299999992 | -0.044359299292130915 | -0.135448378999092 | -0.1043280702271187 | -0.07523473592197089 | -0.02060161163385135 | -0.007316597870568885
Precious Metals | 59 | 54765.174 | 48472.47 | 6292.703999999998 | 0.12982016389921944 | -0.3550135501355014 | -0.1935483870967742 | -0.0555334746872749 | 0.05114754098360659 | 0.5520833333333334
Publishing & Newspapers | 21 | 23340.008 | 27708.25 | -4368.241999999998 | -0.15765131323703224 | -0.3429093758161399 | -0.2423683056831029 | -0.1264413536619345 | -0.06092739036664267 | 0
R.E.I.T. | 228 | 1344332.65 | 1445605.7 | -101273.05000000005 | -0.07005579045517049 | -0.2062665343915343 | -0.1168795720056774 | -0.07818789484649219 | -0.03255813953488374 | 0.0007187227270393057
Real Estate (Development) | 16 | 6138.922 | 6963.360000000001 | -824.438000000001 | -0.11839657866317424 | -0.1772151898734178 | -0.1399176954732511 | -0.04876066639577407 | 0.007021891780256163 | 0.05128205128205118
Real Estate (General/Diversified) | 11 | 3482.766 | 3810.8 | -328.0340000000001 | -0.08608008817046292 | -0.8057017543859649 | -0.1673383846525874 | -0.1079012530952202 | -0.05718129835183317 | 0.1794871794871795
Real Estate (Operations & Services) | 45 | 43955.46200000001 | 49626.14999999999 | -5670.68799999998 | -0.11426814290449655 | -0.3338414634146341 | -0.2067025558950483 | -0.1111821443180635 | -0.01083032490974732 | 0.09783631232361248
Recreation | 58 | 61124.64200000001 | 76751.82 | -15627.178 | -0.20360661154354384 | -0.38046875 | -0.2700729927007299 | -0.1670976186640015 | -0.03756447633998655 | 0.02152258982568465
Reinsurance | 2 | 17647.7 | 21533.4 | -3885.7000000000007 | -0.18044990572784605 | -0.2120487168334058 | -0.2120487168334058 | -0.1834053107976553 | -0.1547619047619048 | -0.1547619047619048
Restaurant/Dining | 63 | 353078.8810000001 | 407950.31 | -54871.42899999989 | -0.1345051778487431 | -0.3122054080873233 | -0.2495798319327731 | -0.1718045018022333 | -0.1055979643765903 | -0.01831501831501832
Retail (Automotive) | 23 | 98663.37 | 107708.29 | -9044.919999999998 | -0.08397608020701099 | -0.1961628246279544 | -0.1550561797752809 | -0.130351026071444 | -0.06162464985994405 | -0.02650102019872747
Retail (Building Supply) | 15 | 357552.475 | 387310.5 | -29758.025000000023 | -0.07683247678542157 | -0.3872370912440509 | -0.2660507878975401 | -0.1633425902549862 | -0.04170920844053731 | -0.003724949713178872
Retail (Distributors) | 69 | 129517.371 | 146057.14 | -16539.769000000015 | -0.11324176962523033 | -0.2741474566584111 | -0.211643568221745 | -0.1392355953631273 | -0.05681419143912331 | 0.005624014082896928
Retail (General) | 16 | 603699.3 | 625146.6 | -21447.29999999993 | -0.03430763280164993 | -0.3052713328803029 | -0.2524090767796083 | -0.1220578519560342 | -0.0167106859534326 | -0.003482086269246506
Retail (Grocery and Food) | 10 | 40154.88 | 36003.74 | 4151.139999999999 | 0.11529746631877687 | -0.1156693399136336 | -0.04372097387061975 | 0.01599125943583634 | 0.1108919570458031 | 0.2764857881136952
Retail (Online) | 52 | 1112323.662 | 1242552.38 | -130228.71799999988 | -0.10480742711224769 | -0.4398496240601504 | -0.2944872893459012 | -0.1638795986622073 | -0.02088960922024115 | 0.1634094841956532
Retail (Special Lines) | 75 | 274562.0110000001 | 308028.22 | -33466.20899999986 | -0.10864656816183875 | -0.3258990318118949 | -0.2416929161831229 | -0.1849290664132952 | -0.07462686567164178 | 0
Rubber& Tires | 4 | 3371.681 | 4020.92 | -649.239 | -0.16146528655133652 | -0.1946100828622318 | -0.1362745098039216 | -0.1266205453903926 | -0.101066568591394 | -0.101066568591394
Semiconductor | 64 | 1041130.252 | 1182089.59 | -140959.3380000001 | -0.11924590081196815 | -0.2158328055731475 | -0.153263069063771 | -0.1186957632098934 | -0.06018518518518522 | 0.01237345331833514
Semiconductor Equip | 37 | 174378.26 | 195771.54 | -21393.28 | -0.10927676208707353 | -0.2097941642162407 | -0.1657657657657658 | -0.1450551981762362 | -0.07775377969762426 | -0.01941747572815544
Shipbuilding & Marine | 8 | 5714.65 | 6773.72 | -1059.0700000000006 | -0.15634983435984962 | -0.3072164948453608 | -0.1777582990582788 | -0.1317193270414444 | -0.10336 | 0.07584269662921349
Shoe | 10 | 157415.523 | 181324 | -23908.477000000014 | -0.13185500540469003 | -0.355875918112205 | -0.1705030269304059 | -0.1388156488277631 | -0.04957356076759053 | 0.08333333333333329
Software (Entertainment) | 60 | 1554775.533 | 1795777.65 | -241002.11699999985 | -0.13420487608808354 | -0.3528431190961289 | -0.2507911392405063 | -0.1344603331636364 | -0.01149425287356324 | 0.1430745814307457
Software (Internet) | 21 | 94244.706 | 104273.16 | -10028.453999999998 | -0.09617483540347294 | -0.2994780014914243 | -0.1452512729687845 | -0.1054726621429748 | -0.02137107965584232 | -0.002811621368322372
Software (System & Application) | 297 | 2650444.933999999 | 2956114.53 | -305669.59600000083 | -0.1034024875890045 | -0.322 | -0.1931942277691107 | -0.1097820062811749 | -0.03374484348459111 | 0.05466621253405979
Steel | 27 | 40567.16 | 47036.00000000001 | -6468.840000000004 | -0.1375295518326389 | -0.2608555460017196 | -0.1761702127659575 | -0.1376349224196088 | -0.09002650119578562 | -0.07513316512475474
Telecom (Wireless) | 14 | 122925.639 | 128017.38 | -5091.741000000009 | -0.03977382602268543 | -0.4392121349332126 | -0.1424466201089316 | -0.01629489004904287 | 0.05178233562096255 | 0.0890718562874252
Telecom. Equipment | 67 | 276860.283 | 317243.13 | -40382.84700000001 | -0.12729305438387273 | -0.2583286278938453 | -0.1868300153139356 | -0.09412037398330417 | -0.01517552198866234 | 0.0421994884910486
Telecom. Services | 42 | 549080.847 | 568124.03 | -19043.183000000077 | -0.03351941124546356 | -0.3625377643504532 | -0.1583072100313479 | -0.06617723089649467 | 0.006743088334457181 | 0.152
Tobacco | 11 | 220620.12 | 225648.19 | -5028.070000000007 | -0.02228278454172403 | -0.1706161137440758 | -0.1492869424496814 | -0.03708869320013262 | 0 | 0.1255552957680617
Transportation | 17 | 146872 | 169757.58 | -22885.579999999987 | -0.134813302593027 | -0.9468085106382979 | -0.2772053136799963 | -0.1522084524944392 | -0.1170212765957447 | -0.08062098281208277
Transportation (Railroads) | 6 | 220353.498 | 259277.38 | -38923.88200000001 | -0.15012448058523273 | -0.1624073494295077 | -0.1578261543948773 | -0.1335599979217001 | -0.1129878530870408 | -0.07142857142857145
Trucking | 30 | 126070.037 | 151210.52 | -25140.482999999993 | -0.16626146778676507 | -0.3935060675631354 | -0.1992269286519568 | -0.1571086394294436 | -0.09241735283273939 | -0.06860789788591938
Utility (General) | 15 | 308455.9 | 321980.4 | -13524.5 | -0.04200410956691773 | -0.1325179615965346 | -0.08685590867016353 | -0.05164820499132534 | -0.004726769656444574 | 0.0147358507078293
Utility (Water) | 14 | 46530.53 | 48127.36 | -1596.8300000000017 | -0.03317925604063887 | -0.09736758642562635 | -0.07109388557875866 | -0.0557928059886476 | 0.001385706968636878 | 0.1111577181208052

Sheet: BY US Size classes
Percentage Change in Stock Prices (Individual Stocks)
Size Classes | Number of firms | Mkt Cap (3/6) | Mkt Cap (2/14) | Change in Mkt Cap | % Change | First Decile | First Quartile | Median | Third Quartile | Ninth Decile
Bottom decile | 552 | 1463.33 | 1411.92 | 51.409999999999854 | 0.036411411411411305 | -0.4594202898550724 | -0.2690355329949239 | -0.09982817869415805 | 0.06140350877192988 | 0.3770491803278688
2nd decile | 552 | 5460.852 | 5607.820000000003 | -146.96800000000349 | -0.02620768854920511 | -0.323340471092077 | -0.1942446043165468 | -0.0622203790277988 | 0.01910828025477712 | 0.2173913043478261
3rd decile | 554 | 15696.69 | 16521 | -824.3099999999995 | -0.049894679498819657 | -0.2651162790697674 | -0.1638795986622073 | -0.06524238715181181 | 0 | 0.1228813559322033
4th decile | 552 | 37022.12000000003 | 39784.19999999998 | -2762.079999999951 | -0.06942655627108128 | -0.228544776119403 | -0.1470180305131761 | -0.0722455891947418 | -0.01271676300578028 | 0.04092339979013647
5th decile | 553 | 89160.30000000005 | 95808.99999999985 | -6648.699999999808 | -0.0693953595173712 | -0.2507911392405063 | -0.1687062937062938 | -0.1007667031763418 | -0.0319780721790772 | 0.02569249297470897
6th decile | 553 | 191437.1000000001 | 214410.2999999999 | -22973.199999999808 | -0.10714597199854586 | -0.2652005174644244 | -0.1705607476635514 | -0.1118067978533095 | -0.03476635514018696 | 0.007144820005496078
7th decile | 552 | 439423.3000000001 | 503443.4 | -64020.09999999992 | -0.1271644439076963 | -0.2922009945040566 | -0.200123642144308 | -0.1347211427959714 | -0.05940192600101371 | 0.02673018393542402
8th decile | 553 | 1036346 | 1184948.6 | -148602.6000000001 | -0.12540847763354468 | -0.2574277268400221 | -0.1961628246279544 | -0.1333844804910127 | -0.06789111183994752 | 0.004948481561822095
9th decile | 553 | 2596755.5 | 2981018.799999998 | -384263.29999999795 | -0.12890334673501497 | -0.2567800670819357 | -0.1878161114407617 | -0.1258118701007839 | -0.07054400707651494 | -0.01171411233939268
Top decile | 553 | 27478947.70000001 | 30717159 | -3238211.2999999896 | -0.10542027340484156 | -0.2200270467722631 | -0.1586500666403815 | -0.1048820747551873 | -0.05671272130344934 | -0.01382832813377988

Sheet: BY US PE ratios
PE Classes | Number of firms | Mkt Cap (3/6) | Mkt Cap (2/14) | Change in Mkt Cap | % Change | First Decile | First Quartile | Median | Third Quartile | Ninth Decile
Bottom decile | 273 | 1268013.571 | 1495226.8 | -227213.22900000005 | -0.15195903992625068 | -0.2921700265549612 | -0.2128842009753885 | -0.1228070175438596 | -0.05982905982905987 | 0.007575757575757684
2nd decile | 273 | 1102811.29 | 1327296.08 | -224484.79000000004 | -0.16912940027668885 | -0.2351833979407389 | -0.1642782426778242 | -0.1094570928196147 | -0.04097859327217118 | -0.01122448979591831
3rd decile | 273 | 2044028.5 | 2388867.3 | -344838.7999999998 | -0.14435243012451962 | -0.2339838711836872 | -0.1778656126482213 | -0.1174095124139994 | -0.05679513184584173 | -0.01533219761499158
4th decile | 274 | 1194137.11 | 1405582.92 | -211445.80999999982 | -0.15043282540741162 | -0.2248004729530003 | -0.177354421279655 | -0.1272430648726534 | -0.08116883116883117 | -0.02402309058614567
5th decile | 273 | 2668582.980000001 | 2989383.62 | -320800.6399999992 | -0.10731330627950628 | -0.2034868405297315 | -0.1640119462419115 | -0.1206030150753769 | -0.060700876095119 | -0.01052631578947373
6th decile | 273 | 3432512.909999999 | 3745066.24 | -312553.330000001 | -0.08345735695184953 | -0.2039484033349064 | -0.1564778463264161 | -0.1139193752638245 | -0.06735879986091099 | -0.01217038539553741
7th decile | 274 | 5230861.590000001 | 5772358.189999999 | -541496.5999999978 | -0.09380855833549682 | -0.2147495361781075 | -0.1573724007561436 | -0.098079162337914 | -0.04087652760219139 | 0
8th decile | 273 | 6111128.559999999 | 6832852.819999999 | -721724.2600000007 | -0.10562561188022206 | -0.2442128897602935 | -0.1612107473831588 | -0.1042480961556106 | -0.05408359907674332 | -0.003724949713178872
9th decile | 273 | 3621563.32 | 3954887.589999999 | -333324.2699999991 | -0.08428160406956071 | -0.2320768662232077 | -0.1485421530073479 | -0.08594485127297696 | -0.03312920428827624 | 0.01957975167144219
Top decile | 274 | 2811569.77 | 3093635.99 | -282066.2200000002 | -0.09117627959842818 | -0.2250280977802753 | -0.1600428208216244 | -0.09111682432171266 | -0.02525252525252525 | 0.006736728644570197
Money losers | 3374 | 2420015.459999996 | 2754956.489999999 | -334941.03000000305 | -0.12157761155785193 | -0.3312883435582822 | -0.2078152753108347 | -0.1003421825564648 | 0 | 0.1568497683653211

Sheet: By US Momentum
% Price Change in year before 2/14 | Number of firms | Mkt Cap (3/6) | Mkt Cap (2/14) | Change in Mkt Cap | % Change | First Decile | First Quartile | Median | Third Quartile | Ninth Decile
Bottom decile | 494 | 30377.379 | 29468.50999999999 | 908.8690000000097 | 0.030842041216200274 | -0.2468354430379746 | -0.136467889908257 | -0.01047447553823753 | 0.1601123595505617 | 0.6379310344827587
2nd decile | 495 | 179098.471 | 209603.9 | -30505.429000000004 | -0.14553846087787492 | -0.3635612232849215 | -0.2606299212598424 | -0.1526285216381064 | -0.03911980440097803 | 0.04612159329140452
3rd decile | 495 | 627561.807 | 764214.4200000002 | -136652.61300000013 | -0.17881449161872673 | -0.343978102189781 | -0.2417840375586855 | -0.1460674157303372 | -0.05905224787363308 | 0.0116279069767441
4th decile | 495 | 1631268.757 | 1881336.91 | -250068.15299999993 | -0.1329204522968722 | -0.2938563189609215 | -0.2140475197999166 | -0.1338104671224999 | -0.06093489148580966 | -0.007092198581560258
5th decile | 495 | 1838314.052 | 2185727.84 | -347413.78799999994 | -0.15894649902981514 | -0.2471383975026015 | -0.1826446280991735 | -0.123281555204167 | -0.07185979812705003 | -0.01543739279588334
6th decile | 494 | 2095699.309 | 2330878.820000001 | -235179.51100000134 | -0.10089735638852354 | -0.2554687500000001 | -0.1711860898364729 | -0.1153779186971472 | -0.04863221884498474 | -0.002936857562408057
7th decile | 495 | 4071829.512000001 | 4570814.250000001 | -498984.7379999999 | -0.10916758168416049 | -0.2313323572474378 | -0.1622516556291391 | -0.1028689439607055 | -0.04218106995884775 | -0.007316597870568885
8th decile | 495 | 7845866.674000001 | 8868798.030000001 | -1022931.3560000006 | -0.11534047258036391 | -0.227654506706782 | -0.1679232350925291 | -0.1091110495707561 | -0.05160274993787788 | -0.001100352112676056
9th decile | 495 | 8597382.518999998 | 9464951.32 | -867568.8010000028 | -0.0916612005353666 | -0.2151662670444912 | -0.152111055838826 | -0.08928591007937033 | -0.03118422078428315 | 0.01300236406619396
Top decile | 495 | 4488935.016 | 4932708.53 | -443773.51400000043 | -0.08996548474353104 | -0.2522935779816515 | -0.16398753894081 | -0.07988829918049044 | 0 | 0.1513944223107568

Sheet: By US Sector
Number of firms | Number of firms | Mkt Cap (3/6) | Mkt Cap (2/14) | Change in Mkt Cap | % Change | First Decile | First Quartile | Median | Third Quartile | Ninth Decile
Communication Services | 377 | 3264653.324000003 | 3667557.622000002 | -402904.297999999 | -0.10985629662180638 | -0.3621502672115687 | -0.2176131807246482 | -0.09871326591101603 | 0 | 0.1751412429378531
Consumer Discretionary | 702 | 3289524.211000002 | 3755460.946000002 | -465936.73499999987 | -0.12406912006268528 | -0.343978102189781 | -0.2428018908465836 | -0.1454545454545456 | -0.03499999999999996 | 0.06666666666666674
Consumer Staples | 355 | 2405082.919999999 | 2521162.691999995 | -116079.77199999616 | -0.04604215839316266 | -0.3010492332526232 | -0.1492869424496814 | -0.04722792607802883 | 0.01010101010101007 | 0.2927756653992396
Energy | 501 | 1178250.899 | 1431650.268000002 | -253399.36900000204 | -0.17699809420215307 | -0.3741782803050224 | -0.2568093385214007 | -0.1547536433032617 | 0 | 0.1601123595505617
Financials | 1257 | 3997519.318999999 | 4710046.653999993 | -712527.3349999934 | -0.15127819050261038 | -0.197500679163271 | -0.1470239892245885 | -0.08513341804320207 | -0.02040816326530602 | 0.002649708532061473
Health Care | 1297 | 4323612.094999991 | 4597983.759999983 | -274371.66499999166 | -0.05967216922053519 | -0.266 | -0.1608971233544612 | -0.06797615223592754 | 0.04092339979013647 | 0.2844827586206897
Industrials | 855 | 2887273.363000008 | 3356229.300999999 | -468955.93799999123 | -0.13972702576080376 | -0.312625250501002 | -0.1953956597078967 | -0.1197841797451903 | -0.01054339010543393 | 0.06250000000000006
Information Technology | 965 | 7389551.128000002 | 8309402.184999999 | -919851.0569999963 | -0.11070002829571746 | -0.2841244173879958 | -0.1824104234527688 | -0.1042471042471043 | -0.001937328946154612 | 0.1482720178372352
Materials | 395 | 753867.4489999997 | 844508.8680000001 | -90641.41900000046 | -0.10733033415582847 | -0.3418803418803418 | -0.2113466334164589 | -0.1105276850705936 | 0 | 0.2267657992565056
Real Estate | 276 | 1316428.612 | 1417095.928000002 | -100667.31600000197 | -0.07103775687371944 | -0.2307920205411812 | -0.1387356968673795 | -0.08017296317854543 | -0.02247370121918529 | 0.01716688969604282
Utilities | 108 | 1099669.084999999 | 1149165.827 | -49496.74200000102 | -0.043071888179286255 | -0.1559594797051265 | -0.1043280702271187 | -0.06574827802128992 | -0.01092025399322717 | 0.03225806451612907
