Source: http://www.stern.nyu.edu/~adamodar/pc/blog/IndustryProfits2020.xlsx

Sheet: Main Data
count | median(ROIC - Cost of Capital) | [ROIC - Cost of Capital < -5.00%] | [ROIC - Cost of Capital < -2.00%] | [ROIC - Cost of Capital > 2.00%] | [ROIC - Cost of Capital > 5.00%] | sum(Trailing Net Income) | sum(Trailing Operating Income (adj for leases)) | sum(Trailing Revenues) | sum(Total Debt incl leases (in US $)) | sum(Book Value of Equity - 4 qtrs ago) | sum(Invested Capital - 4 qtre ago) | median(Normalized ROIC) | sum(EV/EBITDAR&D) | sum(EBITDAR&D) | sum(EBITDA) | sum(Trailing EBITDA (adj for leases)) | mean(Effective Tax Rate) | q1(Historical growth in Revenues - Last 3 years) | median(Historical growth in Revenues - Last 3 years) | q3(Historical growth in Revenues - Last 3 years) | median(Expected growth rate in EPS- Next 5 years) | q1(Historical growth in Net Income - Last 3 years) | median(Historical growth in Net Income - Last 3 years) | q3(Historical growth in Net Income - Last 3 years) | q1(Historical growth in Net Income - Last 5 years) | median(Historical growth in Net Income - Last 5 years) | q3(Historical growth in Net Income - Last 5 years) | q1(Historical growth in Revenues - Last 5 years) | median(Historical growth in Revenues - Last 5 years) | q3(Historical growth in Revenues - Last 5 years) | q1(Return on Capital (ROC or ROIC)) | median(Return on Capital (ROC or ROIC)) | q3(Return on Capital (ROC or ROIC))
Industry Group | FALSE | TRUE | FALSE | TRUE | FALSE | TRUE | FALSE | TRUE
Advertising | 312 | 0.03376729517542965 | 155 | 80 | 144 | 91 | 112 | 123 | 130 | 105 | 5678.112000000001 | 13181.48556566917 | 145135.9180000001 | 90560.05617165417 | 77491.44200000002 | 53095.39317165418 | 0.1460532931121166 | 5040.357799677053 | 18678.081 | 18053.62600000001 | 21335.323 | 0.1625162113572115 | -0.0222 | 0.05234999999999999 | 0.169 | 0.096 | -0.0576 | 0.1175 | 0.288 | -0.0906 | 0.04505 | 0.17 | -0.0156 | 0.0598 | 0.172 | -0.0281238606330003 | 0.1103500413845241 | 0.3035290019471587
Aerospace/Defense | 238 | 0.01676179419680272 | 138 | 55 | 121 | 72 | 99 | 94 | 122 | 71 | 43173.564 | 69808.10185311642 | 725328.5369999999 | 301430.288734418 | 195933.424 | 198066.8037344181 | 0.100883475608734 | 4177.346429194659 | 122010.198 | 90162.23499999997 | 98011.33799999997 | 0.1135587674647699 | 0.0114 | 0.06975 | 0.144 | 0.119 | -0.009340000000000001 | 0.109 | 0.187 | -0.009439999999999999 | 0.09575 | 0.21 | 0.0206 | 0.0601 | 0.139 | 0.01778505182760502 | 0.0980379124419275 | 0.192728309381117
Air Transport | 159 | 0.004852582443273794 | 109 | 34 | 90 | 53 | 79 | 64 | 101 | 42 | 31952.41200000001 | 52317.22144199468 | 670330.2840000002 | 602607.6627900267 | 272154.0359999998 | 660099.9867900263 | 0.08286188297530872 | 4780.393399882656 | 103369.216 | 102907.106 | 133905.7320000001 | 0.1607994844267989 | 0.038 | 0.07064999999999999 | 0.125 | 0.1 | -0.08470000000000001 | 0.03975000000000001 | 0.159 | 0.00713 | 0.149 | 0.213 | 0.027 | 0.0595 | 0.108 | 0.008485618900286587 | 0.06363623766209328 | 0.1119734671210389
Apparel | 1161 | -0.02596727659180852 | 628 | 387 | 474 | 541 | 720 | 295 | 815 | 200 | 35031.88099999998 | 69007.73566502516 | 584008.5579999994 | 306721.1016748741 | 295364.9639999996 | 383872.3496748743 | 0.06442840986362883 | 18949.51815608014 | 87710.20999999993 | 84302.737 | 102551.435 | 0.1471966318820909 | -0.0435 | 0.0338 | 0.13 | 0.147 | -0.134 | 0.05785 | 0.269 | -0.09119999999999999 | 0.0676 | 0.216 | -0.0504 | 0.0174 | 0.08779999999999999 | -0.005473085021168447 | 0.04451373121446775 | 0.1001555209953344
Auto & Truck | 134 | -0.03881555901736977 | 64 | 57 | 46 | 75 | 86 | 35 | 92 | 29 | 81058.049 | 105554.5249847077 | 2191929.54 | 1219906.037076461 | 948514.487 | 1809773.463076461 | 0.06193665009349274 | 1418.73964486494 | 292412.318 | 201695.5910000001 | 195411.722 | 0.1357179244622655 | -0.0505 | 0.03795 | 0.107 | 0.09 | -0.157 | 0.011 | 0.159 | -0.0933 | 0.0134 | 0.16 | -0.0209 | 0.0414 | 0.118 | -0.0745814307458143 | 0.03200137210502067 | 0.1300849515050241
Auto Parts | 682 | -0.02994834519558133 | 397 | 241 | 273 | 365 | 465 | 173 | 524 | 114 | 26912.51500000002 | 48234.29923737494 | 895530.4720000002 | 215179.2268131252 | 386745.1 | 446665.5528131255 | 0.08911250208561292 | 9462.873025523666 | 127776.4529999999 | 92628.17799999987 | 91619.08799999997 | 0.1744893042492342 | -0.0086 | 0.0426 | 0.103 | 0.1 | -0.123 | 0.0166 | 0.17 | -0.07980000000000001 | 0.039 | 0.151 | 0.00521 | 0.0403 | 0.0911 | 0.01448717618946803 | 0.05220122010184824 | 0.1107663501239662
Beverage (Alcoholic) | 216 | 0.0009182456862329783 | 136 | 54 | 112 | 78 | 106 | 84 | 127 | 63 | 44061.46900000001 | 72876.41779151603 | 337075.155 | 274484.99004242 | 286071.541 | 449403.6030424198 | 0.1130413489120548 | 3533.60768706103 | 90320.02899999997 | 88932.189 | 92170.299 | 0.1764016531539689 | 0.00937 | 0.0508 | 0.121 | 0.11 | -0.0254 | 0.07575 | 0.233 | -0.0103 | 0.0564 | 0.154 | 0.00836 | 0.04405 | 0.114 | 0.01018432526877489 | 0.07258374076307872 | 0.1955704631919097
Beverage (Soft) | 94 | 0.0297254659907675 | 49 | 18 | 43 | 24 | 32 | 35 | 39 | 28 | 25916.672 | 31830.25086455115 | 196631.854 | 125859.1086772443 | 96733.954 | 137877.3046772443 | 0.1072621707060304 | 1459.621636508207 | 38449.56900000002 | 37602.13300000001 | 40652.17600000001 | 0.1073907472089848 | -0.0103 | 0.0329 | 0.141 | 0.1108 | -0.0901 | 0.0305 | 0.214 | 0.00065 | 0.09595000000000001 | 0.2 | -0.00559 | 0.04225 | 0.126 | 0.009752662594156842 | 0.09780611436717884 | 0.1630173040436413
Broadcasting | 138 | 0.008157992254825115 | 96 | 28 | 78 | 46 | 65 | 59 | 76 | 48 | 24530.46 | 22882.78653490014 | 133531.548 | 115419.0033254993 | 77241.01900000001 | 116543.9443254993 | 0.1050124250607709 | 3018.347112630545 | 29216.698 | 29143.41499999999 | 31615.532 | 0.1709174400156804 | -0.0177 | 0.013 | 0.0585 | 0.028 | -0.151 | -0.01975 | 0.1 | -0.0537 | 0.02 | 0.131 | -0.0139 | 0.0197 | 0.0833 | 0.01748129092609916 | 0.06974846896370304 | 0.1749733845457666
Brokerage & Investment Banking | 559 | -0.04650078947329802 | 287 | 192 | 69 | 410 | 429 | 50 | 441 | 38 | 49929.42699999997 | 3389.388673565802 | 344278.2400000002 | 1931413.606632172 | 554736.2349999999 | 1964350.802632171 | 0.008400809716599188 | 574379.7532829249 | 3930.604 | 3377.854000000001 | 7516.026 | 0.1425009755763732 | -0.08529999999999999 | 0.0405 | 0.161 | 0.095 | -0.174 | 0.0534 | 0.253 | -0.09820000000000001 | 0.0552 | 0.187 | -0.04559999999999999 | 0.055 | 0.155 | 0 | 0 | 0.005901147657049497
Building Materials | 426 | 0.006878550178610544 | 287 | 107 | 237 | 157 | 225 | 169 | 268 | 126 | 18723.74300000001 | 29543.20388024277 | 359615.5299999998 | 130977.7955987861 | 184200.811 | 208796.6345987861 | 0.08881901521551122 | 6816.900338082969 | 48052.771 | 42757.81400000002 | 46186.14400000001 | 0.1881642205222173 | -0.00466 | 0.04755 | 0.12 | 0.131 | -0.122 | 0.0482 | 0.193 | -0.04969999999999999 | 0.0517 | 0.184 | -0.00409 | 0.03725000000000001 | 0.09119999999999999 | 0.01612851876093357 | 0.0775416663494263 | 0.1432524236229539
Business & Consumer Services | 868 | 0.05405188719416049 | 517 | 190 | 477 | 230 | 306 | 401 | 350 | 357 | 28011.333 | 48619.14835558711 | 545350.020000001 | 230771.7092220644 | 197527.7010000001 | 208969.4682220642 | 0.1437894688430737 | 19649.46726751787 | 66028.74300000003 | 64128.23400000004 | 106548.232 | 0.1726273071980028 | 0.00795 | 0.07225000000000001 | 0.156 | 0.131 | -0.0338 | 0.125 | 0.283 | 0.00021 | 0.101 | 0.228 | 0.00173 | 0.05860000000000001 | 0.136 | 0.01524982489233931 | 0.122950163986881 | 0.3027075751306713
Cable TV | 61 | -0.001646435139740408 | 39 | 15 | 31 | 23 | 31 | 23 | 36 | 18 | 33986.23899999999 | 43807.97763886728 | 262435.573 | 380578.5458056635 | 177744.81 | 345964.1198056635 | 0.1086747645224469 | 490.2285974382846 | 83167.689 | 82765.091 | 87762.00900000002 | 0.1436926821404594 | -0.0476 | 0.00642 | 0.0573 | 0.1215 | -0.157 | -0.04 | 0.107 | -0.0342 | 0.05465 | 0.173 | -0.0264 | 0.0124 | 0.0863 | 0.01756715951686797 | 0.06305971181968933 | 0.1511967329868633
Chemical (Basic) | 793 | -0.005451572814141034 | 542 | 187 | 425 | 304 | 452 | 277 | 544 | 185 | 36622.67499999998 | 57193.26098082087 | 719383.2339999997 | 286824.1540958956 | 450345.5739999998 | 584236.7550958951 | 0.0763394053659393 | 9205.499689539982 | 120856.7690000001 | 110701.53 | 95251.67700000003 | 0.1645181208144411 | 0.0206 | 0.08529999999999999 | 0.177 | 0.115 | -0.106 | 0.0644 | 0.294 | -0.0369 | 0.08245 | 0.236 | -0.0107 | 0.0353 | 0.108 | 0.02652512089385322 | 0.0700110205100832 | 0.1302889874619833
Chemical (Diversified) | 73 | 0.005704644308139328 | 57 | 10 | 45 | 22 | 38 | 29 | 47 | 20 | 19407.17 | 21984.17367667651 | 258879.36 | 109488.2306166175 | 155067.55 | 216256.2416166174 | 0.08773939917802581 | 559.6083974653045 | 48701.35099999998 | 40764.2 | 38066.677 | 0.1887568818456606 | 0.0185 | 0.03809999999999999 | 0.095 | 0.0335 | -0.0432 | 0.135 | 0.282 | 0.0382 | 0.135 | 0.279 | -0.0015 | 0.02005 | 0.047 | 0.04412245470370282 | 0.08736719945163367 | 0.1400443249832229
Chemical (Specialty) | 829 | -0.005057857412592778 | 510 | 227 | 422 | 315 | 448 | 289 | 524 | 213 | 58875.69500000004 | 83433.62119215357 | 774243.6690000002 | 349023.6010392323 | 537862.3970000002 | 607011.916039231 | 0.09565080033698399 | 11807.90261284011 | 151286.866 | 133211.5469999998 | 133971.9259999999 | 0.1585296143611569 | 0.00892 | 0.066 | 0.178 | 0.114 | -0.0689 | 0.08310000000000001 | 0.284 | -0.0246 | 0.08664999999999999 | 0.201 | -0.009300000000000001 | 0.0428 | 0.122 | 0.01388888888888889 | 0.07658279555385662 | 0.1466157495417019
Coal & Related Energy | 224 | -0.09098903743965643 | 76 | 110 | 60 | 126 | 138 | 48 | 146 | 40 | 21594.677 | 34871.37496152549 | 209142.782 | 99678.04819237265 | 165404.2059999999 | 210861.8381923726 | 0.03770087789130747 | 954.0147521929852 | 55085.853 | 54270.407 | 50745.872 | 0.09956022983167348 | 0.0301 | 0.183 | 0.345 | 0.032 | 0.116 | 0.359 | 0.813 | -0.0546 | 0.12 | 0.299 | -0.0418 | 0.052 | 0.144 | -0.1492650401575996 | 0.01343980599278991 | 0.1210772184001457
Computer Services | 969 | 0.02790176189162422 | 593 | 232 | 531 | 294 | 393 | 432 | 448 | 377 | 48131.81899999997 | 72793.37618894299 | 1003784.448000001 | 256580.1410552851 | 293622.015 | 267713.134055285 | 0.09869839023381581 | 12470.2053297217 | 104670.9249999999 | 91508.60399999993 | 102053.271 | 0.1720908829062652 | 0.00445 | 0.0676 | 0.144 | 0.116 | -0.00863 | 0.134 | 0.279 | -0.00196 | 0.109 | 0.231 | -0.00183 | 0.0558 | 0.125 | 0.01494728892316955 | 0.1047506936413442 | 0.275290215588723
Computers/Peripherals | 332 | -0.0543619304472261 | 140 | 144 | 113 | 171 | 204 | 80 | 217 | 67 | 97820.74300000005 | 121561.9294729234 | 1212738.575 | 351466.1856353832 | 538172.9020000001 | 612599.6506353836 | 0.07109488554972729 | 10567.60399716137 | 273813.0699999998 | 208943.6100000001 | 186291.543 | 0.1250460398264842 | -0.06509999999999999 | 0.02175 | 0.101 | 0.1165 | -0.0622 | 0.0692 | 0.194 | -0.0755 | 0.0568 | 0.151 | -0.0649 | 0.0102 | 0.09759999999999999 | -0.03623789764868603 | 0.04417269705321344 | 0.1393078698407687
Construction Supplies | 747 | -0.01878967846704635 | 445 | 239 | 344 | 340 | 457 | 227 | 523 | 161 | 66221.64100000002 | 108893.851828652 | 1039222.15 | 492332.3278567403 | 550469.392 | 753359.3428567413 | 0.08274116644286136 | 13507.82165109969 | 167074.949 | 147879.7040000001 | 157079.316 | 0.1539054245748709 | -0.0222 | 0.05575 | 0.146 | 0.121 | -0.147 | 0.06195 | 0.309 | -0.09849999999999999 | 0.04869999999999999 | 0.21 | -0.0183 | 0.04189999999999999 | 0.104 | 0.01252037984402291 | 0.06465104399463635 | 0.122058898865417
Diversified | 319 | -0.02176342945100986 | 192 | 93 | 138 | 147 | 210 | 75 | 237 | 48 | 99211.47300000001 | 184954.8530817902 | 1627216.165000001 | 1168134.784591048 | 1203790.434 | 1728582.978591049 | 0.05963356322071001 | 10265.71977097836 | 237621.628 | 212246.5819999999 | 262698.6540000001 | 0.1498171065434469 | -0.00028 | 0.0685 | 0.154 | 0.09425 | -0.126 | 0.03995 | 0.221 | -0.0916 | 0.0192 | 0.141 | -0.0278 | 0.0405 | 0.119 | 0.009408827484138182 | 0.04380109848558554 | 0.09014710400442455
Drugs (Biotechnology) | 1024 | -0.8191636556384582 | 105 | 612 | 86 | 631 | 644 | 73 | 658 | 59 | -3606.107000000017 | 15283.48625973514 | 173041.662 | 160944.6847013241 | 174501.5909999998 | 194663.653701324 | -0.2071241252447019 | 67884.22402924261 | 102943.2530000001 | 30732.89199999999 | 28521.89600000004 | 0.02015007450355437 | -0.0892 | 0.132 | 0.466 | 0.126 | -0.0457 | 0.10105 | 0.306 | -0.0259 | 0.148 | 0.308 | -0.0323 | 0.1245 | 0.337 | -2.637156667736903 | -0.7149243669009278 | -0.1337559582012638
Drugs (Pharmaceutical) | 1263 | -0.0614962335048203 | 474 | 553 | 391 | 636 | 736 | 291 | 799 | 228 | 104775.774 | 176058.5920378206 | 970887.8720000006 | 650938.1388108972 | 950319.9840000006 | 952495.7578108975 | 0.09415446143868561 | 49826.39578279517 | 380958.8090000002 | 243057.8040000001 | 259268.6509999999 | 0.1003813237663606 | 0.0214 | 0.08915000000000001 | 0.206 | 0.15 | -0.0576 | 0.09575 | 0.244 | -0.0301 | 0.09820000000000001 | 0.213 | 0.0235 | 0.08635000000000001 | 0.174 | -0.3838548565511618 | 0.0278180142589797 | 0.1334560977651293
Education | 211 | 0.01948940619386957 | 124 | 53 | 106 | 71 | 90 | 87 | 105 | 72 | 4017.155 | 4582.55377437989 | 40998.662 | 30325.73112810056 | 34159.837 | 34861.98812810054 | 0.1271061232972473 | 3205.936307294257 | 6728.382999999995 | 6316.463 | 8276.610999999999 | 0.1342247590715921 | -0.0105 | 0.04940000000000001 | 0.168 | 0.158 | -0.0732 | 0.121 | 0.267 | -0.0959 | 0.03705 | 0.192 | -0.0152 | 0.047 | 0.123 | 0.009870223495500872 | 0.09841210635690306 | 0.2089907440056374
Electrical Equipment | 902 | -0.03710029703924504 | 431 | 338 | 335 | 434 | 553 | 216 | 609 | 160 | 23683.66200000001 | 58668.00036192439 | 603985.2339999997 | 250589.2621903783 | 353674.307 | 397863.6391903782 | 0.07509314601705103 | 17252.56400030305 | 85044.478 | 64998.19499999999 | 91233.10900000008 | 0.1281254302192484 | -0.0137 | 0.0554 | 0.161 | 0.109 | -0.118 | 0.06645000000000001 | 0.233 | -0.04969999999999999 | 0.047 | 0.167 | -0.0172 | 0.0418 | 0.13 | -0.009842920103966552 | 0.05062210982517616 | 0.1222381635581062
Electronics (Consumer & Office) | 142 | -0.06852375185761278 | 51 | 71 | 44 | 78 | 94 | 28 | 98 | 24 | 13651.038 | 16299.73566494976 | 325059.106 | 81322.97967525119 | 103943.857 | 125194.3236752512 | 0.04018692840647095 | 6037.838147320116 | 44575.70599999998 | 26689.61700000001 | 29100.905 | 0.10601193987062 | -0.0759 | 0.03154999999999999 | 0.14 | 0.19 | -0.0537 | 0.156 | 0.423 | -0.0152 | 0.0771 | 0.194 | -0.05309999999999999 | 0.0152 | 0.09480000000000001 | -0.07443599938309843 | 0.01958571246484116 | 0.1105123716884985
Electronics (General) | 1345 | -0.0448103865578986 | 643 | 580 | 501 | 722 | 865 | 358 | 946 | 277 | 43188.81999999997 | 64162.58860691966 | 1042750.575 | 255767.1019654022 | 546358.782 | 551929.0659654026 | 0.06800875300428183 | 45881.19112540437 | 154190.3759999998 | 113607.169 | 110279.077 | 0.134424663542996 | -0.0177 | 0.05400000000000001 | 0.14 | 0.126 | -0.0805 | 0.08895 | 0.303 | -0.0698 | 0.066 | 0.196 | -0.0242 | 0.03510000000000001 | 0.115 | -0.02042145859687098 | 0.05292610970643271 | 0.1374617014406501
Engineering/Construction | 1208 | 0.003201347319925371 | 737 | 292 | 611 | 418 | 585 | 444 | 679 | 350 | 52893.59499999995 | 99552.90735228953 | 1843621.741999999 | 693297.7232385522 | 552567.3080000003 | 836723.2112385524 | 0.0824508168216965 | 21083.28646438751 | 146922.6359999999 | 128704.525 | 138063.3969999999 | 0.1775554790656222 | -0.0271 | 0.0503 | 0.133 | 0.1205 | -0.116 | 0.0687 | 0.256 | -0.0634 | 0.0837 | 0.216 | -0.0177 | 0.0395 | 0.101 | 0.01477762734527617 | 0.07149848865188949 | 0.1635846339198991
Entertainment | 660 | -0.07925590797489455 | 221 | 296 | 187 | 330 | 361 | 156 | 392 | 125 | 20448.78600000001 | 30298.78704858383 | 269311.385 | 182763.3427570807 | 224541.602 | 187711.5187570806 | 0.03143965532345732 | 15001.29451207924 | 54378.75300000001 | 44099.82100000003 | 49948.081 | 0.09404780117436137 | -0.0616 | 0.061 | 0.207 | 0.141 | -0.108 | 0.09675 | 0.33 | -0.0861 | 0.0905 | 0.303 | -0.0329 | 0.0698 | 0.185 | -0.1660714285714286 | 0.01125277487407244 | 0.1356065573770492
Environmental & Waste Services | 325 | -0.01876425650565375 | 164 | 88 | 128 | 124 | 162 | 90 | 182 | 70 | 5949.171000000001 | 13900.15647070162 | 130320.565 | 92323.41164649186 | 77056.55099999999 | 94697.45664649192 | 0.06772169548243168 | 4757.562264675797 | 21863.99899999999 | 21358.17599999999 | 23027.24500000001 | 0.1340778842560811 | 0.00445 | 0.0783 | 0.23 | 0.145 | -0.0741 | 0.125 | 0.344 | -0.04219999999999999 | 0.08695 | 0.238 | 0.004699999999999999 | 0.064 | 0.16 | -0.01872805306281701 | 0.05879045720475941 | 0.1396198227759662
Farming/Agriculture | 406 | -0.0375459292780103 | 203 | 147 | 138 | 212 | 268 | 82 | 289 | 61 | 11057.998 | 19257.26833121695 | 404653.0620000001 | 190099.7843439154 | 163899.543 | 300965.5503439154 | 0.06862326121694966 | 8083.549746713781 | 39370.523 | 34216.38799999999 | 32715.839 | 0.1231257520312976 | -0.0347 | 0.03605 | 0.131 | 0.12 | -0.254 | -0.0104 | 0.163 | -0.169 | -0.01095 | 0.119 | -0.0379 | 0.0126 | 0.07629999999999999 | -0.02515780806879517 | 0.02123626705600604 | 0.07948042765368062
Food Processing | 1262 | -0.0002660496582909885 | 791 | 298 | 637 | 452 | 653 | 436 | 782 | 307 | 48643.05100000001 | 108375.2517424898 | 1267531.888000002 | 493877.7902875501 | 612569.5300000003 | 742396.8502875512 | 0.08786096616092026 | 20450.45246095581 | 153964.5670000002 | 146463.1100000001 | 156839.8359999999 | 0.1597884182365533 | -0.00527 | 0.0432 | 0.111 | 0.102 | -0.106 | 0.0399 | 0.186 | -0.0296 | 0.07135 | 0.174 | -0.00299 | 0.0404 | 0.1 | 0.01273432948282789 | 0.06217640539069597 | 0.1263903812273938
Food Wholesalers | 151 | -0.009384471148712104 | 102 | 35 | 77 | 60 | 90 | 47 | 99 | 38 | 3372.503000000001 | 8373.66059939915 | 337361.365 | 73946.12100300426 | 36950.839 | 64699.82400300424 | 0.05417395926761961 | 3247.557417596347 | 11613.936 | 11589.129 | 14078.141 | 0.1745891613062479 | -0.009649999999999999 | 0.03425 | 0.107 | 0.0989 | -0.111 | 0.0471 | 0.368 | -0.0339 | 0.0431 | 0.13 | -0.011 | 0.0235 | 0.09050000000000001 | 0.003493138093574772 | 0.04141869965606356 | 0.1126645409046872
Furn/Home Furnishings | 328 | -0.0005084025057715061 | 202 | 92 | 169 | 125 | 168 | 126 | 195 | 99 | 15752.47 | 22892.81075286438 | 298751.3769999999 | 79352.88223567815 | 110455.372 | 103801.1382356782 | 0.1019793644630003 | 5267.426539755231 | 36113.27699999999 | 29383.46700000001 | 31495.65599999999 | 0.1635503720587892 | -0.0192 | 0.04955 | 0.141 | 0.14 | -0.0934 | 0.05015 | 0.193 | -0.0389 | 0.08 | 0.194 | -0.00617 | 0.04745 | 0.111 | 0.01584948688711516 | 0.0826472298391346 | 0.1814312096963169
Green & Renewable Energy | 213 | -0.01170093723522918 | 126 | 38 | 98 | 66 | 120 | 44 | 139 | 25 | 10171.859 | 18029.96969423069 | 51742.68200000002 | 158279.3605288466 | 97515.54999999997 | 223953.2905288466 | 0.05554571690228687 | 3678.688348372036 | 28775.20999999999 | 28677.11899999998 | 29918.35899999999 | 0.116135233600536 | 0.00959 | 0.1125 | 0.276 | 0.186 | -0.00223 | 0.142 | 0.452 | 0.0351 | 0.152 | 0.307 | -0.00055 | 0.08554999999999999 | 0.306 | 0.01614785936192192 | 0.0504629708837159 | 0.08857497972200765
Healthcare Products | 739 | -0.06078049776090686 | 273 | 308 | 239 | 342 | 384 | 197 | 411 | 170 | 34407.94499999999 | 54938.02408208773 | 365524.3069999998 | 216466.8495895613 | 354905.444 | 292739.2235895614 | 0.09389555035946133 | 20097.77018882013 | 106087.7460000001 | 76658.476 | 81787.70000000003 | 0.0774492324422598 | 0.00731 | 0.08065 | 0.197 | 0.144 | -0.0285 | 0.0973 | 0.229 | 0.00797 | 0.108 | 0.2 | 0.0182 | 0.08515 | 0.17 | -0.6183101181786902 | 0.02127743409905827 | 0.1497094428502371
Healthcare Support Services | 402 | 0.03415748785365551 | 234 | 97 | 212 | 119 | 155 | 176 | 181 | 150 | 38539.694 | 85947.5022476725 | 1950473.291999999 | 438559.1077616373 | 314015.5459999999 | 263096.0907616377 | 0.1147046266348429 | 5886.595718555231 | 98048.226 | 96210.064 | 119594.351 | 0.1506843540656906 | 0.0192 | 0.0779 | 0.167 | 0.14 | -0.0476 | 0.09 | 0.27 | 0.007980000000000001 | 0.107 | 0.248 | 0.0445 | 0.0888 | 0.163 | 0 | 0.1031244789169783 | 0.2088656479038335
Heathcare Information and Technology | 389 | -0.1046083110108398 | 126 | 159 | 119 | 166 | 185 | 100 | 204 | 81 | 11320.43700000001 | 16718.86596823721 | 134460.1169999999 | 85085.74115881382 | 111153.8339999999 | 100842.6901588139 | 0.05862950968772374 | 15474.40689508336 | 31729.594 | 24290.83099999998 | 27095.508 | 0.07797312388263422 | 0.0228 | 0.115 | 0.291 | 0.1435 | -0.00498 | 0.16 | 0.405 | 0.0597 | 0.146 | 0.254 | 0.0242 | 0.09860000000000001 | 0.239 | -0.6773479166425469 | -0.01294876966518758 | 0.1561749958657706
Homebuilding | 167 | 0.03071573675731054 | 131 | 25 | 116 | 40 | 72 | 84 | 90 | 66 | 19775.18899999999 | 25618.85083435854 | 256702.036 | 99603.09182820727 | 133928.3659999999 | 188294.4298282072 | 0.09503945336275256 | 2645.590438435449 | 29313.88200000001 | 28828.99100000001 | 31362.104 | 0.2205593297312432 | 0.022 | 0.0862 | 0.171 | 0.109 | 0.0127 | 0.134 | 0.284 | 0.0544 | 0.1385 | 0.249 | 0.00364 | 0.08960000000000001 | 0.16 | 0.04302272898050614 | 0.08977661482210017 | 0.1566829935755984
Hospitals/Healthcare Facilities | 206 | 0.002012904653464709 | 144 | 45 | 115 | 74 | 111 | 78 | 128 | 61 | 7280.367999999997 | 18394.55374395936 | 197122.2769999999 | 200446.8642802032 | 56550.31599999998 | 161837.9252802032 | 0.09373038229376256 | 4129.503108718487 | 29360.35399999999 | 29275.75899999999 | 34877.51500000001 | 0.163633058408456 | 0.0295 | 0.0801 | 0.156 | 0.1285 | -0.0544 | 0.0542 | 0.178 | -0.0428 | 0.0741 | 0.173 | 0.0333 | 0.0745 | 0.143 | 0.006623178986293558 | 0.05679694059377854 | 0.1573116855059554
Hotel/Gaming | 639 | -0.03567760452697173 | 332 | 228 | 237 | 323 | 389 | 171 | 438 | 122 | 32754.738 | 47886.00751771255 | 359468.4020000004 | 401809.3254114374 | 286218.5619999999 | 464308.0554114372 | 0.05053995892361633 | 21049.07814595504 | 78211.39200000007 | 76601.94100000005 | 85876.32900000006 | 0.1409812493939444 | -0.0189 | 0.0458 | 0.133 | 0.111 | -0.131 | 0.0414 | 0.208 | -0.116 | 0.04019999999999999 | 0.194 | -0.0205 | 0.03815 | 0.128 | -0.005626844163864681 | 0.03410597320479356 | 0.09824196054632804
Household Products | 536 | -0.01774120310205319 | 256 | 166 | 214 | 208 | 259 | 163 | 282 | 140 | 36944.38299999998 | 74614.9530071758 | 451988.3960000002 | 200162.4289641212 | 226621.9350000002 | 257429.0279641211 | 0.1012074286833977 | 8992.923284993492 | 97462.26400000001 | 88784.12 | 94357.23500000002 | 0.1343852941119821 | -0.0149 | 0.04395 | 0.135 | 0.11 | -0.09880000000000001 | 0.05735 | 0.207 | -0.0496 | 0.079 | 0.208 | -0.0149 | 0.0498 | 0.106 | -0.02126646119361166 | 0.06520928481152655 | 0.1860964504949374
Information Services | 215 | 0.04845693541026381 | 117 | 53 | 110 | 60 | 77 | 93 | 85 | 85 | 34659.184 | 51026.52008700524 | 200592.0919999999 | 182072.4205649739 | 126817.531 | 108323.4155649739 | 0.1648789491080159 | 3794.482001248171 | 62285.77600000002 | 57643.08200000001 | 62703.98499999999 | 0.1289350235988707 | 0.0223 | 0.09050000000000001 | 0.189 | 0.13 | -0.0337 | 0.111 | 0.219 | 0.0031 | 0.09444999999999999 | 0.194 | 0.0262 | 0.0892 | 0.176 | -0.01293697569071945 | 0.130256042454633 | 0.3963334325303191
Investments & Asset Management | 1066 | -0.04916050042689193 | 394 | 385 | 312 | 467 | 536 | 243 | 569 | 210 | 46084.14300000009 | 52566.56776090355 | 288018.3080000001 | 762026.3911954823 | 449711.1530000001 | 921059.3291954831 | 0.04092212379826246 | 16946.21552016756 | 53613.26000000005 | 52821.86200000004 | 63073.36399999998 | 0.07489222923901273 | -0.06849999999999999 | 0.0562 | 0.234 | 0.1 | -0.11 | 0.07665 | 0.256 | -0.0705 | 0.0735 | 0.21 | -0.0812 | 0.0505 | 0.157 | -0.0757543343476694 | 0.004138081237068496 | 0.1144827586206897
Machinery | 1332 | -0.007422930439164574 | 828 | 395 | 666 | 557 | 761 | 462 | 878 | 345 | 45955.6370000001 | 75490.54632825784 | 786450.2100000005 | 271258.5443587108 | 444854.8779999999 | 466638.678358711 | 0.08973967463645374 | 26651.65018683736 | 122217.9679999999 | 102760.0729999999 | 108834.868 | 0.1742282153633771 | 0.0136 | 0.0653 | 0.146 | 0.11 | -0.0455 | 0.1005 | 0.272 | -0.0381 | 0.0585 | 0.178 | -0.0037 | 0.04414999999999999 | 0.0975 | 0.01825514995836967 | 0.07868042309693082 | 0.1491578029356075
Metals & Mining | 1529 | -0.2205443176108998 | 227 | 1003 | 157 | 1073 | 1139 | 91 | 1165 | 65 | 39621.69400000003 | 78999.53358235968 | 874989.355 | 377470.9900882009 | 524114.1729999995 | 743103.6930882018 | -0.1556708585998702 | 14249.52143643986 | 150786.8500000001 | 147390.1020000001 | 135486.522 | 0.04333045730728437 | -0.0254 | 0.0901 | 0.276 | 0.0978 | -0.08779999999999999 | 0.1515 | 0.487 | -0.0946 | 0.0476 | 0.198 | -0.04969999999999999 | 0.0411 | 0.157 | -0.6346153846153846 | -0.1378044800874356 | -0.001797550836984609
Office Equipment & Services | 146 | -0.007190383425402777 | 92 | 39 | 74 | 57 | 85 | 46 | 94 | 37 | 2014.968000000001 | 3872.62120735803 | 52102.69099999998 | 15716.04896320985 | 21927.93 | 22566.36596320985 | 0.07928912006935412 | 1605.782529273695 | 6190.664999999999 | 5370.227000000001 | 5861.194 | 0.1649839370239732 | -0.00148 | 0.0334 | 0.0834 | 0.1 | -0.111 | -0.0084 | 0.161 | -0.0473 | 0.07719999999999999 | 0.185 | -0.0138 | 0.0311 | 0.0726 | 0.01003434172481483 | 0.06606403444695831 | 0.1618421119885846
Oil/Gas (Integrated) | 49 | -0.03274845260902104 | 30 | 18 | 20 | 28 | 38 | 10 | 43 | 5 | 251966.708 | 415858.3514006959 | 3221318.819999999 | 998014.2979965203 | 1780444.48 | 2304698.619996521 | 0.106549970422059 | 351.3558232461502 | 712161.661 | 703375.848 | 676411.6429999998 | 0.2330348007856833 | 0.08800000000000001 | 0.133 | 0.17 | 0.06720000000000001 | 0.0236 | 0.179 | 0.466 | -0.124 | -0.026 | 0.122 | -0.0508 | -0.017 | 0.0224 | 0.02569636262042037 | 0.05397357269077908 | 0.09737499972462693
Oil/Gas (Production and Exploration) | 773 | -0.09651294347293171 | 209 | 347 | 165 | 391 | 432 | 124 | 453 | 103 | 37131.57500000002 | 86372.23297025135 | 388075.042 | 408821.909148743 | 596707.3939999999 | 894982.3871487422 | -0.0454568186270593 | 7952.108619651848 | 191835.626 | 190764.624 | 205354.2919999999 | 0.05642054485279514 | -0.0205 | 0.1705 | 0.413 | 0.08695 | -0.09849999999999999 | 0.1675 | 0.409 | -0.188 | -0.0365 | 0.154 | -0.177 | -0.0551 | 0.12 | -0.1700761633653156 | -0.006556779383768691 | 0.09628901059139153
Oil/Gas Distribution | 160 | -0.02216457912841863 | 96 | 42 | 66 | 72 | 99 | 39 | 113 | 25 | 14708.401 | 34352.71873668853 | 250758.1940000001 | 327048.3653165572 | 204214.6809999999 | 425651.0843165574 | 0.0520209851194961 | 3177.108466638706 | 48587.68599999999 | 48485.414 | 55141.02899999999 | 0.1015598350049158 | -0.00464 | 0.06285 | 0.175 | 0.1 | -0.154 | 0.05769999999999999 | 0.228 | -0.0424 | 0.0799 | 0.26 | -0.0023 | 0.04475 | 0.18 | 0.01728146907824146 | 0.05080098647408585 | 0.1077719851074114
Oilfield Svcs/Equip. | 508 | -0.05148791362190628 | 211 | 216 | 157 | 270 | 323 | 104 | 351 | 76 | 73.81500000002724 | 66286.08312479476 | 1627264.815999999 | 460446.6993760265 | 508988.7850000001 | 712595.2813760267 | 0.0733562519434751 | 5884.642962148974 | 133586.9069999999 | 129094.2939999999 | 123852.327 | 0.1035372040714211 | -0.0211 | 0.09815 | 0.206 | 0.0815 | -0.105 | 0.0503 | 0.262 | -0.12 | -0.00363 | 0.146 | -0.0999 | -0.03595 | 0.0499 | -0.03351054492276143 | 0.03231571754787763 | 0.0997853498857323
Packaging & Container | 400 | 0.008473157319927614 | 290 | 62 | 236 | 116 | 198 | 154 | 233 | 119 | 10503.561 | 24377.02919614563 | 267677.8809999999 | 141942.4640192718 | 105885.025 | 168527.9610192718 | 0.09946956650100873 | 5554.341173208756 | 39767.07800000002 | 38379.696 | 40622.49799999999 | 0.1770792660197616 | 0.0164 | 0.0584 | 0.124 | 0.08779999999999999 | -0.09960000000000001 | 0.0419 | 0.225 | -0.006670000000000001 | 0.0799 | 0.188 | 0.00804 | 0.04515 | 0.102 | 0.02703470801311329 | 0.06854117157976758 | 0.1290424010018333
Paper/Forest Products | 279 | -0.02137027508406062 | 175 | 74 | 122 | 127 | 182 | 67 | 207 | 42 | 7323.025999999997 | 16252.04512485286 | 211339.4820000001 | 117722.0233757357 | 134808.801 | 212107.9943757358 | 0.05152826874203492 | 4148.274816819859 | 35573.98600000001 | 34398.473 | 28673.89699999999 | 0.1402967240796115 | -0.0109 | 0.04855 | 0.123 | 0.06 | -0.114 | 0.08295 | 0.319 | -0.0124 | 0.108 | 0.277 | -0.00236 | 0.03735 | 0.0919 | 0.005158680183867515 | 0.04252566260193954 | 0.09349836214337191
Power | 538 | 0.008506924528506307 | 439 | 66 | 376 | 129 | 304 | 201 | 381 | 124 | 105051.0399999999 | 212742.6213495145 | 1709800.267 | 1955497.125252426 | 1337077.107000001 | 2826288.893252426 | 0.07957759482221376 | 8504.7402951971 | 371323.5340000002 | 367949.5090000003 | 391599.454 | 0.1774015463202699 | 0.0215 | 0.064 | 0.13 | 0.07100000000000001 | -0.0723 | 0.03565 | 0.151 | -0.0425 | 0.0516 | 0.137 | -0.00612 | 0.03745 | 0.0924 | 0.03128800585661008 | 0.06254322802119842 | 0.1045503106147401
Precious Metals | 844 | -0.2237450943127739 | 100 | 547 | 71 | 576 | 597 | 50 | 604 | 43 | 5949.18 | 14926.0727694176 | 151678.954 | 80593.2361529119 | 167127.1400000001 | 210212.525152912 | -0.1828443001623174 | 3130.911527636221 | 36324.65699999994 | 35791.83599999994 | 38961.72799999997 | 0.03843554058349947 | -0.05 | 0.0547 | 0.207 | 0.188 | -0.06280000000000001 | 0.0682 | 0.294 | -0.0931 | 0.048 | 0.33 | -0.0693 | 0.0573 | 0.2 | -0.648391859793285 | -0.147653430244174 | -0.02564632116730192
Publishing & Newspapers | 352 | -0.01550328385862641 | 192 | 109 | 156 | 145 | 191 | 110 | 219 | 82 | 2843.775000000001 | 8826.292085399422 | 150367.4979999998 | 60190.33957300288 | 101839.021 | 98830.39357300292 | 0.07117052126353696 | 4999.030900969251 | 17064.532 | 15740.45499999999 | 17012.98899999999 | 0.1501539088047631 | -0.0403 | 0.01395 | 0.0785 | 0.0675 | -0.146 | 0.0327 | 0.18 | -0.122 | -0.003425 | 0.126 | -0.04190000000000001 | 0.0111 | 0.05309999999999999 | -0.0001391535060305651 | 0.05597856387827133 | 0.137978147420515
R.E.I.T. | 753 | 0.001534338347227791 | 658 | 30 | 550 | 138 | 534 | 154 | 650 | 38 | 64480.95799999996 | 83604.95897621944 | 252507.227 | 1541370.465118903 | 1054619.100000001 | 2332746.906118901 | 0.04396172103564797 | 22120.00896300684 | 126205.846 | 126186.942 | 132582.5919999999 | 0.02823205953236396 | 0.0227 | 0.07875 | 0.175 | 0.0401 | -0.0562 | 0.0852 | 0.275 | -0.03240000000000001 | 0.0883 | 0.23 | 0.0209 | 0.0721 | 0.161 | 0.02672780631741787 | 0.04190653079799042 | 0.05956803620496346
Real Estate (Development) | 842 | -0.03491551627839429 | 507 | 268 | 304 | 471 | 607 | 168 | 674 | 101 | 91724.13399999996 | 163540.5447916941 | 806728.2679999998 | 1273061.033041529 | 715170.3350000001 | 1476589.788041528 | 0.04811990120562546 | 58635.29903769893 | 167568.884 | 166930.151 | 173194.3310000002 | 0.179820746148719 | -0.114 | 0.05345 | 0.213 | 0.148 | -0.111 | 0.108 | 0.379 | -0.07769999999999999 | 0.0658 | 0.228 | -0.0702 | 0.0705 | 0.213 | -0.0009296004576338323 | 0.02736486486486487 | 0.07170895657966452
Real Estate (General/Diversified) | 383 | -0.02761928599330882 | 244 | 115 | 153 | 206 | 293 | 66 | 313 | 46 | 42826.75099999999 | 52358.0523476495 | 263776.1859999998 | 491350.7712617524 | 559399.6420000006 | 910895.802261753 | 0.03927256253505343 | 12871.56578331655 | 59318.45100000003 | 59093.91800000004 | 68513.01000000001 | 0.1501785591015861 | -0.0815 | 0.059 | 0.179 | 0.06705 | -0.05309999999999999 | 0.112 | 0.267 | -0.053 | 0.0902 | 0.229 | -0.068 | 0.04735 | 0.155 | 0.0007377372303880159 | 0.03173015955994005 | 0.06608417480402003
Real Estate (Operations & Services) | 691 | -0.01605831187430968 | 457 | 148 | 323 | 282 | 480 | 125 | 513 | 92 | 42554.27199999998 | 40305.7151292819 | 173717.4149999999 | 435423.4373535903 | 524432.2460000005 | 838225.5023535911 | 0.03922697974702929 | 20696.21257598689 | 45316.12099999995 | 45161.82399999996 | 53989.15499999998 | 0.1434507967128636 | -0.005560000000000001 | 0.068 | 0.163 | 0.06965 | -0.0679 | 0.09090000000000001 | 0.29 | -0.0192 | 0.117 | 0.294 | -0.0217 | 0.05545 | 0.148 | 0.006205502872792746 | 0.03304938882943409 | 0.05968103015938088
Recreation | 315 | -0.008533259890518473 | 178 | 96 | 150 | 124 | 178 | 96 | 194 | 80 | 6432.680999999999 | 13545.34474164388 | 124750.1189999999 | 75508.24329178054 | 83735.173 | 106396.8312917807 | 0.07195282833215502 | 6651.136414734508 | 22130.519 | 18742.25 | 21435.027 | 0.1503673982833142 | -0.0273 | 0.0406 | 0.1 | 0.13 | -0.0842 | 0.08785 | 0.303 | -0.05230000000000001 | 0.104 | 0.199 | -0.0273 | 0.0358 | 0.0883 | -0.005802880609451256 | 0.05544638693999708 | 0.1426805462281795
Reinsurance | 34 | -0.01100402149855829 | 23 | 10 | 18 | 15 | 23 | 10 | 24 | 9 | 8701.65 | 12979.36061909769 | 220191.7 | 42136.32590451156 | 142263.2 | 147707.4119045116 | 0.1050945429009506 | 328.4338753838161 | 11824.074 | 11824.074 | 14218.841 | 0.1314677375658642 | 0.0149 | 0.0646 | 0.119 | 0.18 | -0.141 | 0.06280000000000001 | 0.131 | -0.094 | -0.0218 | 0.0739 | 0.00781 | 0.059 | 0.08650000000000001 | 0.001142737732491252 | 0.06285231644277292 | 0.126204230369884
Restaurant/Dining | 376 | 0.01948301970217781 | 250 | 90 | 205 | 135 | 172 | 168 | 208 | 132 | 21497.972 | 32329.32346827583 | 320947.4039999997 | 269730.4246586207 | 51058.90799999997 | 175714.1026586209 | 0.08966205682111333 | 7049.649784511544 | 46988.91500000002 | 46944.96000000001 | 59017.14500000003 | 0.167981278076699 | -0.00866 | 0.0356 | 0.104 | 0.1125 | -0.0906 | 0.0533 | 0.181 | -0.0431 | 0.05155000000000001 | 0.16 | -0.00228 | 0.03750000000000001 | 0.0814 | 0.007795257113018696 | 0.07748813475216104 | 0.17904439521627
Retail (Automotive) | 184 | 0.002681817716228198 | 125 | 37 | 106 | 56 | 104 | 58 | 119 | 43 | 9458.441000000003 | 15435.61684174049 | 397533.6279999998 | 150164.4157912976 | 63641.27100000002 | 158518.9747912976 | 0.08541618922116465 | 2369.606110205699 | 22348.33 | 22339.836 | 26019.928 | 0.1913459315577607 | 0.0126 | 0.0534 | 0.139 | 0.1025 | -0.0392 | 0.0681 | 0.211 | -0.0385 | 0.0409 | 0.137 | 0.00118 | 0.03955 | 0.092 | 0.02520294846799871 | 0.06466168061343167 | 0.1182106346635825
Retail (Building Supply) | 93 | -0.008120221151862728 | 67 | 23 | 56 | 34 | 53 | 37 | 60 | 30 | 16501.628 | 28304.24855745702 | 298317.98 | 125667.6352127149 | 50149.74700000004 | 119770.9812127149 | 0.1280234111908471 | 2013.42742490809 | 35077.83199999999 | 35009.298 | 41447.799 | 0.1920773893479795 | -0.00807 | 0.0331 | 0.07980000000000001 | 0.1195 | -0.0201 | 0.0508 | 0.14 | -0.0241 | 0.07239999999999999 | 0.179 | -0.00062 | 0.0347 | 0.0818 | 0.02466885689107296 | 0.06369350820425715 | 0.1686975835110164
Retail (Distributors) | 982 | -0.007185665903876499 | 594 | 266 | 485 | 375 | 542 | 318 | 635 | 225 | 43943.53200000001 | 63165.72428588862 | 1499284.207999998 | 565025.8425705573 | 421041.5649999998 | 769382.1825705568 | 0.05583475726344733 | 27643.70955178811 | 82470.85700000005 | 81767.04300000003 | 95942.40699999999 | 0.1718889003855237 | -0.017 | 0.0493 | 0.135 | 0.129 | -0.0393 | 0.0858 | 0.247 | -0.0407 | 0.05255 | 0.166 | -0.0249 | 0.0283 | 0.0978 | -0.000197987125630798 | 0.05058598369974819 | 0.1106385276709725
Retail (General) | 210 | -0.02698149948340234 | 141 | 65 | 95 | 111 | 148 | 58 | 164 | 42 | 39069.15800000001 | 64564.82757510278 | 1651209.75 | 527567.370124486 | 340748.3300000001 | 596937.2751244861 | 0.08675813245961457 | 4583.526882998105 | 109308.595 | 109113.277 | 131986.157 | 0.2263911600775667 | -0.0269 | 0.0159 | 0.0695 | 0.0912 | -0.07400000000000001 | 0.0694 | 0.202 | -0.07339999999999999 | 0.0183 | 0.121 | -0.0322 | 0.0153 | 0.07429999999999999 | 0.009931117400048003 | 0.04168932255409016 | 0.09771816712958926
Retail (Grocery and Food) | 170 | 0.007377345345097801 | 129 | 25 | 107 | 47 | 84 | 70 | 102 | 52 | 20392.09999999999 | 34182.25622963582 | 1039715.634 | 361334.1478518208 | 200374.3670000001 | 343476.4148518209 | 0.09881202870815388 | 3414.596148597813 | 60068.70600000001 | 60045.88300000001 | 81071.44300000003 | 0.2204842500491886 | -0.00764 | 0.0376 | 0.0767 | 0.1025 | -0.0699 | 0.0242 | 0.137 | -0.00157 | 0.07440000000000001 | 0.143 | 0.00522 | 0.03465 | 0.0852 | 0.02110617435660071 | 0.05478118592448385 | 0.1239673101854317
Retail (Online) | 297 | -0.06590513205093618 | 100 | 117 | 80 | 137 | 150 | 67 | 158 | 59 | 26574.59799999999 | 22043.1193642578 | 465628.4199999998 | 185347.185178711 | 158674.437 | 180128.3981787111 | 0.07600661030802365 | 7297.873712254248 | 81612.85799999996 | 42381.62599999997 | 55980.341 | 0.1199732575738587 | -0.0198 | 0.098 | 0.24 | 0.1955 | -0.102 | 0.06284999999999999 | 0.242 | -0.05429999999999999 | 0.09789999999999999 | 0.245 | 0.00699 | 0.108 | 0.23 | -0.275865154803466 | 0.02769818443964056 | 0.1637721760131678
Retail (Special Lines) | 479 | 0.01349090198521985 | 330 | 107 | 279 | 158 | 229 | 208 | 276 | 161 | 33522.67799999998 | 56901.88731455837 | 952950.0169999998 | 390657.8444272082 | 237513.1400000001 | 384323.4564272083 | 0.09623747108712413 | 11662.00022065623 | 73963.71899999998 | 72838.507 | 108289.287 | 0.1863254013358168 | -0.0349 | 0.0265 | 0.0793 | 0.11 | -0.106 | 0.0644 | 0.21 | -0.0488 | 0.0646 | 0.159 | -0.0278 | 0.0213 | 0.0849 | 0.01908157372890206 | 0.07954890207597541 | 0.153114530190875
Rubber& Tires | 89 | -0.01122493858642574 | 65 | 21 | 52 | 34 | 62 | 24 | 73 | 13 | 8338.287999999999 | 13550.70969974115 | 154325.424 | 61803.68250129426 | 85559.105 | 120165.6775012943 | 0.1086232239098481 | 789.0710090849572 | 27081.923 | 23053.639 | 24024.834 | 0.1677324397133008 | -0.011 | 0.0277 | 0.0706 | 0.0945 | -0.228 | -0.0965 | 0.0667 | -0.144 | -0.06345 | 0.0269 | -0.03700000000000001 | 0.00822 | 0.0374 | 0.03142217747346725 | 0.0539634928920493 | 0.1019899159176516
Semiconductor | 542 | -0.07781955602650512 | 204 | 292 | 177 | 319 | 360 | 136 | 384 | 112 | 67728.00699999997 | 84137.8744636229 | 459910.6439999997 | 232339.9826818855 | 465575.6399999999 | 433741.4066818854 | 0.05718474412318078 | 10294.83772176299 | 234692.7309999999 | 170052.091 | 151064.0320000002 | 0.09711517132276021 | -0.0593 | 0.0421 | 0.132 | 0.146 | -0.103 | 0.06125 | 0.31 | -0.08560000000000001 | 0.0483 | 0.171 | -0.0488 | 0.03005 | 0.111 | -0.05732027203123904 | 0.02877184740477412 | 0.1417267499852643
Semiconductor Equip | 291 | -0.04677322152300532 | 139 | 131 | 112 | 158 | 186 | 84 | 196 | 74 | 15895.763 | 20723.11564208445 | 126248.549 | 49050.50078957769 | 91759.13100000004 | 86700.98978957774 | 0.07971080388423941 | 18298.59014574431 | 42948.95400000001 | 30633.63200000001 | 27681.327 | 0.1426332032046091 | 0.00499 | 0.08764999999999999 | 0.179 | 0.157 | -0.0818 | 0.166 | 0.468 | -0.03700000000000001 | 0.107 | 0.265 | 0.0074 | 0.0756 | 0.123 | 0.001720608913539977 | 0.07362148388782438 | 0.1799949637025764
Shipbuilding & Marine | 345 | -0.02380518170754189 | 221 | 85 | 144 | 162 | 231 | 75 | 257 | 49 | 12836.415 | 23575.01157969191 | 289067.3949999998 | 304327.3251015406 | 247822.8219999998 | 461771.5341015406 | 0.04619110998422229 | 4790.981414327233 | 41387.55099999998 | 41276.67099999997 | 56489.71700000003 | 0.1290376292295473 | 0.007890000000000001 | 0.06165 | 0.133 | 0.1155 | -0.0703 | 0.0631 | 0.261 | -0.0571 | 0.04480000000000001 | 0.175 | -0.0264 | 0.0233 | 0.0818 | 0.01623404770633236 | 0.03821129714791574 | 0.08161253233241839
Shoe | 78 | -0.01085559644554377 | 47 | 21 | 38 | 30 | 40 | 28 | 46 | 22 | 7701.714999999998 | 10319.76059274711 | 103918.42 | 33236.48703626444 | 37024.81 | 48919.45303626443 | 0.133175458304292 | 1050.186577077627 | 12619.249 | 11706.422 | 14608.279 | 0.1664249425516924 | -0.0764 | -0.00034 | 0.0781 | 0.1545 | -0.189 | 0.0489 | 0.203 | -0.0998 | 0.0176 | 0.163 | -0.0466 | 0.00432 | 0.0622 | 0.01539920772192155 | 0.06545429107956915 | 0.1468053279713828
Software (Entertainment) | 280 | 0.05182941160484454 | 101 | 70 | 94 | 77 | 80 | 91 | 84 | 87 | 65560.545 | 71934.39400975336 | 334238.5949999999 | 113384.0529512328 | 350643.729 | 309017.4329512328 | 0.2535045522849999 | 10169.06689152741 | 143020.0619999999 | 95852.88899999997 | 102572.416 | 0.1091281228690617 | -0.0051 | 0.114 | 0.296 | 0.187 | -0.134 | 0.07905 | 0.305 | -0.08199999999999999 | 0.0672 | 0.27 | 0.00578 | 0.129 | 0.264 | -0.4252873563218389 | 0.1375385929807976 | 0.5253342981074194
Software (Internet) | 131 | -0.06108764587304592 | 48 | 54 | 43 | 59 | 67 | 35 | 71 | 31 | 60.80300000000005 | 1782.248256231095 | 37316.62299999999 | 25577.85571884453 | 14198.052 | 18025.17871884453 | 0.02798914163363935 | 6159.897468757378 | 6617.505000000001 | 3882.904000000001 | 4212.686000000002 | 0.09240479595346841 | 0.0339 | 0.1465 | 0.332 | 0.202 | 0.0148 | 0.16 | 0.276 | 0.0234 | 0.181 | 0.561 | 0.043 | 0.135 | 0.299 | -0.3123292071140929 | 0.03246749427445196 | 0.2311334609051667
Software (System & Application) | 1375 | -0.04776037964363106 | 488 | 486 | 435 | 539 | 602 | 372 | 654 | 320 | 73572.996 | 88772.99221803523 | 450896.1520000002 | 306991.3249098239 | 347551.2180000003 | 282346.6239098244 | 0.1056639077139177 | 28604.77005481642 | 182506.665 | 112142.7999999999 | 123541.419 | 0.08645834391870533 | 0.0206 | 0.1105 | 0.246 | 0.172 | -0.0387 | 0.147 | 0.32 | -0.0119 | 0.1215 | 0.252 | 0.0177 | 0.0977 | 0.217 | -0.4418901660280971 | 0.04451889038442151 | 0.2246145395470455
Steel | 695 | -0.03495058254182627 | 372 | 265 | 263 | 374 | 473 | 164 | 516 | 121 | 40625.749 | 79481.94797839162 | 1065312.417 | 375649.2441080427 | 779085.8530000004 | 1051600.640108042 | 0.05241278121943267 | 12851.58779635477 | 161995.297 | 152387.9 | 131506.395 | 0.1350800919582759 | 0.0308 | 0.0974 | 0.211 | 0.0753 | -0.133 | 0.1085 | 0.421 | -0.0888 | 0.07605 | 0.237 | -0.0237 | 0.0241 | 0.0759 | -0.01312335958005249 | 0.03669337475161899 | 0.09497913621609175
Telecom (Wireless) | 103 | 0.007095738474114377 | 70 | 23 | 58 | 35 | 53 | 40 | 61 | 32 | 36665.082 | 105373.8329082012 | 728498.9609999998 | 771483.8044589941 | 584098.784 | 1056504.831458993 | 0.107902398136161 | 3080.432119314709 | 222441.8839999999 | 220554.5729999999 | 246816.5 | 0.1389521670478015 | -0.0232 | 0.01805 | 0.0698 | 0.0335 | -0.0691 | 0.045 | 0.234 | -0.0866 | 0.00058 | 0.0821 | -0.0315 | 0.0155 | 0.0604 | 0.0133290702793627 | 0.07351565020127826 | 0.1351068517326098
Telecom. Equipment | 474 | -0.06544471352750414 | 193 | 220 | 156 | 257 | 307 | 106 | 323 | 90 | 12306.852 | 27139.52754591774 | 246702.0030000001 | 93924.36727041136 | 160034.699 | 133247.4132704113 | 0.05624357128162927 | 8841.99415709595 | 64318.68600000005 | 34874.74800000002 | 38549.439 | 0.09091327429638599 | -0.0492 | 0.04155 | 0.133 | 0.1555 | -0.164 | 0.04795 | 0.243 | -0.0825 | 0.06305 | 0.217 | -0.0304 | 0.0342 | 0.14 | -0.06102055602058391 | 0.02916519494347754 | 0.1194749493729934
Telecom. Services | 317 | 0.001697980628331618 | 185 | 70 | 157 | 98 | 146 | 109 | 170 | 85 | 62464.98699999999 | 173609.013009705 | 1150374.078 | 1212869.389951476 | 805364.1670000002 | 1393756.728951476 | 0.1128249507049627 | 3777.663308251953 | 366687.2699999998 | 359268.959 | 381894.76 | 0.1334696321963762 | -0.00852 | 0.04269999999999999 | 0.146 | 0.0801 | -0.0916 | 0.02405 | 0.153 | -0.0825 | 0.00609 | 0.157 | -0.00584 | 0.0461 | 0.129 | 0.006117908787541713 | 0.06373992064507872 | 0.1458805010327058
Tobacco | 54 | 0.1419386099120455 | 27 | 10 | 26 | 11 | 13 | 24 | 13 | 24 | 27952.947 | 50846.2896038016 | 158419.134 | 161598.840980992 | 134145.14 | 211239.178980992 | 0.3940056196501008 | 596.4911389503976 | 57984.95399999999 | 56277.79199999999 | 57404.781 | 0.1785035907044293 | -0.0179 | 0.0366 | 0.0851 | 0.06955 | -0.0723 | 0.07300000000000001 | 0.144 | -0.0101 | 0.06315000000000001 | 0.125 | -0.00996 | 0.0321 | 0.07919999999999999 | 0.0487728843836821 | 0.2431025769245367 | 0.620922476205971
Transportation | 265 | 0.004808260151525398 | 190 | 47 | 156 | 81 | 134 | 103 | 165 | 72 | 26278.602 | 43044.12244861986 | 612181.4759999998 | 334840.4397569005 | 211908.575 | 342150.2077569008 | 0.08381391102913352 | 5548.963113394288 | 64708.95699999999 | 63884.90799999997 | 75467.82700000002 | 0.1871663205397051 | 0.0222 | 0.07435 | 0.168 | 0.12 | -0.0534 | 0.0821 | 0.203 | 0.00378 | 0.08715 | 0.18 | 0.0141 | 0.06805 | 0.137 | 0.03002627081898641 | 0.07446400418173693 | 0.1389914446676363
Transportation (Railroads) | 52 | -0.00977219963162422 | 45 | 2 | 31 | 16 | 30 | 17 | 37 | 10 | 39543.139 | 59621.2425602357 | 254216.1 | 272639.1721988216 | 258468.2 | 485567.0231988215 | 0.05797739687729682 | 674.3536780699324 | 80417.282 | 79550.53000000001 | 86437.15 | 0.2237461885598208 | 0.0175 | 0.04125 | 0.081 | 0.0917 | 0.0417 | 0.07385 | 0.148 | 0.0428 | 0.08689999999999999 | 0.134 | 0.015 | 0.0277 | 0.0653 | 0.03591624028243593 | 0.05918706014650518 | 0.1030698350719263
Trucking | 208 | -0.0003499230407544782 | 157 | 37 | 126 | 68 | 128 | 66 | 152 | 42 | -3293.665000000002 | 6423.912206525788 | 243550.1190000001 | 164975.496967371 | 84677.701 | 190580.875967371 | 0.06448228882833787 | 2998.592603754293 | 29239.81600000001 | 23259.683 | 23239.757 | 0.2029798109165186 | 0.00356 | 0.0485 | 0.11 | 0.091 | -0.0537 | 0.05485 | 0.232 | -0.0227 | 0.0934 | 0.182 | -0.00397 | 0.03815 | 0.0842 | 0.02252515948339236 | 0.05875318475480774 | 0.1011742913688949
Utility (General) | 52 | 0.01655437697051466 | 49 | 3 | 41 | 11 | 31 | 21 | 45 | 7 | 34567.667 | 43286.32083755098 | 458262.8699999999 | 496819.2208122453 | 282517.97 | 598949.9998122451 | 0.07952479871998315 | 764.5650609928964 | 82309.00699999997 | 81539.54999999996 | 82917.29699999996 | 0.1845421123885857 | 0.00929 | 0.04845000000000001 | 0.0902 | 0.05230000000000001 | -0.00737 | 0.0786 | 0.175 | -0.0722 | 0.0371 | 0.124 | -0.00603 | 0.00836 | 0.0487 | 0.03366013081646458 | 0.06006458212739621 | 0.07508112882717942
Utility (Water) | 99 | -0.002608817377567053 | 63 | 20 | 53 | 30 | 56 | 27 | 69 | 14 | 6952.301 | 11746.05839600225 | 42278.718 | 85312.10801998874 | 63125.383 | 125912.0370199888 | 0.07189967859919615 | 7888.473276792187 | 16192.197 | 16100.588 | 16745.158 | 0.1768401236335446 | 0.0209 | 0.0558 | 0.143 | 0.08479999999999999 | -0.0709 | 0.0528 | 0.169 | -0.0578 | 0.02945 | 0.123 | 0.0175 | 0.048 | 0.121 | 0.02074433070907774 | 0.05931059955776721 | 0.09986461936490416

Sheet: Growth
Revenue Growth  - Last 5 years | Net Income Growth - Last 5 years | Expected EPS growth for next 5 years
Industry Group | 1st Quartile | Median | 3rd Quartile | 1st Quartile | Median | 3rd Quartile
Advertising | -0.0156 | 0.0598 | 0.172 | -0.0906 | 0.04505 | 0.17 | 0.096
Aerospace/Defense | 0.0206 | 0.0601 | 0.139 | -0.009439999999999999 | 0.09575 | 0.21 | 0.119
Air Transport | 0.027 | 0.0595 | 0.108 | 0.00713 | 0.149 | 0.213 | 0.1
Apparel | -0.0504 | 0.0174 | 0.08779999999999999 | -0.09119999999999999 | 0.0676 | 0.216 | 0.147
Auto & Truck | -0.0209 | 0.0414 | 0.118 | -0.0933 | 0.0134 | 0.16 | 0.09
Auto Parts | 0.00521 | 0.0403 | 0.0911 | -0.07980000000000001 | 0.039 | 0.151 | 0.1
Beverage (Alcoholic) | 0.00836 | 0.04405 | 0.114 | -0.0103 | 0.0564 | 0.154 | 0.11
Beverage (Soft) | -0.00559 | 0.04225 | 0.126 | 0.00065 | 0.09595000000000001 | 0.2 | 0.1108
Broadcasting | -0.0139 | 0.0197 | 0.0833 | -0.0537 | 0.02 | 0.131 | 0.028
Brokerage & Investment Banking | -0.04559999999999999 | 0.055 | 0.155 | -0.09820000000000001 | 0.0552 | 0.187 | 0.095
Building Materials | -0.00409 | 0.03725000000000001 | 0.09119999999999999 | -0.04969999999999999 | 0.0517 | 0.184 | 0.131
Business & Consumer Services | 0.00173 | 0.05860000000000001 | 0.136 | 0.00021 | 0.101 | 0.228 | 0.131
Cable TV | -0.0264 | 0.0124 | 0.0863 | -0.0342 | 0.05465 | 0.173 | 0.1215
Chemical (Basic) | -0.0107 | 0.0353 | 0.108 | -0.0369 | 0.08245 | 0.236 | 0.115
Chemical (Diversified) | -0.0015 | 0.02005 | 0.047 | 0.0382 | 0.135 | 0.279 | 0.0335
Chemical (Specialty) | -0.009300000000000001 | 0.0428 | 0.122 | -0.0246 | 0.08664999999999999 | 0.201 | 0.114
Coal & Related Energy | -0.0418 | 0.052 | 0.144 | -0.0546 | 0.12 | 0.299 | 0.032
Computer Services | -0.00183 | 0.0558 | 0.125 | -0.00196 | 0.109 | 0.231 | 0.116
Computers/Peripherals | -0.0649 | 0.0102 | 0.09759999999999999 | -0.0755 | 0.0568 | 0.151 | 0.1165
Construction Supplies | -0.0183 | 0.04189999999999999 | 0.104 | -0.09849999999999999 | 0.04869999999999999 | 0.21 | 0.121
Diversified | -0.0278 | 0.0405 | 0.119 | -0.0916 | 0.0192 | 0.141 | 0.09425
Drugs (Biotechnology) | -0.0323 | 0.1245 | 0.337 | -0.0259 | 0.148 | 0.308 | 0.126
Drugs (Pharmaceutical) | 0.0235 | 0.08635000000000001 | 0.174 | -0.0301 | 0.09820000000000001 | 0.213 | 0.15
Education | -0.0152 | 0.047 | 0.123 | -0.0959 | 0.03705 | 0.192 | 0.158
Electrical Equipment | -0.0172 | 0.0418 | 0.13 | -0.04969999999999999 | 0.047 | 0.167 | 0.109
Electronics (Consumer & Office) | -0.05309999999999999 | 0.0152 | 0.09480000000000001 | -0.0152 | 0.0771 | 0.194 | 0.19
Electronics (General) | -0.0242 | 0.03510000000000001 | 0.115 | -0.0698 | 0.066 | 0.196 | 0.126
Engineering/Construction | -0.0177 | 0.0395 | 0.101 | -0.0634 | 0.0837 | 0.216 | 0.1205
Entertainment | -0.0329 | 0.0698 | 0.185 | -0.0861 | 0.0905 | 0.303 | 0.141
Environmental & Waste Services | 0.004699999999999999 | 0.064 | 0.16 | -0.04219999999999999 | 0.08695 | 0.238 | 0.145
Farming/Agriculture | -0.0379 | 0.0126 | 0.07629999999999999 | -0.169 | -0.01095 | 0.119 | 0.12
Food Processing | -0.00299 | 0.0404 | 0.1 | -0.0296 | 0.07135 | 0.174 | 0.102
Food Wholesalers | -0.011 | 0.0235 | 0.09050000000000001 | -0.0339 | 0.0431 | 0.13 | 0.0989
Furn/Home Furnishings | -0.00617 | 0.04745 | 0.111 | -0.0389 | 0.08 | 0.194 | 0.14
Green & Renewable Energy | -0.00055 | 0.08554999999999999 | 0.306 | 0.0351 | 0.152 | 0.307 | 0.186
Healthcare Products | 0.0182 | 0.08515 | 0.17 | 0.00797 | 0.108 | 0.2 | 0.144
Healthcare Support Services | 0.0445 | 0.0888 | 0.163 | 0.007980000000000001 | 0.107 | 0.248 | 0.14
Heathcare Information and Technology | 0.0242 | 0.09860000000000001 | 0.239 | 0.0597 | 0.146 | 0.254 | 0.1435
Homebuilding | 0.00364 | 0.08960000000000001 | 0.16 | 0.0544 | 0.1385 | 0.249 | 0.109
Hospitals/Healthcare Facilities | 0.0333 | 0.0745 | 0.143 | -0.0428 | 0.0741 | 0.173 | 0.1285
Hotel/Gaming | -0.0205 | 0.03815 | 0.128 | -0.116 | 0.04019999999999999 | 0.194 | 0.111
Household Products | -0.0149 | 0.0498 | 0.106 | -0.0496 | 0.079 | 0.208 | 0.11
Information Services | 0.0262 | 0.0892 | 0.176 | 0.0031 | 0.09444999999999999 | 0.194 | 0.13
Investments & Asset Management | -0.0812 | 0.0505 | 0.157 | -0.0705 | 0.0735 | 0.21 | 0.1
Machinery | -0.0037 | 0.04414999999999999 | 0.0975 | -0.0381 | 0.0585 | 0.178 | 0.11
Metals & Mining | -0.04969999999999999 | 0.0411 | 0.157 | -0.0946 | 0.0476 | 0.198 | 0.0978
Office Equipment & Services | -0.0138 | 0.0311 | 0.0726 | -0.0473 | 0.07719999999999999 | 0.185 | 0.1
Oil/Gas (Integrated) | -0.0508 | -0.017 | 0.0224 | -0.124 | -0.026 | 0.122 | 0.06720000000000001
Oil/Gas (Production and Exploration) | -0.177 | -0.0551 | 0.12 | -0.188 | -0.0365 | 0.154 | 0.08695
Oil/Gas Distribution | -0.0023 | 0.04475 | 0.18 | -0.0424 | 0.0799 | 0.26 | 0.1
Oilfield Svcs/Equip. | -0.0999 | -0.03595 | 0.0499 | -0.12 | -0.00363 | 0.146 | 0.0815
Packaging & Container | 0.00804 | 0.04515 | 0.102 | -0.006670000000000001 | 0.0799 | 0.188 | 0.08779999999999999
Paper/Forest Products | -0.00236 | 0.03735 | 0.0919 | -0.0124 | 0.108 | 0.277 | 0.06
Power | -0.00612 | 0.03745 | 0.0924 | -0.0425 | 0.0516 | 0.137 | 0.07100000000000001
Precious Metals | -0.0693 | 0.0573 | 0.2 | -0.0931 | 0.048 | 0.33 | 0.188
Publishing & Newspapers | -0.04190000000000001 | 0.0111 | 0.05309999999999999 | -0.122 | -0.003425 | 0.126 | 0.0675
R.E.I.T. | 0.0209 | 0.0721 | 0.161 | -0.03240000000000001 | 0.0883 | 0.23 | 0.0401
Real Estate (Development) | -0.0702 | 0.0705 | 0.213 | -0.07769999999999999 | 0.0658 | 0.228 | 0.148
Real Estate (General/Diversified) | -0.068 | 0.04735 | 0.155 | -0.053 | 0.0902 | 0.229 | 0.06705
Real Estate (Operations & Services) | -0.0217 | 0.05545 | 0.148 | -0.0192 | 0.117 | 0.294 | 0.06965
Recreation | -0.0273 | 0.0358 | 0.0883 | -0.05230000000000001 | 0.104 | 0.199 | 0.13
Reinsurance | 0.00781 | 0.059 | 0.08650000000000001 | -0.094 | -0.0218 | 0.0739 | 0.18
Restaurant/Dining | -0.00228 | 0.03750000000000001 | 0.0814 | -0.0431 | 0.05155000000000001 | 0.16 | 0.1125
Retail (Automotive) | 0.00118 | 0.03955 | 0.092 | -0.0385 | 0.0409 | 0.137 | 0.1025
Retail (Building Supply) | -0.00062 | 0.0347 | 0.0818 | -0.0241 | 0.07239999999999999 | 0.179 | 0.1195
Retail (Distributors) | -0.0249 | 0.0283 | 0.0978 | -0.0407 | 0.05255 | 0.166 | 0.129
Retail (General) | -0.0322 | 0.0153 | 0.07429999999999999 | -0.07339999999999999 | 0.0183 | 0.121 | 0.0912
Retail (Grocery and Food) | 0.00522 | 0.03465 | 0.0852 | -0.00157 | 0.07440000000000001 | 0.143 | 0.1025
Retail (Online) | 0.00699 | 0.108 | 0.23 | -0.05429999999999999 | 0.09789999999999999 | 0.245 | 0.1955
Retail (Special Lines) | -0.0278 | 0.0213 | 0.0849 | -0.0488 | 0.0646 | 0.159 | 0.11
Rubber& Tires | -0.03700000000000001 | 0.00822 | 0.0374 | -0.144 | -0.06345 | 0.0269 | 0.0945
Semiconductor | -0.0488 | 0.03005 | 0.111 | -0.08560000000000001 | 0.0483 | 0.171 | 0.146
Semiconductor Equip | 0.0074 | 0.0756 | 0.123 | -0.03700000000000001 | 0.107 | 0.265 | 0.157
Shipbuilding & Marine | -0.0264 | 0.0233 | 0.0818 | -0.0571 | 0.04480000000000001 | 0.175 | 0.1155
Shoe | -0.0466 | 0.00432 | 0.0622 | -0.0998 | 0.0176 | 0.163 | 0.1545
Software (Entertainment) | 0.00578 | 0.129 | 0.264 | -0.08199999999999999 | 0.0672 | 0.27 | 0.187
Software (Internet) | 0.043 | 0.135 | 0.299 | 0.0234 | 0.181 | 0.561 | 0.202
Software (System & Application) | 0.0177 | 0.0977 | 0.217 | -0.0119 | 0.1215 | 0.252 | 0.172
Steel | -0.0237 | 0.0241 | 0.0759 | -0.0888 | 0.07605 | 0.237 | 0.0753
Telecom (Wireless) | -0.0315 | 0.0155 | 0.0604 | -0.0866 | 0.00058 | 0.0821 | 0.0335
Telecom. Equipment | -0.0304 | 0.0342 | 0.14 | -0.0825 | 0.06305 | 0.217 | 0.1555
Telecom. Services | -0.00584 | 0.0461 | 0.129 | -0.0825 | 0.00609 | 0.157 | 0.0801
Tobacco | -0.00996 | 0.0321 | 0.07919999999999999 | -0.0101 | 0.06315000000000001 | 0.125 | 0.06955
Transportation | 0.0141 | 0.06805 | 0.137 | 0.00378 | 0.08715 | 0.18 | 0.12
Transportation (Railroads) | 0.015 | 0.0277 | 0.0653 | 0.0428 | 0.08689999999999999 | 0.134 | 0.0917
Trucking | -0.00397 | 0.03815 | 0.0842 | -0.0227 | 0.0934 | 0.182 | 0.091
Utility (General) | -0.00603 | 0.00836 | 0.0487 | -0.0722 | 0.0371 | 0.124 | 0.05230000000000001
Utility (Water) | 0.0175 | 0.048 | 0.121 | -0.0578 | 0.02945 | 0.123 | 0.08479999999999999

Sheet: Profit Margns
Industry Group | EBITDAR&D Margin | EBITDA Margin | Operating Margin | After-tax Operating Margin | Net Margin
Advertising | 0.12869371866997104 | 0.12439116552802594 | 0.09082166390864846 | 0.07606167118105692 | 0.039122720814016534
Aerospace/Defense | 0.16821370148297368 | 0.12430537391085715 | 0.09624342389980504 | 0.0853141393051538 | 0.05952277043802567
Air Transport | 0.15420639417210033 | 0.1535170175900929 | 0.07804693102899506 | 0.06549702475843872 | 0.0476666693459429
Apparel | 0.15018651490377652 | 0.14435188636396676 | 0.11816219937144351 | 0.1007691216081869 | 0.059985218572773065
Auto & Truck | 0.13340406827128212 | 0.0920173697736653 | 0.04815598451431413 | 0.04162035424559442 | 0.0369802256508665
Auto Parts | 0.1426824178463018 | 0.103433865062271 | 0.0538611479402288 | 0.04446295371007321 | 0.030052037134924
Beverage (Alcoholic) | 0.26795219896880257 | 0.2638348975913101 | 0.21620228222253882 | 0.178063842222822 | 0.13071704735995748
Beverage (Soft) | 0.19554089644091957 | 0.19123113694488184 | 0.16187738770215304 | 0.1444932540805803 | 0.1318030190571259
Broadcasting | 0.21879996478435193 | 0.2182511581457888 | 0.17136614438784262 | 0.1420766816837151 | 0.18370535178697994
Brokerage & Investment Banking | 0.011416939972738321 | 0.00981140719204327 | 0.009844911120626734 | 0.008442001681474739 | 0.1450263804067313
Building Materials | 0.13362262469588015 | 0.11889868604951528 | 0.08215219148139344 | 0.0666940884071051 | 0.052066002266364916
Business & Consumer Services | 0.1210758972741945 | 0.11759096295623117 | 0.08915218955266019 | 0.07376208713937854 | 0.05136395337438504
Cable TV | 0.31690707189303186 | 0.3153729887068321 | 0.1669285041584941 | 0.14294209967026528 | 0.1295031714317174
Chemical (Basic) | 0.1680005361370434 | 0.1538839449794573 | 0.07950318867289712 | 0.06642347347367612 | 0.050908435544662685
Chemical (Diversified) | 0.1881237306828941 | 0.15746407902120896 | 0.08492053471036282 | 0.06889119937376854 | 0.0749660768629836
Chemical (Specialty) | 0.1953995519206499 | 0.1720537762640714 | 0.10776145099115243 | 0.09067806972252633 | 0.07604284976077735
Coal & Related Energy | 0.2633887360262808 | 0.25948974418825504 | 0.16673477625216582 | 0.15013462360756755 | 0.10325327411968728
Computer Services | 0.10427629677721387 | 0.09116360009594394 | 0.07251893206154048 | 0.060039085015650515 | 0.047950353381047715
Computers/Peripherals | 0.22578078709172733 | 0.17229072638346654 | 0.10023753839356796 | 0.08770323117549712 | 0.08066103034613215
Construction Supplies | 0.16076923398909462 | 0.14229845274179356 | 0.10478399813615596 | 0.0886571724143584 | 0.06372231481016837
Diversified | 0.14602953996588391 | 0.13043539424278014 | 0.11366335773943721 | 0.09663464236290202 | 0.06097006355636834
Drugs (Biotechnology) | 0.5949044398336863 | 0.17760400382654662 | 0.08832258129683902 | 0.08654287470336149 | -0.020839530540338987
Drugs (Pharmaceutical) | 0.3923818805308961 | 0.25034590606153945 | 0.18133771892231496 | 0.16313479864812078 | 0.10791748153591102
Education | 0.16411225810247163 | 0.15406510095378234 | 0.11177325187782688 | 0.09677051407387718 | 0.09798258782201236
Electrical Equipment | 0.14080555817031787 | 0.10761553650829819 | 0.0971348255873494 | 0.0846893842696986 | 0.03921231955150748
Electronics (Consumer & Office) | 0.13713107917056774 | 0.08210696610972654 | 0.050143913411703524 | 0.044828059878224434 | 0.04199555634045212
Electronics (General) | 0.14786889568485714 | 0.10894951460467907 | 0.06153205775687984 | 0.05326063159580307 | 0.04141816944095185
Engineering/Construction | 0.0796923971186276 | 0.06981070035569155 | 0.05399855354509569 | 0.04441081450154557 | 0.02869004731014936
Entertainment | 0.20191776519213997 | 0.16375030338951332 | 0.11250466462301187 | 0.10192384829335864 | 0.07592989802492014
Environmental & Waste Services | 0.16777090400122183 | 0.16388952887059682 | 0.10666126616855613 | 0.0923603492686014 | 0.04565028550942824
Farming/Agriculture | 0.09729451398541497 | 0.08455734359425157 | 0.04758957768918834 | 0.04173007514735516 | 0.02732710817841284
Food Processing | 0.1214680028625836 | 0.11554984248254264 | 0.0855010061431209 | 0.07183893561387777 | 0.03837619507683734
Food Wholesalers | 0.03442580332220318 | 0.034352270895038624 | 0.02482104196904453 | 0.020487557068921865 | 0.009996707832860474
Furn/Home Furnishings | 0.12088070476073487 | 0.09835424792033684 | 0.07662830204415891 | 0.06409571473460345 | 0.05272769002165973
Green & Renewable Energy | 0.5561213467829127 | 0.5542256004433626 | 0.34845448665051193 | 0.30798664344419985 | 0.19658546110926364
Healthcare Products | 0.2902344494425104 | 0.20972196522076994 | 0.15029923600152742 | 0.13865867553655106 | 0.09413312423023078
Healthcare Support Services | 0.0502689405705536 | 0.04932652212907104 | 0.04406494700552534 | 0.03742504892905887 | 0.01975914982177568
Heathcare Information and Technology | 0.2359777360598312 | 0.180654543086557 | 0.12434070668135162 | 0.11464547335563231 | 0.08419178305489664
Homebuilding | 0.11419419361364165 | 0.11230526819818448 | 0.09979995185686234 | 0.07778814136810246 | 0.07703557520673499
Hospitals/Healthcare Facilities | 0.1489448805423448 | 0.14851573067005513 | 0.0933154487859298 
