Source: http://www.stern.nyu.edu/~adamodar/pc/cfanalysis/cfspr23.xlsx

Sheet: Sheet1
Shareholder Power | Beta Regression | Cost of Capital (Hurdle Rate) | Accounting Returns | Capital Structure | Dividend Policy | Valuation
Company | Corporate Governance Measure (0-2) | Marginal Investor | Regression Beta | Jensen's Alpha (% annualized) | R Squared (%) | Bottom up Levered Beta (%) | Equity Risk Premium | Cost of equity (%) | Debt to Capital Ratio | Cost of debt (pre-tax) (%) | Cost of Capital (%) | Return on Equity (%) | Return on Capital | Optimal Debt Ratio (%) | Change in Value (in % terms) | Dividends in most recent periods (Total $) | Buybacks in most recent periods (Total $) | FCFE in most recent periods (Total $) | Price per share ($) | Value per share ($)
Nike (NYSE: NKE) | 1.25 | Institutionals | 1.282 | 0.121 | 0.483 | 1.01 | 0.0653 | 0.1047 | 0.0602 | 0.0512 | 0.1008 | 0.4827 | 0.437 | 0.4 | 0.12 | 7500 | 16230 | 20500 | 124.35 | 81.21
General Dynamics (NYSE: GD) | 1.2 | Institutionals | 0.889 | -0.0329 | 0.004 | 1.41 | 0.0645 | 0.1264 | 0.1468 | 0.0514 | 0.1136 | 0.1826 | 0.1125 | 0.3 | 0.0255 | 1369 | 1229 | 5245 | 211.92 | 234.68
Snap Inc. (NYSE: SNAP) | 1 | Institutional | 1.695 | -0.4655 | 0.167 | 1.639 | 0.0632 | 0.138 | 0.2437 | 0.0348 | 0.1128 | -0.3537 | -0.0531 | 0.3 | 0.0017 | 0 | 1001 | 1536 | 8.07 | 9.05
Isetan Mitsukoshi Holdings Ltd. (TYO: 3099) | 1 | Institutional | 1.06 | -0.0067 | 0.3502 | 0.51 | 0.0666 | 0.0388 | 0.2248 | 0.0212 | 0.0337 | 0.0251 | 0.0161 | 0.1 | -0.686 | 4191 | 5 | 5731 | 1499 | 1727
Mercado Libre (MELI) | 1.3 | Institution  | 1.39 | 0.2658 | 0.345 | 0.76 | 0.1464 | 0.1456 | 0.0219 | 0.0586 | 0.1432 | 0.0173 | 0.0303 | 0.1 | 0.2182 | 2.48 | 137.74 | -352.6 | 1291 | 1572.76
Nucor Corporation (NYSE: NUE)  | 1.1 | Institutional | 1.51 | 0.5121 | 0.303 | 1.14 | 0.061 | 0.1052 | 0.1214 | 0.0514 | 0.1037 | 0.5405 | 0.2943 | 0.5 | 0.3786 | 497.26 | 1486.84 | 4856.1 | 140.18 | 149.01
The New York Times (NYSE: NYT) | 2 | Institutional | 0.983 | 0.0834 | 0.232 | 1.153 | 0.058 | 0.1019 | 0.0191 | 0.039 | 0.1005 | 0.1267 | 0.1513 | 0.2 | 9.4712 | 56.8 | 114.9 | 16544.7 | 39.96 | 25.2
Amazon (NASDAQ: AMZN) | 2 | Institutional | 1.35 | -0.3682 | 0.481 | 1.35 | 0.0583 | 0.113 | 0.1203 | 0.0169 | 0.101 | -0.0192 | -0.0101 | 0.1 | -0.0146 | 0 | 10000 | 4397 | 105.45 | 107.18
Boston Beer Company Inc (NYSE: SAM) | 0.8 | Institutional | 1.211 | -1.03 | 0.257 | 0.8419 | 5.94 | 0.0857 | 0.0134 | 0.0487 | 0.085 | 0.0579 | 0.0552 | 0 | -0.0714 | 0 | 27.5 | 3455.33 | 310.31 | 284.11
Ralph Lauren (NYSE:RL) | 0.5 | Institutional | 1.211 | -0.046 | 0.394 | 1.25 | 0.047 | 0.1031 | 0.5558 | 0.0445 | 0.091 | 0.2086 | 0.1382 | 0.4 | -0.013 | 756.8 | 1744.8 | 1764.2 | 103.18 | 53.43
Starbucks (NASDAQ: SBUX) | 1.5 | Institution | 0.963 | 0.0947 | 0.432 | 1.24 | 0.0602 | 0.1096 | 0.1531 | 0.0546 | 0.0991 | NA | 0.2819 | 0.2 | 0.0168 | 2263 | 4013 | 3021 | 107.21 | 31.09
Oracle (NYSE: ORCL) | 0 | Institutional | 0.77 | 0.0206 | 0.39 | 1.11 | 0.0636 | 0.1049 | 0.2062 | 0.0545 | 0.0812 | 0.1366 | 0.0814 | 0.4 | 0.0215 | 3457 | 17341 | 13100 | 94.79 | 49.71
Nvidia | 1.5 | Institutional | 2.011 | 0.5306 | 0.543 | 1.5369 | 0.0704 | 0.1426 | 0.0199 | 0.0486 | 0.1405 | 0.251 | 0.255 | 0 | -0.1198 | 398 | 11514 | 3808 | 286.8 | 206.3
MGM Resorts International (NYSE: MGM) | 1 | Institution | 1.72 | 0.0035 | 0.5804 | 1.43 | 0.0476 | 0.103 | 0.6499 | 0.0805 | 0.0929 | 0.0428 | 0.0047 | 0.2 | -0.4499 | 4 | 2775 | 1620 | 46.04 | 10.54
Planet Fitness (NYSE: PLNT) | 1.1 | Institutional | 1.181 | 0.62 | 0.278 | 1.29 | 5.9014 | 0.1148 | 0.249 | 0.0631 | 0.0988 | NA | 0.1725 | 0.2 | 0.211 | 94.3 | 286.41 | 83.14 | 41.85
Macy's (NYSE: M) | 1.8 | Institutional | 1.82 | -0.029 | 0.3368 | 2.29 | 0.058 | 0.1956 | 0.6625 | 0.0673 | 0.0995 | 0.2883 | 0.1362 | 0.4 | 0.07 | 130 | 171 | -15 | 15.37 | 7.15
Target (NYSE: TGT) | 0.2 | Institution | 1.033 | 0.1452 | 0.324 | 0.58 | 0.0538 | 0.0653 | 0.18 | 0.0462 | 0.06 | 0.3254 | 0.1564 | 0.1 | 0.0047 | 7374 | 14616 | 1674 | 168.68 | 169.02
John Deere (NYSE:DE) | 1 | Institution | 1.041 | 0.1736 | 0.422 | 1.1398 | 0.0667 | 0.1105 | 0.2969 | 0.048 | 0.089 | 0.471 | 0.1383 | 0.2 | -0.022 | 5058 | 9096 | 1513.2 | 374.61 | 545.45
Costco (NASDAQ: COST) | 1.25 | Institutional | 0.787 | 13.83 | 0.425 | 0.904 | 5.68 | 0.0865 | 0.0421 | 0.0437 | 0.0842 | 0.2974 | 0.3334 | 0.2 | 0.0238 | 13318 | 1706 | 17063.53 | 498.3 | 442.75
Vertex Pharmaceuticals (NASDAQ: VRTX) | 1.2 | Institutional | 0.5 | 0.1899 | 0.14 | 1.24 | 0.063 | 0.1098 | 0.0099 | 0.0357 | 0.109 | 0.3651 | 0.4144 | 0.2 | 0.1901 | 0 | 3000 | 3639.8 | 348.09 | 348.36
Estee Lauder (NYSE: EL) | 0.5 | Institutional | 1.012 | 0.0374 | 0.429 | 0.49 | 0.0668 | 0.1026 | 0.0898 | 0.0435 | 0.0963 | 0.4275 | 0.2755 | 0.2 | 0.0301 | 840 | 2309 | 1501 | 201 | 227.7
Honeywell (NASDAQ: HON) | 1 | Institutional | 0.775 | -0.0566 | 0.426 | 1.15 | 0.073 | 0.1187 | 0.131 | 0.0486 | 0.1079 | 0.287 | 0.117 | 0.2 | 0.0005 | 2644.02 | 3880 | 5185 | 199.6 | 118.99
Konami (TSE: 9766.T) | 1 | Institutional | 1.04 | 0.0351 | 0.2772 | 0.45 | 0.0714 | 0.037 | 0.0981 | 0.0132 | 0.0342 | 0.1693 | 0.1264 | 1 | 0.058 | 11593 | 0 | 36041 | 6906 | 9655
Airbnb (NYSE: ABNB) | 1 | Insider | 1.69 | 0.0001 | 0.0036 | 0.8927 | 0.067 | 0.1477 | 0.0278 | 0.0393 | 0.144 | 0.3295 | 0.4848 | 0.1 | 0.0239 | 0 | 1500 | 4939 | 118.8 | 41.18
CoreCivic (NYSE:CXW) | 1.5 | Institutional | 0.96 | -0.1565 | 0.166 | 1.078 | 0.0594 | 0.0998 | 0.5307 | 0.0661 | 0.0732 | 0.085 | 0.0765 | 0.1 | 0.28 | 0.87 | 79.9 | 189.59 | 8.74 | 10.77
Chipotle (NYSE: CMG)  | 1.2 | Institutional  | 1.329 | 0.3045 | 0.437 | 1.2 | 0.0594 | 0.1057 | 0.0638 | 0.0429 | 0.1012 | 0.3951 | 0.1894 | 0.1 | 0 | 0 | 830.14 | 1603.4 | 2054.08 | 849.76
Nintendo Co., Ltd. (NTDOY) | 1 | Instituation | 0.362 | -0.0244 | 0.089 | 0.396 | 0.0716 | 0.0651 | 0.0992 | 0.0435 | 0.0625 | 0.2423 | 0.2322 | 0.2 | -0.000469 | 1367 | 789 | 2381 | 9.42 | 12.57
McDonald's (NYSE: MCD) | 1 | Instituation | 0.633 | 0.0424 | 0.389 | 0.823 | 0.0598 | 0.079 | 0.1438 | 0.0533 | 0.0576 | NA | 0.1575 | 0.2 | 0.0123 | 5660 | 3896 | 5530 | 295.86 | 148.93
Advanced Micro Devices (NASDAQ: AMD) | 1 | Instituation | 1.941 | 0.0376 | 0.381 | 1.49 | 0.0594 | 0.124 | 0.0209 | 0.0421 | 0.1208 | 0.1831 | 0.2225 | 0.1 | 0.0169 | 0 | 4108 | 4108 | 91.75 | 93.3
British American Tobacco (LSE: BATS) | 1.5 | Insitutional | 0.363 | -0.0106 | 0.296 | 0.91 | 0.058 | 0.0895 | 0.363 | 0.044 | 0.073 | 0.089 | 0.075 | 0.3 | 0.0102 | 4915 | 2092 | 9869 | 28.05 | 31.32
Salesforce (NYSE: CRM) | 1.2 | Institutional | 1.25 | 0.0312 | 0.429 | 1.0132 | 0.1063 | 0.142 | 0.0783 | 0.0413 | 0.136 | 0.0318 | 0.0254 | 0 | 4000 | 2813 | 197.59 | 158.47
Southwest Airlines (NYSE: LUV) | 1 | Institutional | 0.863 | -0.5481 | 0.215 | 0.809 | 0.0594 | 0.0841 | 0.3311 | 0.056 | 0.0701 | 0.0152 | 0.0214 | 0.3 | 0.0221 | 1778 | 10476 | 7561 | 29.85 | 30.51
Altria (NYSE:MO) | 1 | Instiutional | 0.411 | -0.0039 | 0.111 | 1.03 | 0.0594 | 0.097 | 0.209 | 0.0558 | 0.0855 | NA | 0.4773 | 0.4 | 0.0288 | 30819 | 6018 | 31794 | 47.51 | 49.18
Microsoft (NASDAQ: MSFT) | 2 | Institutional | 1.184 | 0.1367 | 0.594 | 1.327 | 0.0646 | 0.1202 | 0.0301 | 0.0422 | 0.1183 | 0.5203 | 0.4798 | 0.2 | 0.1735 | 15261 | 22663 | 38265 | 310.65 | 332.61
Electronic Arts (NASDAQ: EA) | 1.5 | Institutional | 0.67 | 0.1898 | 0.129 | 1.216 | 0.0685 | 0.1177 | 0.0605 | 0.0586 | 0.1141 | 0.1034 | 0.1259 | 0.2 | 0.0327 | 193 | 1504 | 1711 | 126.37 | 93.5
Activision Blizzard, Inc. (NASDAQ: ATVI) | 1 | Institutional  | 0.412 | 0.0002 | 0.065 | 0.8996 | 0.0776 | 0.1048 | 0.0481 | 0.0512 | 0.1016 | 0.1783 | 0.7617 | 0.1 | 1.079 | 367 | 0 | 6282 | 76 | 40.6
Intuitive Surgical (NYSE: ISRG) | 1.5 | Institutional | 1.311 | 0.1857 | 0.506 | 0.87 | 0.0765 | 0.101 | 0 | 0.0413 | 0.101 | 0.1085 | 0.1344 | 0 | 0 | 0 | 2850 | 1201 | 304.88 | 95.27
Weis Markets (NYSE: WMK) | 2 | Institutional | 0.428 | 0.488 | 0.072 | 0.405 | 0.0553 | 0.0574 | 0.0639 | 0.03 | 0.0582 | 0.0664 | 0.0733 | 0.3 | 0.019 | 35 | 0 | 90 | 82.49 | 163.4
PPG Industries (NYSE: PPG) | 1.2 | Institutional | 1.116 | -0.0049 | 0.603 | 1.2443 | 0.0792 | 0.1338 | 0.1674 | 0.0552 | 0.1183 | 0.1635 | 0.0832 | 0.2 | 0.1947 | 570 | 190 | 916 | 135.2 | 51.42
Live Nation Entertainment (LYV) | 0 | Institutional | 1.559 | 0.0384 | 0.442 | 1.96 | 0.0661 | 0.1679 | 0.3556 | 0.047 | 0.1268 | -1.11 | 0.0558 | 0.2 | 0.0133 | 0 | 240.6 | 3177.55 | 67.75 | 68.83
Accenture (NYSE: ACN)  | 1.25 | Institutional | 1.286 | 0.2968 | 0.684 | 1.06 | 0.0664 | 0.0978 | 0.0176 | 0.0346 | 0.0966 | 0.4426 | 0.1289 | 0.2 | -0.1427 | 2454.7 | 3284.47 | 5952.09 | 265.65 | 246.26
Nykaa | 0.7 | Institutional | 0.973 | -0.0001 | 0.55 | 1.4 | 0.097 | 0.151 | 0.05 | 0.0993 | 0.114 | 0.0667 | 0.0802 | 0.35 | 0.513 | 0 | 0 | 251.3 | 1.54 | 1.75
Tyson Foods, Inc. (NYSE: TSN) | 0.5 | Institutional | 0.706 | -0.0266 | 0.239 | 0.964 | 0.0588 | 0.0927 | 0.2641 | 0.0475 | 0.0777 | 0.164 | 0.1314 | 0.6 | 0.0329 | 653 | 702 | 1991 | 65.93 | 97.3
Genius Sports Limited (GENI) | 1 | Institutional | 1.772 | -0.3992 | 0.166 | 1.31 | 0.0648 | 0.1507 | 0.0235 | 0.0458 | 0.1482 | -0.31 | -0.38 | 0 | 0.0018 | 0 | 0 | 177.66 | 3.7 | 5.56
Nordstrom (NYSE: JWN) | 1.4 | Institutional | 2.031 | -0.1352 | 0.29 | 2.47 | 0.0602 | 0.1829 | 0.6023 | 0.0501 | 0.0954 | 0.738 | 0.0816 | 0.6 | -0.0004 | 119 | 62 | 278 | 16.64 | 13.5
MSCI (NYSE:MSCI) | 1.5 | Institutional | 1.15 | 0.2387 | 0.55 | 0.9 | 0.0594 | 0.0878 | 0.1112 | 0.0544 | 0.0825 | -3.412 | 0.282 | 0.1 | -0.3297 | 308.38 | 646.06 | 717.5 | 470 | 315.04744
Adobe | 1.5 | Institutional | 1.671 | -0.0529 | 0.56 | 1.3732 | 0.0634 | 0.1221 | 0.0265 | 0.0474 | 0.1201 | 0.5203 | 0.4798 | 0.2 | 0.0365 | 0 | 21101 | 2845.61 | 341.53 | 265.92
Cracker Barrel (NASDAQ: CBRL) | 1.5 | Institutional | 1.41 | -0.1593 | 0.311 | 1.5 | 0.0594 | 0.1278 | 0.3608 | 0.0552 | 0.106 | 0.2603 | 0.1629 | 0.3 | <1% | 207.2 | 14.8 | 1603.62 | 103.1 | 96.96
Lockheed Martin (NYSE: LMT) | 1 | Institutional | 0.609 | 0.1571 | 0.155 | 1.286 | 0.0688 | 0.1237 | 0.0974 | 0.0514 | 0.1147 | 0.618 | 0.2162 | 0.3 | 0.1853 | 3016 | 7900 | 4380 | 455.54 | 201.61
Nike | 0.9 | Institutional | 1.107 | 0.0444 | 0.479 | 1.21 | 0.0815 | 0.1375 | 0.0594 | 0.0511 | 0.1316 | 0.3628 | 0.3342 | 0.1 | 0.0293 | 7502 | 16229 | 23327
Cognizant (CTSH) | 1.5 | Institutional (FMR LLC, Invesco) | 1.015 | -0.11881 | 0.488 | 1.0811 | 0.0598 | 0.0991 | 0.0517 | 4.13 | 0.0956 | 0.2422 | 0.2755 | 0.2 | -0.3644 | 564 | 1422 | 2164 | 59.71 | 67.06
Boeing (BA) | 1.6 | Institutional  | 1.432 | -0.1468 | 0.00329 | 1.2636 | 0.0488 | 0.1218 | 0.1711 | 0.1089 | 0.1284 | -3.3979 | 0.0454 | 0 | 0.29 | 0 | 40 | 7546 | 196.33 | 105.74
FedEx  | 1 | Institutional  | 1.34 | -0.0072 | 0.443 | 1.38 | 0.0656 | 0.1248 | 0.3994 | 0.034 | 0.0913 | 0.156 | 0.061 | 0.3 | 0.0786 | 3041 | 949.6 | 3478.51 | 227.78 | 98.07
CVS | 1 | Institutional | 0.599 | -1.87 | 0.189 | 1.06 | 0.0594 | 9.47 | 0.139 | 1.75 | 0.0823 | -0.3084 | 0.2766 | 0.3 | -0.0243 | 2907 | 3500 | 3067.33 | 73.31 | 64.66
Hyatt Hotels Corporation (NYSE:H) | 1 | Institutional  | 1.051 | 0.269 | 0.313 | 1.65 | 0.061 | 0.1352 | 0.2275 | 0.0544 | 0.1137 | 0.7609 | 0.0906 | 0.3 | 0.098 | 0 | 369 | 387 | 116.3 | 95.05
Raytheon Technologies Corporation (NYSE: RTX) | 1 | Institutions | 1.057 | -0.262 | 0.437 | 1.4245 | 0.0637 | 0.126 | 0.1616 | 0.0514 | 0.1119 | 0.0714 | 0.0496 | 0.2 | 0 | 3128 | 2803 | 6656 | 97.16 | 20.59
Marriott | 1.5 | Institutions  | 1.02 | 0.1917 | 0.372 | 1.12 | 0.0673 | 0.1115 | 0.1586 | 0.042 | 0.1005 | -0.3079 | 1.1654 | 0.1 | -0.017 | 321 | 2665 | 1720 | 164 | 132.22
West Pharmaceuticals (WST) | 1.5 | Institutional  | 0.924 | 0.442 | 0.308 | 0.626 | 0.0635 | 0.0788 | 0.0125 | 0.0459 | 0.0782 | 0.2344 | 0.2322 | 0.3 | 0.022 | 54.1 | 222.2 | 253 | 331.6 | 143.03
Hermes (RMS) | 1.5 | Insider | 0.92 | 0.1106 | 0.384 | 0.93 | 0.0679 | 0.0825 | 0.009 | 0.038 | 0.082 | 0.305 | 0.213 | 0.1 | 0.014 | 852 | 116 | 3506 | 1980 | 1183.46
Jacobs Solutions, Inc. (NYSE: J) | 1 | Institutions | 0.834 | 0.00454 | 0.438 | 1.057 | 0.0589 | 0.0999 | 0.2019 | 0.0445 | 0.0865 | 0.1175 | 0.0815 | 0.2 | 0 | 118.29 | 397.33 | 1249.74 | 119.13 | 124.33
Roku Inc NASDAQ: ROKU | 0.8 | Institutional | 2.057 | -0.4488 | 0.252 | 1.2688 | 0.058 | 14.46 | 6.29 | 0.06 | 0.1383 | 0.5341 | 0.4916 | 0.1 | 0.0331 | 0 | 0 | -318 | 54 | 11.2
Chewy (NYSE: CHWY) | 1.25 | Institutions | 0.768 | 0.0055 | 0.076 | 1.1737 | 0.0594 | 0.1045 | 0.0339 | 0.1 | 0.0957 | 0.2301 | 0.6115 | 0 | 0.0116 | 0 | 0 | -581 | 31.01 | 31.38
Costco | 1.5 | Institutional | 0.691 | 0.185 | 0.3393 | 1.243 | 0.0603 | 0.1181 | 0.0344 | 0.0429 | 0.1152 | 0.2865 | 0.2423 | 0.1 | 0.0186 | 398 | 185 | 4019 | 522.1 | 522
Brown & Brown Corp (NYSE:BRO) | 1 | Institutional | 0.975 | 0.1071 | 0.58 | 1.21 | 0.0604 | 0.108 | 0.187 | 0.0469 | 0.0944 | 0.144 | 0.101 | 0.2 | 0.0029 | 119.5 | 74.1 | 2783.4 | 64.39 | 73.7
Costco (COST) | 1.8 | Institutions | 1.026 | 0.0435 | 0.452 | 1.18 | 0.0594 | 0.0962 | 0.0268 | 0.0476 | 0.1111 | 0.305 | 0.16 | 0.1 | 0.0373 | 1498 | 802 | 4611.5 | 480.32 | 504.22
Skyworks Solutions Inc (NASDAQ: SWKS) | 0.5 | Institutional | 1.253 | 0.036 | 0.4473 | 1.31 | 0.0624 | 0.1161 | 0.1092 | 0.0574 | 0.1088 | 0.2106 | 0.1715 | 0.3 | 0.0138 | 373.1 | 886.8 | 677.4 | 104.12 | 177.61
THE ESTÉE LAUDER COMPANIES INC. (EL) | 0.1 | Institution | 1.073 | -0.0678 | 0.447 | 0.858893034 | 0.0709 | 0.0952 | 0.0991 | 0.0428 | 0.0892 | 0.253 | 0.0452 | 0.1 | -0.0001 | 2.46 | 147 | 52484.99381 | 203.54 | 146.9261652
UPS (NYSE: UPS) | 0.2 | Institutions | 1.09 | 0.347 | 0.413 | 1.123 | 0.0642 | 0.1061 | 0.1239 | 0.033 | 0.097 | 0.678 | 0.207 | 0.4 | 0.0421 | 5114 | 3500 | 4932 | 175.8 | 112.4
Expedia Group Inc (EXPE) | 0 | Institutional | 1.286 | 0.2042 | 0.346 | 1.262 | 0.0708 | 0.1254 | 0.2946 | 0.056 | 0.1008 | -0.0948 | 0.109 | 0.2 | -0.0149 | 102.4 | 483.74 | 820.04 | 93.54 | 76.44
ExxonMobil (NYSE: XOM) | 0.25 | Institutional | 0.933 | 0.0196 | 0.305 | 0.744 | 0.0685 | 0.0868 | 0.0767 | 0.0427 | 0.0826 | 0.3307 | 0.249 | 0.6 | 0.056 | 73178 | 16935 | 95594 | 108.76 | 129.01
Peloton (NASDAQ: PTON) | 1.5 | Institutional | 1.913 | -0.1 | 0.205 | 1.26 | 0.0608 | 0.1156 | 0.3 | 0.137 | 0.1139 | NA | NA | 0 | -0.07 | 0 | 0 | -1661 | 9.07 | 8.43
Datadog (NASDAQ: DDOG) | 1.54 | Institutional | 1.62 | 0.148 | 0.387 | 1.26 | 0.0594 | 0.1092 | 0.0385 | 0.0729 | 0.1071 | 0.3603 | 0.2154 | 0 | 0 | 0 | 0 | 425.29 | 73.5 | 35.26
Jack in the Box (NASDAQ: JACK) | 1 | BlackRock Inc | 0.904 | -0.088 | 0.218 | 2.4774 | 0.0661 | 0.1824 | 0.6064 | 0.1077 | 0.1213 | -0.1177 | 0.2816 | 0.5 | 0.33 | 37.4 | 320.2 | 144.5 | 91.35 | 90.26
NVIDIA (NASDAQ: NVDA) | 1.5 | Institutional | 1.722 | 0.1765 | 0.437 | 1.63 | 0.0594 | 0.1356 | 0.0167 | 0.053 | 0.134 | 0.1976 | 0.1361 | 0 | -0.005 | 289.1
U-Haul (NASDAQ: UHAL) | 1.6 | Insider | 0.979 | 0.434 | 0.397 | 0.867 | 0.0575 | 0.0878 | 0.3468 | 0.0336 | 0.0755 | 0.159 | 0.078 | 0.3 | -0.0152 | 29.4 | 0 | 649.46 | 60.21 | 36.05
Activision (NYSE: ATVI) | 1.5 | Institutional | 0.391 | -0.15 | 0.0082 | 1.15 | 0.0594 | 0.1028 | 0.0606 | 0.0507 | 0.0997 | 0.092 | 0.121 | 0.25 | 0.0093 | 367 | 0 | 1441.56 | 76 | 37.27
Johnson & Johnson (NYSE: JNJ) | 1 | The Vanguard Group, Inc. | 0.53 | 0.13 | 0.27 | 0.57 | 0.059 | 0.079 | 0.5164 | 0.0445 | 0.059 | 0.3576 | 0.1213 | 0.4 | 0.007 | 1130 | 5000 | 17720 | 165.84 | 165.84
Netflix (NASDAQ: NFLX)  | 0.7 | Institutional | 1.275 | -0.1081 | 0.315 | 1.36 | 0.07 | 0.127 | 0.1013 | 0.056 | 0.1177 | 0.2834 | 0.1803 | 0.2 | 0.005 | 0 | 0 | 2172.86 | 320.78 | 105.16
Kraft Heinz (NASDAQ: KHC) | 1 | Berkshire Hathaway | 0.701 | -0.0097 | 0.159 | 0.96 | 0.075 | 0.0876 | 0.2715 | 0.0435 | 0.0727 | 0.0484 | 0.0552 | 0.2 | 0.0055 | 1779 | 0 | 1469 | 39.1 | 46.81
XPO Logistics (NYSE XPO) | 1 | Institutions | 2.184 | -0.959 | 0.655 | 1.43 | 6.56 | 12.82 | 0.39 | 0.064 | 0.097 | 0.171 | 0.079 | 0.3 | 0 | 0 | 0 | 880 | 44.4 | 57.67
Adidas AG - ADR | 2 | Institutional Diversified | 0.85 | -0.059 | 0.2756 | 1.23 | 0.0633 | 0.1255 | 0.1756 | 0.0604 | 0.1338 | 0.0828 | 0.0469 | 0.1 | 0.3096 | 610 | 2530 | -63.2 | 158.12 | 187.87
Chipotle (NYSE: CMG) | 1 | Institutional | 1.38 | -0.22 | 0.39 | 1.34 | 0.058 | 0.1127 | 0.112 | 0 | 0.1127 | 0.3797 | 0.1998 | 0.1 | -0.0077 | 0 | 389 | 2123.6 | 1797 | 1785
Johnson & Johnson (NYSE: JNJ) | 1.8 | Institutionals (Vanguard) | 0.53 | 0.0491 | 0.304 | 1.236 | 0.0688 | 0.0947 | 0.0695 | 0.0335 | 0.1129 | 0.2424 | 0.2011 | 0.3 | 0.0803 | 11682 | 4706 | 15680 | 166.11 | 173.38
Raizen, (BVMF: RAIZ4) | 0.2 | Institutional | 1.304 | -0.468 | 0.316 | 1.013 | 15.98 | 19.77 | 0.4248 | 9.71 | 14.09 | 18.73 | 11.9 | 0.7 | 4.08 | 491.7 | 0 | 224.4 | 0.638 | 1
Netflix (NASDAQ: NFLX) | 0.5 | Instituitonal | 1.7 | -0.0645 | 0.366 | 1.28 | 0.0691 | 0.1229 | 0.1067 | 0.0519 | 0.1145 | 0.2162 | 0.1552 | 0.125 | 0.0126 | 0 | 0 | 1733.99 | 319.3 | 264.86
Nvidia (NASDAQ: NVDA) | 1.5 | Instituitonal | 1.77 | 0.3111 | 0.417 | 1.4278 | 0.063 | 0.1433 | 0.0224 | 0.047 | 0.1416 | 0.5313 | 0.3313 | 0 | -0.0742 | 1953 | 17522 | 2605 | 286.8 | 98.06
Raytheon (RTX) | 0.5 | Institutional | 1.05 | -0.0003 | 0.437 | 1.17 | 0.0688 | 0.1139 | 0.29 | 0.0515 | 0.0917 | 0.072 | 0.042 | 0.2 | 0 | 3128 | 2803 | 3938 | 96.58 | 98.33
Philip Morris International (NYSE: PM) | 2 | Institutional | 0.74 | 0.0513 | 0.2772 | 0.86 | 10.04 | 0.1238 | 0.1868 | 0.0499 | 0.0394 | NA | 1.12 | 0.3 | 0.0151 | 36802 | 984 | 38352 | 99.97 | 88.45
Abbvie (ABBV) | 1.8 | Institutional | 0.618 | 0.045 | 0.131 | 0.94 | 0.0661 | 0.093 | 0.1505 | 0.055 | 0.0838 | 0.2234 | 0.2008 | 0.1 | 0.0679 | 5010 | 2600 | 15940 | 151 | 160.13
Walmart (NYSE:WMT) | 1.5 | Institutional  | 0.563 | 0.006 | 0.246 | 1.2116 | 0.0635 | 0.113 | 0.1481 | 0.0522 | 0.102 | 0.1391 | 0.0805 | 0.3 | 0.033 | 6039 | 1212 | 5533 | 143.87 | 114.08
Columbia Sportswear Company (COLM) | 1.5 | Institutional  | 1.028 | 0.08 | 0.391 | 1.018 | 0.0594 | 0.0833 | 0.0089 | 0.0426 | 0.0828 | 0.234 | 0.279 | 0.1 | 0.0005 | 75 | 291 | 693 | 82.63 | 53.9
Boston Beer Company (NYSE: SAM) | 2 | Institutional | 1.087 | 0.0649 | 0.173 | 0.8896 | 0.0594 | 0.0886 | 0.0132 | 0.0427 | 0.0879 | 0.0704 | 0.0844 | 0.1 | 0.015 | 0 | 3.474 | 46.92 | 317.51 | 367.77
Tyson (NYSE: TSN) | 1 | Institution | 0.676 | -0.0645 | 0.234 | 0.9304 | 0.0586 | 0.0897 | 0.2582 | 0.0534 | 0.0766 | 0.4466 | 0.2408 | 0.5 | 0.0349 | 653 | 702 | -759 | 60.13 | 62.91
Costco (NYSE: COST) | 1.5 | Institution | 0.787 | 0.0103 | 0.425 | 1.1763 | 0.0635 | 1.8447 | 0.0403 | 0.039 | 0.1065 | 0.3527 | 0.3777 | 0.2 | 0.0297 | 10660 | 1706 | 14494 | 490 | 190.13
NVIDIA | 1.5 | Institution | 1.811 | 0.41 | 0.388 | 1.386 | 0.0692 | 0.1219 | 0.0183 | 0.0512 | 0.1207 | 0.246 | 0.204 | 0 | -0.005 | 398 | 11159 | 4776 | 264 | 180.16
C3.ai, Inc. (AI) | 1.5 | Institution | 1.605 | -0.0359 | 0.135 | 1.38 | 0.0647 | 0.1233 | 0.015 | 0.0743 | 0.1224 | -0.1789 | -0.2561 | 0 | 0 | 0 | 15 | -192.07 | 17.82 | 12.06
Qualcomm | 0.4 | Institution | 1.281 | 0.1154 | 0.287 | 1.396 | 0.0762 | 0.142 | 0.0917 | 0.0492 | 0.132 | 4.784 | 2.1491 | 0.5 | 0.0972 | 3107.2 | 7143.2 | 2752 | 121.5 | 83.11
Paramount Global (NASDAQ: PARA) | 2 | Institution | 1.02 | -0.0025 | 0.277 | 2.06 | 0.0661 | 0.1749 | 0.5477 | 0.0558 | 0.0979 | 0.05 | 0.0129 | 0.5 | -0.057 | 689 | 0 | -24.94 | 16.4 | 5.62
NVIDIA | 1.5 | Institution | 1.77 | 0.3304 | 0.417 | 1.55 | 0.0692 | 0.1426 | 0.0152 | 0.0453 | 0.141 | 0.1483 | 0.157 | 0.015 | 0 | 398 | 10039 | 2915 | 286.8 | 238.76
Kering (Euronext Paris: KER) | 0.8 | Institution | 1.223 | -0.0328 | 0.536 | 0.9663 | 0.0748 | 0.0955 | 0.1349 | 0.0188 | 0.0844 | 0.3428 | 0.2646 | 0.2 | -0.0194 | 1483 | 38 | 4488 | 562.8 | 591.91
Block Inc | 0.6 | Institutional | 2.487 | -0.939 | 0.487 | 1.39 | 0.0594 | 0.1176 | 0.0525 | 0.2353 | 0.1207 | -0.1964 | -0.1608 | 0 | 0.0804 | 0 | 4.7 | -665.32 | 60.24 | 32.14
MSGS | 0 | Institutional  | 0.537 | 0.075 | 0.00125 | 1.3837 | 0.0594 | 0.1191 | 0.1137 | 0.0904 | 0.1134 | -0.1447 | 0.3101 | 0.1 | -0.34 | 75000 | 170683 | 30 | 203.44 | 134.35
Crocs | 2 | Institutional  | 1.754 | 0.279 | 0.288 | 1.55 | 0.0634 | 0.1325 | 0.2495 | 0.0552 | 0.1098 | 1.2981 | 0.3211 | 0.5 | 0.0227 | 0 | 0 | 2094 | 123.67 | 135.83
Meta Platforms INC | 0.5 | Institutional | 1.21 | -0.016 | 0.242 | 1.5 | 0.0692 | 0.1382 | 0.0173 | 0.0463 | 0.1345 | 0.1845 | 0.2559 | 0.2 | 13.22 | 0 | 31551 | 30576 | 236.06 | 210.39
Lululemon (NASDAQ: LULU) | 1.4 | Institutional | 1.393 | 0.2241 | 0.439 | 1.392 | 0.0571 | 0.1136 | 0.0233 | 0.041 | 0.1138 | 0.2715 | 0.3632 | 0.2 | 0.0328 | 0 | 444 | 323 | 368.38 | 319.09
Dolby Laboratories (NYSE: DLB) | 0 | Institutional, with Insider Influence | 0.957 | 0.0094 | 0.3137 | 1.27 | 5.94 | 0.1213 | 0.0947 | 0.0065 | 0.1123 | 0.0816 | 0.1424 | 0.3 | 0.0666 | 421.45 | 1441.13 | 757.18 | 81.98 | 42.34
Sunoco (NYSE: SUN) | 1.5 | Institution | 1.328 | 0.499 | 0.396 | 2.38 | 0.0594 | 0.1754 | 0.53 | 0.075 | 0.1122 | 0.542 | 0.086 | 0.7 | 0.2819 | 277.53 | 0 | -135.8 | 45 | 94.28
Vail Resorts, Inc. (MTN) | 1.5 | Institutional | 0.987 | -0.229 | 0.339 | 1.29 | 0.0594 | 0.1127 | 0.2126 | 0.0673 | 0.0995 | -1.1481 | 0.2164 | 0.2 | 0.034 | 1302.2 | 539.9 | 2918.71 | 243.59 | 183.74
J.B. Hunt (JBHT) | 1.8 | Institutional | 1.13 | -0.018 | 0.584 | 1.27 | 0.0594 | 0.1094 | 0.0803 | 0.0405 | 0.1022 | 0.094 | 0.157 | 0.2 | 0.0002 | 424.62 | 218.58 | 314.24 | 179.12 | 172.42
Warner Bros Discovery (WBD) | 0.5 | Institutional | 1.34 | -0.419 | 0.302 | 1.67 | 0.064 | 0.1456 | 0.5252 | 0.0609 | 0.1644 | -0.235 | -0.022 | 0.2 | 1.3702 | 0 | 969 | 16297 | 14.06 | 14
DaVita (DVA) | 1.7 | Institutional | 0.955 | 0.0168 | 0.268 | 0.99 | 0.0615 | 0.0952 | 0.4941 | 0.0728 | 0.0768 | 0.4868 | 0.0824 | 0 | 1.1545 | 0 | 1489 | 1671 | 90 | 194
AMC Entertainment (NYSE:AMC) | 0.9 | Institutional | 0.763 | 0.26 | 0.211 | 4.22 | 0.0742 | 0.0953 | 0.7787 | 0.0768 | 0.1113 | -0.37 | -0.0099 | 0.1 | 16.58 | 0 | 0 | -1181.9 | 6.01 | 0
Capri Holdings Ltd (NYSE: CPRI) | 0.8 | Institution | 1.882 | -0.0265 | 0.278 | 1.65 | 0.077 | 0.1608 | 0.3599 | 0.0545 | 0.1177 | 0.3288 | 0.1171 | 0.4 | 0.004 | 0 | 964 | 1180 | 43.34 | 42.06
Siemens AG (XETRA: SIEGY) | 1.8 | Institution | 1.073 | 0.0236 | 0.7037 | 1.37 | 0.0778 | 0.1313 | 0.2952 | 0.037 | 0.0993 | 0.2617 | 0.0992 | 0.1 | 0.0022 | 3215 | 1870 | 2648.57 | 131.4 | 136.69
Universal Music Group N.V. (ENXTAM:UMG)  | 1 | Institutional investor, with insider influence | 0.941 | -0.0557 | 0.283 | 1.28 | 0.0597 | 0.103 | 0.0686 | 0.0341 | 0.0976 | 0.3325 | 0.0423 | 0.1 | 0.007 | 798 | 0 | 28942 | 19.2 | 15.96
Adobe Inc | 0.75 | Institutional | 1.308 | 0.222 | 0.656 | 1.055 | 0.0607 | 0.1031 | 0.026 | 0.0459 | 0.1013 | 0.338 | 0.33 | 0.1 | 0.017 | 0 | 21101 | 22910 | 377.56 | 167.37
Nike (NYSE: NKE) | 1 | Institutional | 1.123 | 0.0487 | 0.503 | 1.27 | 0.0689 | 0.1232 | 0.0696 | 0.0427 | 0.1168 | 0.483 | 0.308 | 0.1 | 0.008 | 1837 | 4014 | 7714 | 117.52 | 80.03
Ulta Beauty (NASDAQ: ULTA) | 1.4 | Institutional, Vanguard Group | 0.921 | 0.1462 | 0.268 | 1.195 | 0.0594 | 0.1053 | 0.0658 | 0.0473 | 0.1007 | 0.6375 | 0.41 | 0.3 | 0.043 | 0 | 907 | 3443.66 | 536.82 | 560.39
Lululemon (NASDAQ: LULU) | Insitutionals | 1.396 | -0.007 | 0.414 | 1 | 0.0562 | 0.0951 | 0.0548 | 0.0551 | 0.0929 | 0.2715 | 0.4869 | 0.1 | -0.074 | 0 | 0 | 4571 | 384.64 | 155.47
Deckers Outdoor Corporation (NYSE: DECK) | 1.7 | Institutions | 1.002 | 0.237 | 0.25 | 0.97 | 0.058 | 0.095 | 0.0164 | 0.0361 | 0.094 | 0.221 | 1.0107 | 0.1 | 0.013 | 0 | 956.26 | 1560.88 | 478.77 | 368.41
Restaurant Brands International (NSE: QSR) | 1 | Institutions | 0.99 | -0.0024 | 0.4 | 1.2 | 0.0594 | 0.1155 | 0.3663 | 0.0755 | 0.0935 | 0.1231 | 0.0618 | 0.2 | -0.01 | 4533 | 877 | 4473 | 68.21 | 58.23
Petrobras (NYSE: PBR) | 0.25 | Institutional | 1.382 | 0.0202 | 0.236 | 1.68 | 0.1113 | 0.2261 | 0.508 | 0.0701 | 0.1347 | 0.5194 | 0.333 | 0.9 | 0.0303 | 27533.71 | 0 | 200287.45 | 4.64 | 22
Stryker (NYSE: SYK) | Institutional | 1.151 | 0.1623 | 0.4951 | 1.1 | 0.0594 | 0.1127 | 0.1083 | 0.0544 | 0.1042 | 0.1109 | 0.0722 | 0.1 | -0.0054 | 1051 | 0 | 1265 | 284.71 | 269.35
Electronic Arts (EA) | 2 | Institutional | 0.45 | -0.055 | 0.1019 | 0.87 | 0.053 | 0.0872 | 0.06 | 0.0297 | 0.085 | 0.136 | 0.087 | 0.15 | 208.39 | 1215 | 1143 | 121.12 | 121.08
Warby Parker (NYSE: WRBY) | 0.5 | Institutional | 1.87 | -0.066 | 0.433 | 0.9256 | 0.0557 | 0.0866 | 0.0742 | 0.235 | 0.0932 | -0.386 | -0.3974 | 0 | 0.0127 | 0 | 87.57 | -425.49 | 10.5 | 14
Nvidia Corporation (NVDA) | 1.5 | Institutional - Vanguard | 1.596 | 0.35 | 0.472 | 1.36 | 0.0647 | 0.1239 | 0.014 | 0.052 | 0.1227 | 0.16 | 0.28 | 0 | 0% (Neg) | 398 | 11159 | 5139 | 268.23 | 94.77
Netflix (NASDAQ: NFLX) | 0.5 | Institutional | 1.265 | -0.0437 | 0.313 | 1.07 | 0.07 | 0.109 | 0.1224 | 0.0543 | 0.1017 | 0.245 | 0.098 | 0.1 | -0.0224 | 0 | 0 | 87638.78 | 319.3 | 197.16
Intel (INTC) | 1.5 | Institutional | 0.976 | -0.1367 | 0.358 | 1.4621 | 0.0635 | 0.1245 | 0.1505 | 0.0459 | 0.111 | 0.1535 | 0.2215 | 0.6 | 0.4466 | 5565 | 8190 | 15697 | 30.99 | 33.9
Kroger | 1.1 | Institutional | 0.446 | 0.883 | 0.103 | 0.473 | 0.0554 | 0.0612 | 0.3931 | 0.055 | 0.0538 | 0.2437 | 0.0826 | 0.3 | 0.0329 | 682 | 294.3 | 920.09 | 49.16 | 90.56
Ferrari (NYSE: RACE) | 1.2 | Institution | 1.06 | 0.0678 | 0.5392 | 1.07 | 0.0667 | 0.1048 | 0.0523 | 0.0366 | 0.102 | 0.3609 | 0.4019 | 0 | 0.0009 | 249.52 | 396.52 | 597.93 | 280.19 | 290.45
Rivian (NASDAQ: RIVN) | 0.25 | Institutional | 1.834 | -0.6707 | 0.311 | 1.71 | 0.0594 | 0.1403 | 0.1455 | 0.0851 | 0.1291 | -0.4893 | -1.2718 | 0 | 0 | 14.81
Caterpillar (CAT) | 1.8 | Institutional | 1.102 | 0.041 | 0.418 | 1.45 | 0.0594 | 0.1248 | 0.2481 | 0.053 | 0.1037 | 0.4225 | 0.1544 | 0.3 | 0.0452 | 2440 | 921 | 45544.58 | 215.09 | 158.68
Nintendo Co. (TSE: 7974) | 1.8 | Intitutional | 0.734 | 0.0581 | 0.148 | 0.471 | 0.067 | 0.0321 | 0 | 0.016 | 0.0321 | 0.2198 | 0.9111 | 0 | 0 | 1780.14 | 705.59 | 4274.23 | 44.11 | 51.12
Delta Air Lines, Inc. (NYSE: DAL) | 1 | Insitutional | 1.132 | 0.0115 | 0.292 | 0.92 | 0.077 | 0.122 | 0.54 | 0.067 | 0.083 | -0.2247 | 0.1122 | 0.5 | -0.008 | 410.1 | 1177.4 | 1421.5 | 34.31 | 13.94
Fox Corp | 0.1 | Institutional | 0.574 | -0.0811 | 0.179 | 1.086 | 5.94 | 0.0988 | 0.312 | 0.0534 | 0.0782 | 0.132 | 0.087 | 0.5 | 0.188 | 312 | 7000 | 15053.97 | 31.97 | 27.75
Dollar General | 1.5 | Institutional | 0.324 | 0.0102 | 0.083 | 0.72 | 0.0594 | 0.0428 | 0.25 | 0.94 | 0.0686 | 0.4145 | 0.1299 | 0.2 | 0.0466 | 1.88 | 9.97 | 5502 | 216.51 | 171.92
Airbnb  | 0 | Insider | 1.662 | -0.0183 | 0.337 | 1.16 | 0.0875 | 0.1378 | 0 | 0.0429 | 0.13 | 0.3246 | 0.0214 | 0.1 | -0.0345 | 0 | 3811 | -87.18 | 118.63 | 119.14
Tapestry Inc. | 1 | Institutional | 1.47 | -0.0588 | 0.31 | 1.08 | 0.0658 | 0.1052 | 0.2166 | 0.0519 | 0.0934 | 0.3747 | 0.2092 | 0.5 | 0.0317 | 264.4 | 1600 | 679.4 | 41.88 | 37.04
Siemens AG (Xetra: SIE) | 2 | Common Stock Holder | 1.161 | 0.0949 | 0.698 | 1.37 | 0.0877 | 0.1547 | 0.3129 | 0.0413 | 0.1154 | 0.1299 | 0.0742 | 0.5 | 0.018 | 3769 | 5504 | 7345 | 168.31 | 145.61
Northrop Grumman (NYSE: NOC) | 0.9 | Institutional | 0.502 | 0.0512 | 0.144 | 1.34 | 0.0607 | 0.1166 | 0.1683 | 0.0552 | 0.1058 | 0.115 | 0.1735 | 0.4 | 0.027 | 1052 | 1601.2 | 2701.2 | 477.07 | 499.56
Mastercard (NYSE: MA) | 1.6 | Insider | 1.15 | 0.0056 | 0.552 | 1.38 | 0.0686 | 0.1288 | 0.0376 | 0.0377 | 0.1253 | 1.5623 | 0.7407 | 0.2 | 0.036 | 1093 | 8753 | 10184 | 363.41 | 185.95
Restoration Hardware (NYSE: RH) | 0.75 | Institutional | 1.859 | -0.1503 | 0.456 | 1.83 | 0.0594 | 0.143 | 0.4011 | 0.0781 | 0.1091 | 0.6737 | 0.1384 | 0.4 | 0.0011 | 0 | 1000 | 440 | 236.93 | 206.24
Ulta Beauty Inc. (NASDAQ: ULTA) | 1.75 | Institutional | 1.315 | 0.0087 | 0.414 | 1.2442 | 0.0594 | 0.1089 | 0.0618 | 0.039 | 0.1041 | 0.815 | 0.4206 | 0.2 | 0.1382 | 0 | 3678 | 2731 | 551.43 | 601.56
Amazon.com, Inc. (AMZN) | 2 | Institutional | 1.263 | -0.167 | 0.47 | 1.34 | 0.064 | 0.121 | 0.112 | 0.0445 | 0.0352 | 0.084 | 0.039 | 0.1 | 0.09 | 0 | 6000 | -1175 | 104.3 | 95.7
Activision Blizzard, Inc. (NASDAQ: ATVI) | 8 | Institutional | 0.404 | -0.0284 | 0.005 | 1.36 | 0.0765 | 0.1351 | 0.0634 | 0.0503 | 0.0633 | 0.098 | 0.086 | 0.1 | 0.022 | 316 | 47 | 12426 | 75.73 | 44.85
Albemarle (NYSE: ALB) | 0.5 | Institutional | 1.521 | 0.1287 | 0.37 | 1.42 | 0.0594 | 0.1232 | 0.1465 | 0.0588 | 0.1116 | 0.337 | 0.1957 | 0.6 | 0.0953 | 185 | 0 | 14394.13 | 177.27 | 207.14
Samsung Electronics | 1.2 | Institutional | 0.92 | -0.23 | 0.435 | 1.56 | 0.0782 | 0.156 | 0.0276 | 0.0429 | 0.153 | 0.1586 | 0.1276 | 0 | -0.009 | 7446.7 | 0 | 9615.66 | 49.39 | 54
Nvidia Corporation (NVDA) | Institutional | 1.733 | 0.3566 | 0.463 | 1.53 | 0.0662 | 0.134 | 0.0134 | 0.0485 | 0.134 | 0.1641 | 0.1173 | 0.05
ITC Limited (NSE) | 1.8 | Institutional | 0.7136 | 0.0575 | 0.3339 | 0.6297 | 0.0946 | 0.1037 | 0.0012 | 0.0511 | 0.1037 | 0.2603 | 0.3522 | 0.1 | 0.0987 | 135470.7 | 0 | 149968.3 | 425.55 | 205.96
PM (NYSE) - Philip Morris | 1.5 | institutional | 0.704 | 0.0343 | 0.27 | 2.01 | 8.957 | 0.2165 | 0.2093 | 0.0522 | 0.1804 | n/a | 0.1621 | 0.3 | 0.004 | 36803 | 984 | 401006 | 99.97 | 100.43
Bilibili Inc. (NASDAQ:BILI) | 0.5 | Institution | 0.84 | -0.69 | 0.03 | 1.09 | 0.0862 | 0.1295 | 0.1798 | 0.2353 | 0.138 | -0.492 | -0.2267 | 0 | 0.2712 | 0 | 50.74 | -1356.79 | 20.25 | 4.01
Surgery Partners (NYSE: SGRY) | 1.5 | Institution | 2.132 | 0.0389 | 0.33 | 0.0185 | 0.0594 | 0.1438 | 0.4127 | 0.1081 | 0.1238 | 0.031 | 0.038 | 0.3 | -0.1127 | 0 | 0 | 58.28 | 37.35 | 44.27
Norwegian CL (NCLH) | 1.5 | Institutional | 1.995 | -0.2323 | 0.504 | 0.83 | 0.0711 | 0.0933 | 0.7203 | 0.087 | 0.0878 | -0.7138 | -0.0707 | 0 | 1.1494 | 0 | 187.15 | -932.6 | 14 | 30.092055
McDonald's (NYSE:MCD) | 1 | Institutional | 0.618 | 0.0642 | 0.351 | 0.895 | 0.0648 | 0.0937 | 0.1631 | 0.0558 | 0.0853 | n/a | 0.2031 | 0.1 | 0.009 | 4168 | 3896 | 6701.8 | 292.06 | 113.43
SMIC (SEHK: 0981) | 1.5 | Institutional | 0.237 | 0.0104 | 0.023 | 2.07 | 0.0661 | 0.1716 | 0.362 | 0.0571 | 0.125 | 0.1193 | 0.0567 | 0.4 | 0.0715 | 0 | 38.3 | -866.05 | 2.25 | 3.19
Under Armour (NYSE UAA) | 0 | Institutional | 1.675 | -0.2683 | 0.331 | 1.51 | 0.0643 | 0.137 | 0.42 | 0.0702 | 0.1031 | 0.3068 | 0.2179 | 0.1 | -0.057 | 0 | 6 | 456.5 | 8.62 | 12.91
Broadcom Inc.  | 1.5 | Institutional | 1.14 | 0.1368 | 0.5 | 1.67 | 0.064 | 0.142 | 0.134 | 0.055 | 0.128 | 0.494 | 0.229 | 0.2 | 0.011 | 7032 | 8455 | 16398 | 619.5 | 547.4
Netflix (NASDAQ: NFLX) | 0.75 | Institutional | 1.275 | -0.118 | 0.315 | 1.25 | 0.0661 | 0.128 | 0.1089 | 0.0354 | 0.1185 | 0.22 | 0.028 | 0.12 | -0.0006 | 0 | 0 | 2235.37 | 328 | 95
Simon Property Group | 0 | Institutional | 1.556 | -0.0893 | 0.494 | 1.01 | 0.0596 | 0.0962 | 0.3896 | 0.0522 | 0.074 | 0.7864 | 0.0849 | 0.2 | 0.0142 | 2264 | 187.5 | 2744.7 | 110.54 | 25.28
Reliance Industries Limited | 1.2 | Institutional | 0.998 | -0.0867 | 0.364 | 1.168 | 0.0735 | 0.1562 | 0.185 | 0.0524 | 0.1343 | 0.0714 | 0.0486 | 0.2 | 0.1742 | 619 | 3 | 310241 | 29.98 | 30.82
MP Materials (NYSE: MP) | 0.25 | Institutional | 2.76 | 0.4999 | 0.342 | 1.4 | 0.0594 | 0.1222 | 0.118 | 0.0413 | 0.1114 | 0.2202 | 0.3012 | 0.2 | 0.0073 | 0 | 0 | 1270.79 | 26.7 | 24.34
Walmart (NYSE:WMT) | 1 | Institutional | 0.651 | -0.011 | 0.264 | 0.942 | 0.0624 | 0.0938 | 0.1022 | 0.042 | 0.0874 | 0.2121 | 0.0909 | 0.2 | 0.42 | 6114 | 9866 | 14472 | 150.97 | 195.5
The AES Corporation (NYSE:AES) | 0.5 | Institutional | 0.91 | 0.1188 | 0.318 | 0.86 | 0.1078 | 0.1272 | 0.6061 | 0.0536 | 0.0745 | 0.0247 | 0.0043 | 0.4 | -0.34 | 422 | 0 | 1472 | 22 | 15.45
MGM Resorts International  | 1 | Institutional  | 1.386 | 0.15 | 0.464 | 2.27 | 0.06 | 0.1719 | 0.6577 | 0.0475 | 0.0819 | 0.1531 | 0.0282 | 0.7 | -47408 | 4 | 2775 | 14787 | 43.7 | 40.64
Expedia Group Inc (EXPE) | 0 | Institutonal | 1.61 | -0.772 | 0.414 | 1.87 | 0.0659 | 0.1572 | 0.3196 | 0.054 | 0.1199 | 0.094 | 0.065 | 0.2 | 0.0008 | 0 | 607 | -3548 | 93 | 18.99
Electronic Arts | 2 | Institutional | 0.453 | -0.054 | 0.102 | 0.85 | 0.055 | 0.0798 | 0.0619 | 0.053 | 0.0772 | 0.137 | 0.1707 | 0.1 | 0.015 | 208.24 | 1215 | 5367 | 126 | 111.97
AvalonBay Communities (AVB) | 1.4 | Institutional | 0.95 | -0.0054 | 0.5371 | 0.9541 | 0.0594 | 0.0955 | 0.4212 | 0.055 | 0.0835 | 0.1016 | 0.0544 | 0.2 | -0.0119 | 890.03 | 0 | 1452.46 | 179.75 | 141.19
TJX Companies, Inc | 1.5 | Institutional  | 0.909 | 0.0047 | 0.443 | 0.9741 | 0.0612 | 0.0946 | 0.1199 | 0.039 | 0.0821 | 0.5923 | 0.3189 | 0.2 | 0.0034 | 4863 | 8590 | 193792 | 78.1 | 26.58
DICK'S Sporting Goods, Inc | 1.5 | Institutional  | 1.631 | 0.0507 | 0.389 | 1.41 | 0.053 | 0.1136 | 0.191 | 0.0589 | 0.1008 | 0.5621 | 0.2594 | 0.3 | 0.042 | 89.27 | 323.35 | 369.14 | 142.56 | 122.36
Elf Beauty (NYSE: ELF) | 1 | Institutional | 0.966 | 0.812 | 0.201 | 1.21 | 0.0567 | 0.103 | 0.0189 | 0.0409 | 0.1018 | 0.134 | 0.119 | 0.2 | 0.161 | 0 | 0 | 25.3 | 89.42 | 79.71
Churchill Downs, Inc. (NASDAQ: CHDN) | 1.4 | Institutional | 1.117 | 0.1628 | 0.346 | 1.27 | 0.0594 | 0.1111 | 0.3613 | 0.067 | 0.0928 | -7.3233 | 0.1733 | 0.2 | -0.0098 | 26 | 157 | 253 | 297.74 | 228.29
Lions Gate (NYSE: LFG.A) | 1.5 | Institutional | 1.477 | -0.134 | 0.216 | 2.4809 | 0.0668 | 0.2045 | 0.6101 | 0.0914 | 0.1215 | -162.48 | -0.0029 | 0.3 | 0.88 | 0 | 0 | -1041.4 | 10.9 | 30.51
Burlington Stores, Inc. (BURL) | 0.5 | Institution | 1.085 | 0.1012 | 0.262 | 1.42 | 0.0623 | 0.1242 | 0.3793 | 0.0602 | 0.0951 | 0.4841 | 0.0562 | 0.2 | 0.0969 | 0 | 1173.9 | 1392.9 | 192.81 | 211.45
WWE (NYSE: WWE) | 0 | Institutional | 0.641 | 0.2304 | 0.107 | 1.35 | 0.0404 | 0.0901 | 0.0977 | 0.0426 | 0.0845 | 0.3781 | 0.526 | 0.1 | -0.006 | 184 | 289 | 792 | 91.26 | 66.42
Regeneron Pharmaceuticals, Inc. (REGN) | 2 | Institutional | 0.623 | 0.2905 | 0.1591 | 1.23 | 0.0544 | 0.0984 | 0.0289 | 0.0517 | 0.0967 | 0.2311 | 0.2406 | 0.3 | 0.0532 | 0 | 2528.5 | 15010.8 | 797.67 | 833.61
Intel (INTC) | 1.5 | Institution | 0.794 | -0.1477 | 0.278 | 1.77 | 0.07 | 0.1517 | 0.1665 | 0.049 | 0.132 | 0.1171 | 0.0227 | 0.1 | -0.017 | 51767 | 63717 | 95341 | 31.06 | 8.39
IBM (IBM) | 0.75 | Institution | 0.86 | -0.14 | 0.427 | 1.66 | 0.0766 | 0.163 | 0.273 | 0.0412 | 0.1279 | 0.07 | 0.033 | 0.3 | -0.0147 | 5541 | 4017 | 6480 | 122.6 | 109.6
Netflix (NFLX) | 1.75 | Institutional | 1.177 | 0.383 | 0.313 | 1.23 | 0.0798 | 0.1331 | 0.152 | 0.0415 | 0.1187 | NA | 0 | 0 | 2799.27 | 329.93 | 154.76
Netflix (NFLX) | 0.5 | Institutional | 1.265 | -0.0361 | 0.31 | 1.354 | 0.0758 | 0.1377 | 0.0999 | 0.055 | 0.1284 | 0.2723 | 0.1865 | 0.1 | 0.001 | 0 | 0 | 16544.7 | 329 | 98.3
Anheuser-Busch Inbev SA (BUD) | 1.5 | Institutional | 1.211 | -0.0014 | 0.518 | 1.5237 | 0.0587 | 0.1186 | 0.1346 | 0.055 | 0.1082 | 0.471 | 0.6714 | 0.2 | 0.0533 | 970 | 3500 | 11578 | 65.23 | 43.47
Las Vegas Sands Corp (NYSE: LVS) | 1 | Institutional | 0.704 | 0.0584 | 0.156 | 0.915 | 0.0642 | 9.26 | 0.2484 | 0.0558 | 0.0818 | -0.3971 | -0.0594 | 0.1 | 0.0481 | 0 | 0 | -223 | 63.85 | 43.05
Palantir Technologies Inc (NYSE: PLTR) | 1.5 | Institutional | 1.364 | -0.0346 | 0.241 | 1.46 | 0.0647 | 0.1171 | 0 | 0.0759 | 0.1171 | -0.1457 | -0.0627 | 0 | 0 | 0 | 0 | -373.7 | 7.41 | 12.71
Sweetgreen Inc (NYSE: SG) | 0 | Institutional | 1.624 | -0.0609 | 0.209 | 1.62 | 0.06 | 0.1316 | 0.1962 | 0.235 | 0.1789 | -0.3519 | -0.6116 | 0 | 0.24 | 0 | 0 | -24.8 | 7.84 | 3.69
Micron (NASDAQ: MU) | 1 | Institutional | 1.202 | -0.0296 | 0.316 | 1.57 | 0.0686 | 0.143 | 0.101 | 0.057 | 0.133 | 0.24 | 0.203 | 0.4 | 0.0828 | 461 | 2557 | -188 | 61.93 | 40.53
Hermes (PAR: RMS) | 1 | Institutional | 0.722 | 0.0195 | 0.24 | 0.8617 | 0.0739 | 0.0869 | 0.0089 | 0.0362 | 0.0864 | 0.2707 | 0.3603 | 0.1 | 0.0086 | 3277 | 516 | 11423 | 1966.8 | 1243.21
Avis Budget Group (NYSE: CAR) | 2 | Institutional | 2.224 | 0.0128 | 0.232 | 3.18 | 0.1093 | 0.3834 | 0.6982 | 0.0673 | 0.151 | NA | 0.1759 | 0.7 | 0.076 | 0 | 6580 | 11229.3 | 168.21 | 189.15
Take-Two Interactive (NYSE: TTWO) | 1 | Institutional | 0.701 | -0.0408 | 0.135 | 1.13 | 0.0625 | 0.1066 | 0.1233 | 0.072 | 0.1001 | 0.1495 | 0.098 | 0.2 | 0.046 | 0 | 540.37 | 929 | 124.51 | 130.67
Nike (NYSE: NKE) | 1.5 | Institutionals | 1.107 | 0.0292 | 0.497 | 1.02 | 0.0713 | 0.1065 | 0.0611 | 0.0461 | 0.1019 | 0.4827 | 0.429 | 0.1 | 0.0101 | 1008 | 4101 | 19523.31 | 126.72 | 79.42
