Source: http://www.stern.nyu.edu/~adamodar/pc/blog/inflationratebycountry.xlsx

Sheet: Synthetic Risk free rate
Input
US T.Bond Rate (10 year) | 0.0192
US TIPS rate | 0.0056
Country | Angola
Expected Inflation Rate | 0.0874
Riskfree Rate in local currency = | 0.09340773480662978

Sheet: Inflation Rates, by country
Country | Inflation: 200-09 | Inflation: 2010-19 | Expected Inflation: 2020-24
Afghanistan | 0.128625 | 0.0444 | 0.0484
Albania | 0.0269 | 0.021500000000000005 | 0.026399999999999996
Algeria | 0.0322 | 0.0466 | 0.06580000000000001
Angola | 0.8029000000000001 | 0.16089999999999996 | 0.0874
Antigua and Barbuda | 0.018099999999999998 | 0.018200000000000004 | 0.02
Argentina | 0.0859 | 0.22185714285714284 | 0.29879999999999995
Armenia | 0.035699999999999996 | 0.033800000000000004 | 0.036000000000000004
Aruba | 0.035699999999999996 | 0.010799999999999999 | 0.021399999999999995
Australia | 0.031700000000000006 | 0.021400000000000002 | 0.022199999999999998
Austria | 0.0189 | 0.019000000000000003 | 0.019600000000000003
Azerbaijan | 0.0717 | 0.0526 | 0.033
Bahamas, The | 0.0228 | 0.015399999999999999 | 0.023
Bahrain | 0.0157 | 0.019899999999999998 | 0.023799999999999998
Bangladesh | 0.056299999999999996 | 0.0702 | 0.055
Barbados | 0.0375 | 0.0337 | 0.022000000000000002
Belarus | 0.3723 | 0.19810000000000003 | 0.04279999999999999
Belgium | 0.021100000000000004 | 0.0184 | 0.0158
Belize | 0.0251 | 0.0079 | 0.0192
Benin | 0.032799999999999996 | 0.0132 | 0.018000000000000002
Bhutan | 0.047799999999999995 | 0.0709 | 0.0452
Bolivia | 0.048499999999999995 | 0.0429 | 0.0418
Bosnia and Herzegovina | 0.034 | 0.0054 | 0.0162
Botswana | 0.08729999999999999 | 0.0486 | 0.038200000000000005
Brazil | 0.06880000000000001 | 0.058100000000000006 | 0.0358
Brunei Darussalam | 0.0060999999999999995 | -0.0005 | 0.002
Bulgaria | 0.0674 | 0.011500000000000002 | 0.0222
Burkina Faso | 0.0285 | 0.0104 | 0.0188
Burundi | 0.11030000000000001 | 0.0828 | 0.09
Cabo Verde | 0.0199 | 0.0124 | 0.0172
Cambodia | 0.04839999999999999 | 0.030999999999999996 | 0.028399999999999998
Cameroon | 0.025700000000000004 | 0.018000000000000002 | 0.0206
Canada | 0.021 | 0.0173 | 0.0204
Central African Republic | 0.0348 | 0.045 | 0.0252
Chad | 0.039799999999999995 | 0.018600000000000002 | 0.0324
Chile | 0.034899999999999994 | 0.028999999999999998 | 0.0296
China, People's Republic of | 0.018699999999999998 | 0.025300000000000003 | 0.0282
Colombia | 0.0625 | 0.037399999999999996 | 0.0314
Comoros | 0.0438 | 0.019100000000000002 | 0.018600000000000002
Congo, Dem. Rep. of the | 1.0644999999999998 | 0.1159 | 0.05
Congo, Republic of  | 0.0288 | 0.022199999999999998 | 0.026399999999999996
Costa Rica | 0.1091 | 0.0321 | 0.0302
Croatia | 0.03189999999999999 | 0.010699999999999998 | 0.013399999999999999
Cyprus | 0.026699999999999998 | 0.008799999999999999 | 0.0188
Czech Republic | 0.027800000000000002 | 0.016800000000000002 | 0.0206
Côte d'Ivoire | 0.0304 | 0.0146 | 0.02
Denmark | 0.0202 | 0.0115 | 0.018600000000000002
Djibouti | 0.0355 | 0.019100000000000002 | 0.02
Dominica | 0.0204 | 0.008799999999999999 | 0.018600000000000002
Dominican Republic | 0.1301 | 0.037399999999999996 | 0.04020000000000001
Ecuador | 0.17830000000000001 | 0.025799999999999997 | 0.013199999999999998
Egypt | 0.0708 | 0.1279 | 0.07659999999999999
El Salvador | 0.03559999999999999 | 0.0128 | 0.0106
Equatorial Guinea | 0.05600000000000001 | 0.026999999999999996 | 0.018199999999999997
Eritrea | 0.19229999999999997 | 0.0045000000000000005 | 0.016
Estonia | 0.043500000000000004 | 0.026199999999999998 | 0.022199999999999998
Eswatini | 0.0791 | 0.05739999999999999 | 0.0588
Ethiopia | 0.11059999999999999 | 0.1362 | 0.092
Fiji | 0.0341 | 0.03409999999999999 | 0.03
Finland | 0.0183 | 0.014999999999999998 | 0.015600000000000001
France | 0.018700000000000005 | 0.012699999999999998 | 0.015400000000000002
Gabon | 0.011300000000000003 | 0.0229 | 0.027000000000000003
Gambia, The | 0.0669 | 0.06130000000000001 | 0.055
Georgia | 0.0631 | 0.0362 | 0.0316
Germany | 0.016299999999999995 | 0.0144 | 0.0188
Ghana | 0.17919999999999997 | 0.1149 | 0.085
Greece | 0.0321 | 0.007899999999999999 | 0.0144
Grenada | 0.0288 | 0.011600000000000001 | 0.018200000000000004
Guatemala | 0.0704 | 0.0408 | 0.04220000000000001
Guinea | 0.1558 | 0.1177 | 0.07959999999999999
Guinea-Bissau | 0.0313 | 0.011000000000000001 | 0.0216
Guyana | 0.061700000000000005 | 0.0189 | 0.0328
Haiti | 0.1501 | 0.0951 | 0.109
Honduras | 0.0824 | 0.04649999999999999 | 0.0404
Hong Kong SAR | -0.0015000000000000005 | 0.03269999999999999 | 0.0254
Hungary | 0.0616 | 0.0249 | 0.0314
Iceland | 0.0625 | 0.031100000000000003 | 0.025
India | 0.058499999999999996 | 0.065 | 0.0404
Indonesia | 0.0851 | 0.047299999999999995 | 0.031
Iran | 0.14730000000000001 | 0.2115 | 0.275
Iraq | 0.243 | 0.0203 | 0.017
Ireland | 0.029500000000000002 | 0.0043 | 0.018199999999999997
Israel | 0.02 | 0.0108 | 0.018000000000000002
Italy | 0.0233 | 0.012399999999999998 | 0.012600000000000002
Jamaica | 0.1101 | 0.062400000000000004 | 0.047599999999999996
Japan | -0.0023999999999999994 | 0.005199999999999999 | 0.0116
Jordan | 0.037099999999999994 | 0.029300000000000003 | 0.025
Kazakhstan | 0.09210000000000002 | 0.0731 | 0.045
Kenya | 0.07400000000000001 | 0.07150000000000001 | 0.0498
Kiribati | 0.0362 | 0.0016999999999999988 | 0.025599999999999998
Korea, Republic of | 0.0313 | 0.017300000000000003 | 0.016
Kosovo | 0.027888888888888894 | 0.020700000000000007 | 0.0178
Kuwait | 0.029699999999999997 | 0.029200000000000004 | 0.0294
Kyrgyz Republic | 0.0872 | 0.0544 | 0.05
Lao P.D.R. | 0.07889999999999998 | 0.03730000000000001 | 0.0314
Latvia | 0.05840000000000001 | 0.0148 | 0.023
Lebanon | 0.0223 | 0.0314 | 0.024400000000000005
Lesotho | 0.07279999999999999 | 0.05 | 0.0554
Liberia | 0.09820000000000001 | 0.11470000000000002 | 0.2
Libya | 0.0007999999999999967 | 0.10719999999999999 | 0.0698
Lithuania | 0.030699999999999998 | 0.0184 | 0.022000000000000002
Luxembourg | 0.027600000000000003 | 0.0177 | 0.018600000000000002
Macao SAR | 0.027125 | 0.039799999999999995 | 0.0298
Madagascar | 0.1052 | 0.0727 | 0.0546
Malawi | 0.10280000000000002 | 0.16149999999999998 | 0.0642
Malaysia | 0.021900000000000003 | 0.0218 | 0.0222
Maldives | 0.0332 | 0.04219999999999999 | 0.0232
Mali | 0.025699999999999997 | 0.0133 | 0.017400000000000002
Malta | 0.025 | 0.016300000000000002 | 0.0192
Marshall Islands | 0.04766666666666666 | 0.012200000000000003 | 0.02
Mauritania | 0.0627 | 0.0352 | 0.0388
Mauritius | 0.0582 | 0.0301 | 0.0294
Mexico | 0.0522 | 0.0397 | 0.0302
Micronesia, Fed. States of | 0.0308 | 0.019600000000000003 | 0.02
Moldova | 0.11980000000000002 | 0.0599 | 0.051399999999999994
Mongolia | 0.09040000000000001 | 0.08209999999999999 | 0.0738
Montenegro | 0.1054 | 0.016800000000000002 | 0.018000000000000002
Morocco | 0.0192 | 0.011899999999999999 | 0.018199999999999997
Mozambique | 0.1108 | 0.08120000000000001 | 0.060200000000000004
Myanmar | 0.20259999999999997 | 0.058699999999999995 | 0.060200000000000004
Namibia | 0.0768 | 0.05279999999999999 | 0.055
Nauru | 0.114 | 0.020199999999999996 | 0.0206
Nepal | 0.05540000000000001 | 0.0767 | 0.0576
Netherlands | 0.0229 | 0.0148 | 0.018000000000000002
New Zealand | 0.026899999999999993 | 0.0155 | 0.019799999999999998
Nicaragua | 0.0898 | 0.0559 | 0.047200000000000006
Niger | 0.03180000000000001 | 0.004800000000000001 | 0.0204
Nigeria | 0.1233 | 0.11779999999999999 | 0.113
North Macedonia  | 0.026800000000000004 | 0.0149 | 0.0206
Norway | 0.0209 | 0.0213 | 0.019799999999999998
Oman | 0.0258 | 0.0169 | 0.028600000000000004
Pakistan | 0.0758 | 0.0735 | 0.07459999999999999
Palau | 0.028333333333333335 | 0.0215 | 0.02
Panama | 0.024099999999999996 | 0.024200000000000003 | 0.0188
Papua New Guinea | 0.07640000000000001 | 0.0509 | 0.04939999999999999
Paraguay | 0.08259999999999999 | 0.0427 | 0.037000000000000005
Peru | 0.026099999999999998 | 0.028000000000000004 | 0.019799999999999998
Philippines | 0.0525 | 0.030699999999999995 | 0.0288
Poland | 0.035 | 0.016 | 0.0322
Portugal | 0.025900000000000003 | 0.012799999999999999 | 0.0142
Puerto Rico | 0.028300000000000002 | 0.010300000000000002 | 0.011000000000000001
Qatar | 0.057 | 0.0127 | 0.0206
Romania | 0.16380000000000003 | 0.0282 | 0.027399999999999997
Russian Federation | 0.1398 | 0.0687 | 0.0388
Rwanda | 0.0814 | 0.03819999999999999 | 0.05
Saint Kitts and Nevis | 0.0346 | 0.006599999999999999 | 0.02
Saint Lucia | 0.0279 | 0.0154 | 0.0208
Saint Vincent and the Grenadines | 0.029199999999999993 | 0.0116 | 0.02
Samoa | 0.0577 | 0.0174 | 0.027600000000000003
San Marino | 0.022000000000000002 | 0.0146 | 0.0162
Saudi Arabia | 0.0165 | 0.02 | 0.0212
Senegal | 0.0206 | 0.0093 | 0.015
Serbia | 0.2266 | 0.04410000000000001 | 0.026399999999999996
Seychelles | 0.0925 | 0.0246 | 0.0268
Sierra Leone | 0.0756 | 0.09910000000000001 | 0.1014
Singapore | 0.014899999999999998 | 0.0167 | 0.013199999999999998
Slovak Republic | 0.05259999999999999 | 0.015600000000000001 | 0.0204
Slovenia | 0.049100000000000005 | 0.0125 | 0.0194
Solomon Islands | 0.09169999999999998 | 0.028399999999999998 | 0.040999999999999995
South Africa | 0.060700000000000004 | 0.05199999999999999 | 0.0528
South Sudan, Republic of | #DIV/0! | 0.9691249999999999 | 0.10279999999999997
Spain | 0.029699999999999997 | 0.0123 | 0.0146
Sri Lanka | 0.0978 | 0.0513 | 0.049
Sudan | 0.1035 | 0.32089999999999996 | 0.6838
Suriname | 0.1577 | 0.13169999999999998 | 0.06119999999999999
Sweden | 0.0184 | 0.012200000000000003 | 0.017400000000000002
Switzerland | 0.0095 | 0.0005 | 0.009000000000000001
Syria | 0.049499999999999995 | 0.044000000000000004 | #DIV/0!
São Tomé and Príncipe | 0.1613 | 0.0863 | 0.050600000000000006
Taiwan Province of China | 0.0093 | 0.0102 | 0.013399999999999999
Tajikistan | 0.1646 | 0.06599999999999999 | 0.06659999999999999
Tanzania | 0.0653 | 0.0731 | 0.046599999999999996
Thailand | 0.024699999999999996 | 0.0162 | 0.015
Timor-Leste | 0.04499999999999999 | 0.044 | 0.03740000000000001
Togo | 0.0278 | 0.013200000000000003 | 0.02
Tonga | 0.08000000000000002 | 0.0298 | 0.032
Trinidad and Tobago | 0.0629 | 0.047400000000000005 | 0.0212
Tunisia | 0.03169999999999999 | 0.0493 | 0.04680000000000001
Turkey | 0.2315 | 0.099 | 0.1168
Turkmenistan | 0.0769 | 0.0734 | 0.078
Tuvalu | 0.035222222222222224 | 0.018000000000000002 | 0.0328
Uganda | 0.06430000000000001 | 0.0617 | 0.047
Ukraine | 0.13169999999999998 | 0.1264 | 0.0524
United Arab Emirates | 0.055600000000000004 | 0.0152 | 0.0176
United Kingdom | 0.018500000000000003 | 0.022399999999999996 | 0.019799999999999998
United States | 0.025799999999999993 | 0.0176 | 0.023199999999999995
Uruguay | 0.086 | 0.08009999999999998 | 0.0708
Uzbekistan | 0.1598 | 0.12080000000000002 | 0.09739999999999999
Vanuatu | 0.0287 | 0.018600000000000002 | 0.024399999999999998
Venezuela | 0.2097 | 266.367 | 5000
Vietnam | 0.06720000000000001 | 0.06160000000000001 | 0.0388
Yemen | 0.1097 | 0.17579999999999998 | 0.111
Zambia | 0.1729 | 0.0901 | 0.084
Zimbabwe | 0.12990000000000002 | 0.1809 | 0.12480000000000001

Sheet: Raw Data from IMF
Inflation rate, average consumer prices (Annual percent change) | Inflation Rate  -2000-09 | Inflation Rate  -2000-09 | Expected Inflation: 2020-24 | 1980 | 1981 | 1982 | 1983 | 1984 | 1985 | 1986 | 1987 | 1988 | 1989 | 1990 | 1991 | 1992 | 1993 | 1994 | 1995 | 1996 | 1997 | 1998 | 1999 | 2000 | 2001 | 2002 | 2003 | 2004 | 2005 | 2006 | 2007 | 2008 | 2009 | 2010 | 2011 | 2012 | 2013 | 2014 | 2015 | 2016 | 2017 | 2018 | 2019 | 2020 | 2021 | 2022 | 2023 | 2024
Afghanistan | 0.128625 | 0.0444 | 0.0484 | no data | no data | no data | no data | no data | no data | no data | no data | no data | no data | no data | no data | no data | no data | no data | no data | no data | no data | no data | no data | no data | no data | 5.1 | 35.7 | 16.4 | 10.6 | 6.8 | 8.7 | 26.4 | -6.8 | 2.2 | 11.8 | 6.4 | 7.4 | 4.7 | -0.7 | 4.4 | 5 | 0.6 | 2.6 | 4.5 | 4.7 | 5 | 5 | 5
Albania | 0.0269 | 0.021500000000000005 | 0.026399999999999996 | no data | no data | no data | no data | no data | no data | no data | no data | no data | no data | -0.2 | 35.7 | 226 | 85 | 22.6 | 7.8 | 12.7 | 33.2 | 20.6 | 0.4 | 0 | 3.1 | 5.2 | 2.4 | 2.9 | 2.4 | 2.4 | 3 | 3.3 | 2.2 | 3.6 | 3.4 | 2 | 1.9 | 1.6 | 1.9 | 1.3 | 2 | 2 | 1.8 | 2 | 2.4 | 2.8 | 3 | 3
Algeria | 0.0322 | 0.0466 | 0.06580000000000001 | 9.7 | 14.6 | 6.6 | 7.8 | 6.3 | 10.4 | 14 | 5.9 | 5.9 | 9.2 | 9.3 | 25.9 | 31.7 | 20.5 | 29 | 29.8 | 18.7 | 5.7 | 5 | 2.6 | 0.3 | 4.2 | 1.4 | 4.3 | 4 | 1.4 | 2.3 | 3.7 | 4.9 | 5.7 | 3.9 | 4.5 | 8.9 | 3.3 | 2.9 | 4.8 | 6.4 | 5.6 | 4.3 | 2 | 4.1 | 5.5 | 6.7 | 7.9 | 8.7
Angola | 0.8029000000000001 | 0.16089999999999996 | 0.0874 | 46.7 | 1.4 | 1.8 | 1.8 | 1.8 | 1.8 | 1.8 | 1.8 | 1.8 | 1.8 | 1.8 | 85.3 | 299.1 | 1379.5 | 949.8 | 2672.2 | 4146 | 221.5 | 107.4 | 248.2 | 325 | 152.6 | 108.9 | 98.2 | 43.5 | 23 | 13.3 | 12.2 | 12.5 | 13.7 | 14.5 | 13.5 | 10.3 | 8.8 | 7.3 | 9.2 | 30.7 | 29.8 | 19.6 | 17.2 | 15 | 9.8 | 6.9 | 6 | 6
Antigua and Barbuda | 0.018099999999999998 | 0.018200000000000004 | 0.02 | 19 | 11.5 | 4.2 | 2.3 | 3.8 | 1 | 0.5 | 3.6 | 6.8 | 4.4 | 6.6 | 4.5 | 3 | 3.1 | 6.5 | 2.7 | 3 | 0.4 | 3.3 | 1.1 | -0.2 | 1.9 | 2.4 | 2 | 2 | 2.1 | 1.8 | 1.4 | 5.3 | -0.6 | 3.4 | 3.5 | 3.4 | 1.1 | 1.1 | 1 | -0.5 | 2.4 | 1.2 | 1.6 | 2 | 2 | 2 | 2 | 2
Argentina | 0.0859 | 0.22185714285714284 | 0.29879999999999995 | no data | no data | no data | no data | no data | no data | no data | no data | no data | no data | no data | no data | no data | no data | no data | no data | no data | no data | 0.9 | -1.2 | -0.9 | -1.1 | 25.9 | 13.4 | 4.4 | 9.6 | 10.9 | 8.8 | 8.6 | 6.3 | 10.5 | 9.8 | 10 | 10.6 | no data | no data | no data | 25.7 | 34.3 | 54.4 | 51 | 32.3 | 26.9 | 22.2 | 17
Armenia | 0.035699999999999996 | 0.033800000000000004 | 0.036000000000000004 | no data | no data | no data | no data | no data | no data | no data | no data | no data | no data | no data | no data | no data | 3731.8 | 5273.4 | 176.7 | 18.7 | 14 | 8.7 | 0.6 | -0.8 | 3.1 | 1.8 | 4.5 | 5.9 | 0.7 | 3.4 | 4.6 | 9 | 3.5 | 7.3 | 7.7 | 2.5 | 5.8 | 3 | 3.7 | -1.4 | 1 | 2.5 | 1.7 | 2.5 | 3.3 | 4 | 4.1 | 4.1
Aruba | 0.035699999999999996 | 0.010799999999999999 | 0.021399999999999995 | no data | no data | no data | no data | no data | no data | no data | no data | no data | no data | no data | no data | no data | no data | no data | no data | 3.2 | 3 | 1.9 | 2.3 | 4 | 2.9 | 3.3 | 3.7 | 2.5 | 3.4 | 3.6 | 5.4 | 9 | -2.1 | 2.1 | 4.4 | 0.6 | -2.4 | 0.4 | 0.5 | -0.9 | -0.5 | 3.6 | 3 | 2 | 2.1 | 2.2 | 2.2 | 2.2
Australia | 0.031700000000000006 | 0.021400000000000002 | 0.022199999999999998 | 10.1 | 9.5 | 11.4 | 10 | 4 | 6.7 | 9.1 | 8.5 | 7.3 | 7.6 | 7.2 | 3.3 | 1 | 1.8 | 2 | 4.6 | 2.7 | 0.2 | 0.9 | 1.4 | 4.5 | 4.4 | 3 | 2.7 | 2.3 | 2.7 | 3.6 | 2.4 | 4.3 | 1.8 | 2.9 | 3.4 | 1.7 | 2.5 | 2.5 | 1.5 | 1.3 | 2 | 2 | 1.6 | 1.8 | 2 | 2.3 | 2.5 | 2.5
Austria | 0.0189 | 0.019000000000000003 | 0.019600000000000003 | 6.3 | 6.8 | 5.4 | 3.3 | 5.7 | 3.2 | 1.7 | 1.4 | 1.9 | 2.2 | 2.8 | 3.1 | 3.4 | 3.2 | 2.7 | 1.6 | 1.8 | 1.2 | 0.8 | 0.5 | 2 | 2.3 | 1.7 | 1.3 | 2 | 2.1 | 1.7 | 2.2 | 3.2 | 0.4 | 1.7 | 3.5 | 2.6 | 2.1 | 1.5 | 0.8 | 1 | 2.2 | 2.1 | 1.5 | 1.9 | 1.9 | 2 | 2 | 2
Azerbaijan | 0.0717 | 0.0526 | 0.033 | no data | no data | no data | no data | no data | no data | no data | no data | no data | no data | no data | no data | no data | 1129.7 | 1664 | 411.8 | 19.8 | 3.7 | -0.8 | -8.5 | 1.8 | 1.8 | 2.8 | 2.1 | 6.7 | 9.6 | 8.2 | 16.6 | 20.8 | 1.3 | 5.7 | 7.8 | 1 | 2.4 | 1.4 | 4 | 12.4 | 12.8 | 2.3 | 2.8 | 3 | 3.2 | 3.3 | 3.5 | 3.5
Bahamas, The | 0.0228 | 0.015399999999999999 | 0.023 | 12.2 | 11 | 6.1 | 4 | 4 | 4.6 | 5.4 | 6 | 4.1 | 5.4 | 4.6 | 7.3 | 5.6 | 2.7 | 1.4 | 2 | 1.3 | 0.6 | 1.2 | 1.1 | 1.7 | 2.4 | 1.5 | 3.7 | 1.2 | 1.8 | 2 | 2.4 | 4.4 | 1.7 | 1.6 | 3.1 | 1.9 | 0.4 | 1.2 | 1.9 | -0.3 | 1.6 | 2.2 | 1.8 | 2.6 | 2.3 | 2.2 | 2.2 | 2.2
Bahrain | 0.0157 | 0.019899999999999998 | 0.023799999999999998 | 3.8 | 11.4 | 8.7 | 3.2 | 0 | -2.4 | -2.5 | -1.7 | 0.2 | 1.2 | 1.3 | 0.9 | -0.3 | 2.6 | 4 | 3.1 | -0.2 | 4.6 | -0.4 | -1.3 | -0.7 | -1.2 | -0.5 | 1.7 | 2.2 | 2.6 | 2 | 3.3 | 3.5 | 2.8 | 2 | -0.4 | 2.8 | 3.3 | 2.7 | 1.8 | 2.8 | 1.4 | 2.1 | 1.4 | 2.8 | 2.5 | 2.3 | 2.1 | 2.2
Bangladesh | 0.056299999999999996 | 0.0702 | 0.055 | 15.4 | 14.5 | 12.9 | 9.5 | 10.4 | 10.5 | 10.2 | 10.8 | 9.7 | 8.7 | 10.5 | 8.3 | 3.6 | 3 | 6.1 | 10.1 | 2.5 | 5 | 8.6 | 6.2 | 2.5 | 1.9 | 3.7 | 5.4 | 6.1 | 7 | 6.8 | 9.1 | 8.9 | 4.9 | 9.4 | 11.5 | 6.2 | 7.5 | 7 | 6.2 | 5.7 | 5.6 | 5.6 | 5.5 | 5.5 | 5.5 | 5.5 | 5.5 | 5.5
Barbados | 0.0375 | 0.0337 | 0.022000000000000002 | 18.5 | 14.6 | 10.3 | 5.3 | 4.6 | 4.9 | 0.2 | 3.6 | 4.7 | 6.3 | 3 | 6.3 | 6 | 1.2 | 0.7 | 2.8 | 2.4 | 7.7 | -1.3 | 1.6 | 2.4 | 2.8 | 0.2 | 1.6 | 1.4 | 6.1 | 7.3 | 4 | 8.1 | 3.6 | 5.8 | 9.4 | 4.5 | 1.8 | 1.8 | -1.1 | 1.5 | 4.4 | 3.7 | 1.9 | 1.8 | 2.3 | 2.3 | 2.3 | 2.3
Belarus | 0.3723 | 0.19810000000000003 | 0.04279999999999999 | no data | no data | no data | no data | no data | no data | no data | no data | no data | no data | no data | 83.5 | 970.3 | 1190.3 | 2220.9 | 709.3 | 52.7 | 63.8 | 73 | 293.7 | 168.6 | 61.1 | 42.6 | 28.4 | 18.1 | 10.3 | 7 | 8.4 | 14.8 | 13 | 7.7 | 53.2 | 59.2 | 18.3 | 18.1 | 13.5 | 11.8 | 6 | 4.9 | 5.4 | 4.8 | 4.6 | 4 | 4 | 4
Belgium | 0.021100000000000004 | 0.0184 | 0.0158 | 6.7 | 7.6 | 8.7 | 7.7 | 6.3 | 4.9 | 1.3 | 1.6 | 1.2 | 3.1 | 3.5 | 3.2 | 2.3 | 2.5 | 2.4 | 1.3 | 1.8 | 1.5 | 0.9 | 1.1 | 2.7 | 2.4 | 1.5 | 1.5 | 1.9 | 2.5 | 2.3 | 1.8 | 4.5 | 0 | 2.3 | 3.4 | 2.6 | 1.2 | 0.5 | 0.6 | 1.8 | 2.2 | 2.3 | 1.5 | 1.3 | 1.5 | 1.6 | 1.7 | 1.8
Belize | 0.0251 | 0.0079 | 0.0192 | 7.1 | 11.2 | 6.8 | 5 | 3.4 | 4.2 | 0.8 | 2 | 5.3 | 0 | 2 | 3.2 | 2.4 | 1.5 | 2.6 | 2.9 | 6.4 | 1 | -0.8 | -1.2 | 0.6 | 1.1 | 2.2 | 2.6 | 3.1 | 3.7 | 4.2 | 2.3 | 6.4 | -1.1 | 0.9 | 1.7 | 1.2 | 0.5 | 1.2 | -0.9 | 0.7 | 1.1 | 0.3 | 1.2 | 1.6 | 2 | 2 | 2 | 2
Benin | 0.032799999999999996 | 0.0132 | 0.018000000000000002 | 9.6 | 0.8 | 4.1 | -6.1 | 10.3 | 1.2 | 0.4 | -1.3 | 3.4 | -0.2 | 1.1 | 2.1 | 5.9 | 0.4 | 38.5 | 14.5 | 4.9 | 3.8 | 5.8 | 0.3 | 4.1 | 3.6 | 2.6 | 1.8 | 1.2 | 4.7 | 6.4 | 1.2 | 6.8 | 0.4 | 2.2 | 2.7 | 6.7 | 1 | -1.1 | 0.2 | -0.8 | 1.8 | 0.8 | -0.3 | 1 | 2 | 2 | 2 | 2
Bhutan | 0.047799999999999995 | 0.0709 | 0.0452 | 12.5 | 5 | 9.9 | 12.1 | 13 | 8 | 5.2 | 7 | 8.2 | 8.9 | 9.4 | 10.3 | 8.1 | 9.6 | 9.5 | 7.1 | 8.8 | 8.6 | 7.6 | 9.1 | 7.2 | 3.7 | 2.9 | 2.5 | 3.3 | 4.8 | 5.2 | 5.1 | 6.8 | 6.3 | 5.7 | 7.3 | 9.3 | 11.3 | 9.5 | 7.6 | 7.6 | 5.5 | 3.5 | 3.6 | 4.2 | 4.5 | 4.7 | 4.7 | 4.5
Bolivia | 0.048499999999999995 | 0.0429 | 0.0418 | 47.1 | 32.1 | 123.6 | 275.6 | 1281.3 | 11749.6 | 273.3 | 14.6 | 16 | 15.2 | 17.1 | 21.4 | 13 | 8.5 | 7.9 | 10.2 | 12.4 | 4.7 | 7.7 | 2.2 | 4.6 | 1.6 | 0.9 | 3.3 | 4.4 | 5.4 | 4.3 | 6.7 | 14 | 3.3 | 2.5 | 9.9 | 4.5 | 5.7 | 5.8 | 4.1 | 3.6 | 2.8 | 2.3 | 1.7 | 3.1 | 4 | 4.3 | 4.5 | 5
Bosnia and Herzegovina | 0.034 | 0.0054 | 0.0162 | no data | no data | no data | no data | no data | no data | no data | no data | no data | no data | no data | no data | no data | no data | no data | 12.9 | -11.7 | 5.7 | -0.3 | 2.8 | 5 | 3.2 | 0.3 | 0.5 | 0.3 | 3.6 | 6.1 | 6.1 | 1.5 | 7.4 | -0.4 | 4 | 2.1 | -0.1 | -0.9 | -1 | -1.6 | 0.8 | 1.4 | 1.1 | 1.4 | 1.5 | 1.6 | 1.7 | 1.9
Botswana | 0.08729999999999999 | 0.0486 | 0.038200000000000005 | 12.1 | 16.3 | 11.2 | 10.5 | 8.6 | 8.1 | 10 | 9.8 | 8.4 | 11.6 | 11.4 | 12.6 | 16.5 | 14.4 | 10.6 | 10.5 | 10.1 | 8.9 | 6.5 | 7.8 | 8.5 | 6.6 | 8 | 9.2 | 7 | 8.6 | 11.6 | 7.1 | 12.6 | 8.1 | 6.9 | 8.5 | 7.5 | 5.9 | 4.4 | 3.1 | 2.8 | 3.3 | 3.2 | 3 | 3.5 | 3.6 | 4 | 4 | 4
Brazil | 0.06880000000000001 | 0.058100000000000006 | 0.0358 | 90.2 | 101.7 | 100.6 | 135 | 192.1 | 226 | 147.1 | 228.3 | 629.1 | 1430.7 | 2947.7 | 432.8 | 952 | 1927.4 | 2075.8 | 66 | 15.8 | 6.9 | 3.2 | 4.9 | 7 | 6.8 | 8.4 | 14.7 | 6.6 | 6.9 | 4.2 | 3.6 | 5.7 | 4.9 | 5 | 6.6 | 5.4 | 6.2 | 6.3 | 9 | 8.7 | 3.4 | 3.7 | 3.8 | 3.5 | 3.8 | 3.6 | 3.5 | 3.5
Brunei Darussalam | 0.0060999999999999995 | -0.0005 | 0.002 | no data | no data | no data | 1.2 | 3.1 | 2.3 | 1.8 | 1.3 | 1.2 | 1.3 | 2.1 | 1.6 | 1.3 | 4.3 | 2.4 | 6 | 2 | 1.7 | -0.4 | 0 | 1.2 | 0.6 | -2.3 | 0.3 | 0.9 | 1.1 | 0.2 | 1 | 2.1 | 1 | 0.2 | 0.1 | 0.1 | 0.4 | -0.2 | -0.4 | -0.7 | -0.2 | 0.1 | 0.1 | 0.2 | 0.2 | 0.2 | 0.2 | 0.2
Bulgaria | 0.0674 | 0.011500000000000002 | 0.0222 | 0 | 0 | 2.8 | 2.8 | 2.8 | 2.8 | 2.7 | 2.7 | 2.5 | 6.4 | 23.9 | 333.5 | 82 | 72.8 | 96 | 62.1 | 123 | 1061.2 | 18.7 | 2.6 | 10.3 | 7.4 | 5.8 | 2.3 | 6.1 | 6 | 7.4 | 7.6 | 12 | 2.5 | 3 | 3.4 | 2.4 | 0.4 | -1.6 | -1.1 | -1.3 | 1.2 | 2.6 | 2.5 | 2.3 | 2.2 | 2.2 | 2.2 | 2.2
Burkina Faso | 0.0285 | 0.0104 | 0.0188 | 12.3 | 7.6 | 12.1 | 8.3 | 4.8 | 7.1 | -2.7 | -2.9 | 4.2 | -0.3 | -0.8 | 2.5 | -2 | 0.6 | 24.7 | 7.8 | 6.1 | 2.9 | 4.9 | -1.1 | -0.2 | 4.7 | 2.3 | 2 | -0.4 | 6.4 | 2.3 | -0.2 | 10.7 | 0.9 | -0.6 | 2.8 | 3.8 | 0.5 | -0.3 | 0.9 | -0.2 | 0.4 | 2 | 1.1 | 1.4 | 2 | 2 | 2 | 2
Burundi | 0.11030000000000001 | 0.0828 | 0.09 | 1.2 | 12.2 | 5.9 | 8.2 | 14.3 | 3.8 | 1.7 | 7.1 | 4.5 | 11.7 | 7 | 9 | 5.3 | 9.7 | 14.7 | 19.4 | 26.4 | 31.1 | 12.5 | 3.5 | 25.5 | 7.9 | -1.3 | 10.6 | 8.2 | 13.3 | 2.7 | 8.4 | 24.4 | 10.6 | 6.5 | 9.6 | 18.2 | 7.9 | 4.4 | 5.6 | 5.5 | 16.6 | 1.2 | 7.3 | 9 | 9 | 9 | 9 | 9
Cabo Verde | 0.0199 | 0.0124 | 0.0172 | 15.1 | 20.7 | 21.1 | 20.2 | 9.7 | 5.9 | 11.1 | 3.7 | 3.6 | 4.7 | 11.1 | 7.6 | 13.4 | 5.8 | 3.3 | 8.4 | 6 | 8.6 | 4.4 | 4.3 | -2.4 | 3.7 | 1.9 | 1.2 | -1.9 | 0.4 | 4.8 | 4.4 | 6.8 | 1 | 2.1 | 4.5 | 2.5 | 1.5 | -0.2 | 0.1 | -1.4 | 0.8 | 1.3 | 1.2 | 1.6 | 1.6 | 1.8 | 1.8 | 1.8
Cambodia | 0.04839999999999999 | 0.030999999999999996 | 0.028399999999999998 | no data | no data | no data | no data | no data | no data | no data | -31.2 | 23 | 63.8 | 141.8 | 191 | 75 | 114.3 | 10.4 | 10.1 | 7.1 | 10.5 | 12.9 | 2 | -0.8 | -0.1 | 0 | 1 | 3.9 | 6.3 | 6.1 | 7.7 | 25 | -0.7 | 4 | 5.5 | 2.9 | 3 | 3.9 | 1.2 | 3 | 2.9 | 2.4 | 2.2 | 2.5 | 2.7 | 3 | 3 | 3
Cameroon | 0.025700000000000004 | 0.018000000000000002 | 0.0206 | 7.7 | 7.5 | 15.3 | 20.5 | 12.1 | 4.2 | 4.3 | 2.8 | 1.7 | 1.6 | 1.5 | -0.6 | 1.9 | -3.7 | 12.7 | 25.8 | 3.9 | 4.8 | 3.2 | 1.8 | 1.2 | 4.5 | 2.8 | 0.6 | 0.3 | 2 | 4.9 | 1.1 | 5.3 | 3 | 1.3 | 2.9 | 2.4 | 2.1 | 1.9 | 2.7 | 0.9 | 0.6 | 1.1 | 2.1 | 2.2 | 2.1 | 2 | 2 | 2
Canada | 0.021 | 0.0173 | 0.0204 | 10.2 | 12.5 | 10.8 | 5.8 | 4.3 | 4 | 4.2 | 4.4 | 4 | 5 | 4.8 | 5.6 | 1.5 | 1.9 | 0.1 | 2.2 | 1.6 | 1.6 | 1 | 1.7 | 2.7 | 2.5 | 2.3 | 2.7 | 1.8 | 2.2 | 2 | 2.1 | 2.4 | 0.3 | 1.8 | 2.9 | 1.5 | 0.9 | 1.9 | 1.1 | 1.4 | 1.6 | 2.2 | 2 | 2 | 2 | 2.1 | 2.1 | 2
Central African Republic | 0.0348 | 0.045 | 0.0252 | 13.3 | 14.7 | 13.2 | 14.6 | 2.6 | 10.5 | 2.4 | -7 | -3.9 | 0.6 | -0.2 | -2.8 | -0.8 | -2.9 | 24.5 | 19.2 | 3.7 | 1.6 | -1.9 | -1.4 | 3.2 | 3.8 | 2.3 | 4.4 | -2.2 | 2.9 | 6.7 | 0.9 | 9.3 | 3.5 | 1.5 | 1.2 | 5.9 | 6.6 | 11.6 | 4.5 | 4.6 | 4.5 | 1.6 | 3 | 2.6 | 2.5 | 2.5 | 2.5 | 2.5
Chad | 0.039799999999999995 | 0.018600000000000002 | 0.0324 | 8.6 | 8.1 | 6.4 | 7.9 | 20.3 | 5.1 | -13.1 | -2.7 | 14.9 | -4.9 | 0.5 | 4.2 | -3.8 | -10.9 | 41.3 | 5.4 | 11.3 | 5.6 | 4.3 | -8.4 | 3.8 | 12.4 | 5.2 | -1.8 | -4.8 | 4.4 | 9.6 | -7.4 | 8.3 | 10.1 | -2.1 | 2 | 7.5 | 0.2 | 1.7 | 4.8 | -1.6 | -0.9 | 4 | 3 | 3 | 3 | 3 | 3 | 4.2
Chile | 0.034899999999999994 | 0.028999999999999998 | 0.0296 | 35.1 | 19.7 | 9.9 | 27.3 | 19.9 | 30.7 | 19.5 | 19.9 | 14.7 | 17 | 26 | 21.8 | 15.5 | 12.7 | 11.5 | 8.2 | 7.4 | 6.1 | 5.1 | 3.3 | 3.8 | 3.6 | 2.5 | 2.8 | 1.1 | 3.1 | 3.4 | 4.4 | 8.7 | 1.5 | 1.4 | 3.3 | 3 | 1.8 | 4.7 | 4.3 | 3.8 | 2.2 | 2.3 | 2.2 | 2.8 | 3 | 3 | 3 | 3
China, People's Republic of | 0.018699999999999998 | 0.025300000000000003 | 0.0282 | no data | 2.5 | 2 | 2 | 2.7 | 9.3 | 6.5 | 7.3 | 18.8 | 18 | 3.1 | 3.4 | 6.4 | 14.7 | 24.1 | 17.1 | 8.3 | 2.8 | -0.8 | -1.4 | 0.4 | 0.7 | -0.8 | 1.2 | 3.9 | 1.8 | 1.5 | 4.8 | 5.9 | -0.7 | 3.3 | 5.4 | 2.6 | 2.6 | 2 | 1.4 | 2 | 1.6 | 2.1 | 2.3 | 2.4 | 2.8 | 2.9 | 3 | 3
Colombia | 0.0625 | 0.037399999999999996 | 0.0314 | 25.9 | 27.4 | 24.9 | 19.5 | 16.3 | 23.9 | 18.8 | 23.3 | 28.1 | 25.9 | 29.1 | 30.3 | 27 | 22.4 | 22.9 | 20.9 | 20.8 | 18.5 | 18.7 | 10.9 | 9.2 | 8 | 6.3 | 7.1 | 5.9 | 5 | 4.3 | 5.5 | 7 | 4.2 | 2.3 | 3.4 | 3.2 | 2 | 2.9 | 5 | 7.5 | 4.3 | 3.2 | 3.6 | 3.7 | 3 | 3 | 3 | 3
Comoros | 0.0438 | 0.019100000000000002 | 0.018600000000000002 | 13.3 | 6.5 | 15.2 | 9.2 | 6.1 | 8.4 | -11.3 | 3.3 | 0.3 | 4.4 | -7.4 | 1.7 | -1.4 | 2 | 25.3 | 3.2 | 2.4 | 1.5 | 1.2 | 1.1 | 5.9 | 5.6 | 3.6 | 3.7 | 4.5 | 3 | 3.4 | 4.5 | 4.8 | 4.8 | 3.9 | 2.2 | 5.9 | 0.4 | 0 | 0.9 | 0.8 | 0.1 | 1.7 | 3.2 | 1.4 | 2.1 | 1.9 | 2 | 1.9
Congo, Dem. Rep. of the | 1.0644999999999998 | 0.1159 | 0.05 | 40 | 34.9 | 37.1 | 76.7 | 52.6 | 23.5 | 46.7 | 90.4 | 82.7 | 104.1 | 81.3 | 2154.4 | 4129.2 | 1986.9 | 23773.1 | 541.8 | 617 | 199 | 29.1 | 284.9 | 550 | 357.3 | 25.3 | 12.8 | 4 | 21.5 | 12.8 | 16.7 | 18 | 46.1 | 23.5 | 14.9 | 0.9 | 0.9 | 1.2 | 0.7 | 3.2 | 35.8 | 29.3 | 5.5 | 5 | 5 | 5 | 5 | 5
Congo, Republic of  | 0.0288 | 0.022199999999999998 | 0.026399999999999996 | 7.3 | 0.8 | 3.5 | 3.5 | 3.5 | 3.5 | 3.5 | 3.5 | -13 | -9.6 | 0.3 | 9.4 | -3.2 | -4.1 | 7.5 | 6.3 | 7.4 | 12.7 | 2.2 | 3 | 0.5 | 0.8 | 3 | 1.7 | 3.7 | 2.5 | 3.7 | 2.6 | 6 | 4.3 | 0.4 | 1.8 | 5 | 4.6 | 0.9 | 3.2 | 3.2 | 0.4 | 1.2 | 1.5 | 1.8 | 2.6 | 2.8 | 3 | 3
Costa Rica | 0.1091 | 0.0321 | 0.0302 | 18.1 | 36.8 | 90.3 | 32.5 | 12 | 15.1 | 11.8 | 16.8 | 20.8 | 16.5 | 19.1 | 28.7 | 21.8 | 9.8 | 13.5 | 23.2 | 17.5 | 13.2 | 11.7 | 10 | 11 | 11.3 | 9.2 | 9.4 | 12.3 | 13.8 | 11.5 | 9.4 | 13.4 | 7.8 | 5.7 | 4.9 | 4.5 | 5.2 | 4.5 | 0.8 | 0 | 1.6 | 2.2 | 2.7 | 3.1 | 3 | 3 | 3 | 3
Croatia | 0.03189999999999999 | 0.010699999999999998 | 0.013399999999999999 | no data | no data | no data | no data | no data | no data | no data | no data | no data | no data | no data | no data | no data | 1518.5 | 97.5 | 2 | 3.6 | 3.7 | 6.7 | 4 | 4.6 | 3.8 | 1.7 | 1.8 | 2.1 | 3.3 | 3.2 | 2.9 | 6.1 | 2.4 | 1 | 2.3 | 3.4 | 2.2 | -0.2 | -0.5 | -1.1 | 1.1 | 1.5 | 1 | 1.2 | 1.3 | 1.3 | 1.4 | 1.5
Cyprus | 0.026699999999999998 | 0.008799999999999999 | 0.0188 | 13.5 | 10.7 | 6.4 | 5 | 6 | 5 | 1.2 | 2.7 | 3.4 | 3.8 | 4.5 | 5 | 6.5 | 4.9 | 4.7 | 2.6 | 2.6 | 3.3 | 2.3 | 1.1 | 4.9 | 2 | 2.8 | 4 | 1.9 | 2 | 2.3 | 2.2 | 4.4 | 0.2 | 2.6 | 3.5 | 3.1 | 0.4 | -0.3 | -1.5 | -1.2 | 0.7 | 0.8 | 0.7 | 1.6 | 1.8 | 2 | 2 | 2
Czech Republic | 0.027800000000000002 | 0.016800000000000002 | 0.0206 | no data | no data | no data | no data | no data | no data | no data | no data | no data | no data | no data | no data | no data | no data | no data | no data | 8.8 | 8.6 | 10.7 | 2.2 | 3.8 | 4.7 | 1.9 | 0.1 | 2.7 | 1.9 | 2.5 | 2.9 | 6.3 | 1 | 1.5 | 1.9 | 3.3 | 1.4 | 0.4 | 0.3 | 0.7 | 2.5 | 2.2 | 2.6 | 2.3 | 2 | 2 | 2 | 2
Côte d'Ivoire | 0.0304 | 0.0146 | 0.02 | 8.8 | 8.7 | 7.4 | 5.9 | 4.3 | 1.8 | 6.8 | 7 | 6.9 | 1 | -0.7 | 1.6 | 4.2 | 2.1 | 26 | 14.1 | 2.7 | 6.3 | 4.5 | 0.7 | 2.5 | 4.4 | 3.1 | 3.3 | 1.5 | 3.9 | 2.5 | 1.9 | 6.3 | 1 | 1.4 | 4.9 | 1.3 | 2.6 | 0.4 | 1.2 | 0.7 | 0.7 | 0.4 | 1 | 2 | 2 | 2 | 2 | 2
Denmark | 0.0202 | 0.0115 | 0.018600000000000002 | 11.3 | 11.7 | 10.1 | 6.8 | 6.3 | 4.7 | 3.7 | 4 | 4.5 | 4.8 | 6.8 | 2.2 | 1.9 | 0.9 | 1.8 | 2 | 2.1 | 1.9 | 1.3 | 2 | 2.8 | 2.3 | 2.4 | 2 | 0.9 | 1.7 | 1.8 | 1.7 | 3.6 | 1 | 2.2 | 2.7 | 2.4 | 0.5 | 0.4 | 0.2 | 0 | 1.1 | 0.7 | 1.3 | 1.5 | 1.8 | 2 | 2 | 2
Djibouti | 0.0355 | 0.019100000000000002 | 0.02 | no data | no data | no data | no data | no data | no data | no data | no data | no data | no data | no data | 6.8 | 3.4 | 4.4 | 6.5 | 4.9 | 3.5 | 2.5 | 2.2 | -0.4 | 1.2 | 1.9 | 1.4 | 1.6 | 2.4 | 3.3 | 3.5 | 5.9 | 8.7 | 5.6 | 2.5 | 5.2 | 4.2 | 1.1 | 1.3 | -0.8 | 2.7 | 0.6 | 0.1 | 2.2 | 2 | 2 | 2 | 2 | 2
Dominica | 0.0204 | 0.008799999999999999 | 0.018600000000000002 | 23.9 | 13.3 | 4.4 | 4.2 | 2.1 | 2.1 | 3 | 4.8 | 2.3 | 7.7 | 3.2 | 5.6 | 5.3 | 1.6 | 0 | 1.3 | 1.7 | 2.4 | 1 | 1.2 | 0.8 | 1.6 | 0.2 | 1.5 | 2.4 | 1.7 | 2.6 | 3.2 | 6.4 | 0 | 2.8 | 1.1 | 1.4 | 0 | 0.8 | -0.9 | 0 | 0.6 | 1.4 | 1.6 | 1.8 | 1.9 | 2 | 1.6 | 2
Dominican Republic | 0.1301 | 0.037399999999999996 | 0.04020000000000001 | 21.7 | 7.5 | 7.6 | 5.6 | 20.2 | 45.3 | 7.6 | 13.6 | 43.9 | 40.7 | 50.5 | 47.1 | 4.3 | 5.3 | 8.3 | 12.5 | 5.4 | 8.3 | 4.8 | 7 | 7.2 | 8.9 | 5.2 | 27.4 | 51.5 | 4.2 | 7.6 | 6.1 | 10.6 | 1.4 | 6.3 | 8.5 | 3.7 | 4.8 | 3 | 0.8 | 1.6 | 3.3 | 3.6 | 1.8 | 4.1 | 4 | 4 | 4 | 4
Ecuador | 0.17830000000000001 | 0.025799999999999997 | 0.013199999999999998 | 13 | 16.4 | 16.3 | 48.4 | 31.2 | 28 | 23 | 29.5 | 58.2 | 75.6 | 48.5 | 48.8 | 54.3 | 45 | 27.4 | 22.9 | 24.4 | 30.6 | 36.1 | 52.2 | 96.1 | 37.7 | 12.5 | 7.9 | 2.7 | 2.2 | 3.3 | 2.3 | 8.4 | 5.2 | 3.6 | 4.5 | 5.1 | 2.7 | 3.6 | 4 | 1.7 | 0.4 | -0.2 | 0.4 | 1.2 | 1.7 | 1.4 | 1.2 | 1.1
Egypt | 0.0708 | 0.1279 | 0.07659999999999999 | 20.5 | 10.4 | 14.9 | 16 | 17.1 | 12.1 | 23.9 | 25.2 | 15.2 | 20.1 | 21.2 | 14.7 | 21.1 | 11 | 9 | 9.4 | 7.1 | 6.2 | 5 | 3.7 | 2.8 | 2.4 | 2.4 | 3.2 | 8.1 | 8.8 | 4.2 | 11 | 11.7 | 16.2 | 11.7 | 11.1 | 8.6 | 6.9 | 10.1 | 11 | 10.2 | 23.5 | 20.9 | 13.9 | 10 | 7.2 | 7 | 7 | 7.1
El Salvador | 0.03559999999999999 | 0.0128 | 0.0106 | 17.4 | 14.8 | 11.7 | 13.1 | 11.7 | 22.3 | 31.9 | 24.8 | 19.8 | 17.7 | 28.3 | 14.4 | 11.2 | 18.5 | 10.6 | 10 | 9.8 | 4.5 | 2.5 | 0.5 | 2.3 | 3.7 | 1.9 | 2.1 | 4.5 | 4.7 | 4 | 4.6 | 7.3 | 0.5 | 1.2 | 5.1 | 1.7 | 0.8 | 1.1 | -0.7 | 0.6 | 1 | 1.1 | 0.9 | 1.1 | 1.1 | 1.1 | 1 | 1
Equatorial Guinea | 0.05600000000000001 | 0.026999999999999996 | 0.018199999999999997 | 0 | 16.7 | 38.3 | 60.1 | 59.5 | 84 | -17.6 | -13.2 | 2.5 | 6.1 | 0.9 | -3.4 | -4.3 | 5.5 | 31.8 | 19.9 | 4.5 | 3 | 7.9 | 0.4 | 4.9 | 8.7 | 7.6 | 7.3 | 4.2 | 5.6 | 4.5 | 2.8 | 4.7 | 5.7 | 5.3 | 4.8 | 3.4 | 3.2 | 4.3 | 1.7 | 1.4 | 0.7 | 1.3 | 0.9 | 1.7 | 1.7 | 1.8 | 1.9 | 2
Eritrea | 0.19229999999999997 | 0.0045000000000000005 | 0.016 | no data | no data | no data | no data | no data | no data | no data | no data | no data | no data | no data | no data | no data | 4.8 | 13.1 | 12 | 10.3 | 3.7 | 9.5 | 8.4 | 19.9 | 14.6 | 16.9 | 22.7 | 25.1 | 12.5 | 15.1 | 9.4 | 22.2 | 33.9 | 10.3 | 5.9 | 4.8 | 5.9 | 10 | 28.5 | -5.6 | -13.3 | -14.4 | -27.6 | 0 | 2 | 2 | 2 | 2
Estonia | 0.043500000000000004 | 0.026199999999999998 | 0.022199999999999998 | no data | no data | no data | no data | no data | no data | no data | no data | no data | no data | no data | no data | no data | no data | 47.7 | 29 | 19.7 | 9.3 | 8.8 | 3.1 | 3.9 | 5.6 | 3.6 | 1.4 | 3 | 4.1 | 4.4 | 6.7 | 10.6 | 0.2 | 2.7 | 5.1 | 4.2 | 3.2 | 0.5 | 0.1 | 0.8 | 3.7 | 3.4 | 2.5 | 2.4 | 2.3 | 2.2 | 2.1 | 2.1
Eswatini | 0.0791 | 0.05739999999999999 | 0.0588 | 18.2 | 20.1 | 10.8 | 11.6 | 12.9 | 20.5 | 13.7 | 13.4 | 20.4 | 7.5 | 13.1 | 8.9 | 7.6 | 12 | 13.8 | 12.3 | 6.4 | 7.1 | 8.1 | 6.1 | 12.2 | 5.9 | 12 | 7.3 | 3.4 | 4.9 | 5.2 | 8.1 | 12.7 | 7.4 | 4.5 | 6.1 | 8.9 | 5.6 | 5.7 | 5 | 7.8 | 6.2 | 4.8 | 2.8 | 4 | 4.9 | 6.5 | 7 | 7
Ethiopia | 0.11059999999999999 | 0.1362 | 0.092 | 12.4 | 1.9 | 7.8 | 3.6 | -0.3 | 18.4 | 5.5 | -9.1 | 2.2 | 9.6 | 5.2 | 20.9 | 21 | 10 | 1.2 | 13.4 | 0.9 | -6.4 | 3.6 | 7.9 | 0.7 | -8.2 | 1.7 | 17.8 | 3.2 | 11.7 | 13.6 | 17.2 | 44.4 | 8.5 | 8.1 | 33.2 | 24.1 | 8.1 | 7.4 | 9.6 | 6.6 | 10.7 | 13.8 | 14.6 | 12.7 | 9.3 | 8 | 8 | 8
Fiji | 0.0341 | 0.03409999999999999 | 0.03 | 14.5 | 11.2 | 7 | 6.8 | 5.3 | 4.4 | 1.8 | 5.7 | 11.8 | 6.2 | 8.2 | 6.5 | 4.9 | 5.2 | 0.8 | 2.2 | 3 | 3.4 | 5.7 | 2 | 1.1 | 4.3 | 0.7 | 4.2 | 2.8 | 2.3 | 2.5 | 4.8 | 7.7 | 3.7 | 3.7 | 7.3 | 3.4 | 2.9 | 0.5 | 1.4 | 3.9 | 3.4 | 4.1 | 3.5 | 3 | 3 | 3 | 3 | 3
Finland | 0.0183 | 0.014999999999999998 | 0.015600000000000001 | 11.6 | 12 | 9.3 | 8.4 | 7 | 5.8 | 2.9 | 4.1 | 5.1 | 6.6 | 5 | 4.5 | 3.3 | 3.3 | 1.6 | 0.4 | 1.1 | 1.2 | 1.3 | 1.3 | 3 | 2.7 | 2 | 1.3 | 0.1 | 0.8 | 1.3 | 1.6 | 3.9 | 1.6 | 1.7 | 3.3 | 3.2 | 2.2 | 1.2 | -0.2 | 0.4 | 0.8 | 1.2 | 1.2 | 1.3 | 1.5 | 1.6 | 1.6 | 1.8
France | 0.018700000000000005 | 0.012699999999999998 | 0.015400000000000002 | 13.1 | 13.3 | 12 | 9.5 | 7.7 | 5.8 | 2.5 | 3.3 | 2.7 | 6.6 | 0.3 | 3.4 | 2.5 | 2.2 | 1.7 | 1.8 | 2.1 | 1.3 | 0.7 | 0.6 | 1.8 | 1.8 | 1.9 | 2.2 | 2.3 | 1.9 | 1.9 | 1.6 | 3.2 | 0.1 | 1.7 | 2.3 | 2.2 | 1 | 0.6 | 0.1 | 0.3 | 1.2 | 2.1 | 1.2 | 1.3 | 1.4 | 1.6 | 1.7 | 1.7
Gabon | 0.011300000000000003 | 0.0229 | 0.027000000000000003 | 12.3 | 8.6 | 16.7 | 10.4 | 5.9 | 7.3 | 6.4 | -1 | -9.8 | 6.9 | 15.4 | -9.8 | -9.5 | 0.5 | 36.1 | 9.6 | 0.7 | 4 | 1.4 | -1.9 | 0.5 | 2.1 | 0.2 | 2.1 | 0.4 | 1.2 | -1.4 | -1 | 5.3 | 1.9 | 1.4 | 1.3 | 2.7 | 0.5 | 4.5 | -0.1 | 2.1 | 2.7 | 4.8 | 3 | 3 | 3 | 2.5 | 2.5 | 2.5
Gambia, The | 0.0669 | 0.06130000000000001 | 0.055 | 5 | 7.9 | 8.2 | 10.6 | 22.1 | 18.3 | 56.6 | 23.7 | 11.5 | 8.3 | 12.2 | 8.6 | 9.5 | 6.5 | 1.7 | 7 | 1.1 | 2.8 | 1.1 | 3.8 | 0.9 | 4.5 | 8.6 | 17 | 14.3 | 5 | 2.1 | 5.4 | 4.5 | 4.6 | 5 | 4.8 | 4.6 | 5.2 | 6.3 | 6.8 | 7.2 | 8 | 6.5 | 6.9 | 6.5 | 5.8 | 5.2 | 5 | 5
Georgia | 0.0631 | 0.0362 | 0.0316 | no data | no data | no data | no data | no data | no data | no data | no data | no data | no data | no data | no data | no data | no data | no data | no data | no data | 7.2 | 3.6 | 19.1 | 4 | 4.7 | 5.6 | 4.8 | 5.7 | 8.2 | 9.2 | 9.2 | 10 | 1.7 | 7.1 | 8.5 | -0.9 | -0.5 | 3.1 | 4 | 2.1 | 6 | 2.6 | 4.2 | 3.8 | 3 | 3 | 3 | 3
Germany | 0.016299999999999995 | 0.0144 | 0.0188 | 5.4 | 6.3 | 5.3 | 3.3 | 2.4 | 2.1 | -0.1 | 0.2 | 1.3 | 2.8 | 2.7 | 3.5 | 5 | 4.5 | 2.7 | 1.7 | 1.3 | 1.5 | 0.6 | 0.7 | 1.4 | 1.9 | 1.3 | 1.1 | 1.7 | 1.9 | 1.8 | 2.3 | 2.7 | 0.2 | 1.1 | 2.5 | 2.2 | 1.6 | 0.8 | 0.7 | 0.4 | 1.7 | 1.9 | 1.5 | 1.7 | 1.7 | 1.9 | 2 | 2.1
Ghana | 0.17919999999999997 | 0.1149 | 0.085 | 50 | 116.5 | 22.5 | 122.2 | 40 | 10.3 | 24.5 | 39.8 | 31.4 | 25.2 | 37.2 | 18.1 | 10 | 24.9 | 24.9 | 59.3 | 44.5 | 24.8 | 19.2 | 12.5 | 25.1 | 32.9 | 14.8 | 26.6 | 12.7 | 15.1 | 11.7 | 10.7 | 16.5 | 13.1 | 6.7 | 7.7 | 7.1 | 11.7 | 15.5 | 17.2 | 17.5 | 12.4 | 9.8 | 9.3 | 9.2 | 8.8 | 8.4 | 8.1 | 8
Greece | 0.0321 | 0.007899999999999999 | 0.0144 | 24.7 | 24.4 | 21.4 | 19.9 | 18.4 | 19.5 | 23.1 | 16.4 | 13.5 | 13.7 | 20.3 | 19.5 | 15.9 | 14.4 | 10.9 | 8.8 | 7.9 | 5.4 | 4.5 | 2.1 | 2.9 | 3.6 | 3.9 | 3.4 | 3 | 3.5 | 3.3 | 3 | 4.2 | 1.3 | 4.7 | 3.1 | 1 | -0.9 | -1.4 | -1.1 | 0 | 1.1 | 0.8 | 0.6 | 0.9 | 1.3 | 1.4 | 1.8 | 1.8
Grenada | 0.0288 | 0.011600000000000001 | 0.018200000000000004 | 15.5 | 18.8 | 7.8 | 6.1 | 5.7 | 2.5 | 0.6 | -0.9 | 4 | 5.6 | 2.7 | 2.6 | 3.8 | 2.8 | 6.4 | 3 | 2 | 1.2 | 1.4 | 0.6 | 2.1 | 1.7 | 1.1 | 2.2 | 2.3 | 3.5 | 4.3 | 3.9 | 8 | -0.3 | 3.4 | 3 | 2.4 | 0 | -1 | -0.6 | 1.7 | 0.9 | 0.8 | 1 | 1.6 | 1.8 | 1.9 | 1.9 | 1.9
Guatemala | 0.0704 | 0.0408 | 0.04220000000000001 | 10.7 | 11.4 | 4.9 | 6.7 | 3.2 | 19.2 | 32.8 | 10.8 | 10.3 | 13 | 38 | 35.1 | 10.2 | 13.4 | 12.5 | 8.4 | 11.1 | 9.2 | 6.6 | 5.2 | 6 | 7.3 | 8.1 | 5.6 | 7.6 | 9.1 | 6.6 | 6.8 | 11.4 | 1.9 | 3.9 | 6.2 | 3.8 | 4.3 | 3.4 | 2.4 | 4.4 | 4.4 | 3.8 | 4.2 | 4.2 | 4.2 | 4.2 | 4.2 | 4.3
Guinea | 0.1558 | 0.1177 | 0.07959999999999999 | 40 | 35 | 29.9 | 30.3 | 26 | 19 | 64.7 | 36.9 | 27.3 | 28.3 | 25.7 | 19.7 | 16.6 | 7.1 | 4.2 | 5.6 | 3 | 1.9 | 5.1 | 4.6 | 6.8 | 5.4 | 3 | 11 | 17.5 | 31.4 | 34.7 | 22.9 | 18.4 | 4.7 | 15.5 | 21.4 | 15.2 | 11.9 | 9.7 | 8.2 | 8.2 | 8.9 | 9.8 | 8.9 | 8.3 | 8 | 7.9 | 7.8 | 7.8
Guinea-Bissau | 0.0313 | 0.011000000000000001 | 0.0216 | 64.8 | 41.9 | 16.5 | 23.3 | 64.9 | 112.7 | 26.5 | 86.8 | 60.3 | 80.8 | 33 | 57.6 | 69.4 | 48.2 | 15.2 | 45.1 | 50.9 | 49.1 | 8.1 | -2.1 | 8.6 | 3.3 | 3.3 | -3.5 | 0.8 | 3.4 | 2 | 4.6 | 10.4 | -1.6 | 1.1 | 5.1 | 2.1 | 0.8 | -1 | 1.5 | 1.5 | 1.1 | 1.4 | -2.6 | 1.3 | 2 | 2.5 | 2.5 | 2.5
Guyana | 0.061700000000000005 | 0.0189 | 0.0328 | 14.1 | 22.2 | 20.6 | 15.3 | 25.1 | 15 | 7.9 | 28.7 | 39.9 | 89.5 | 64.3 | 103.1 | 26.7 | 8.4 | 12.4 | 12.2 | 7.1 | 3.6 | 4.6 | 7.5 | 6.1 | 2.6 | 5.4 | 6 | 4.7 | 6.9 | 6.7 | 12.2 | 8.1 | 3 | 4.3 | 4.4 | 2.4 | 1.9 | 0.7 | -0.9 | 0.8 | 1.9 | 1.3 | 2.1 | 3.3 | 3.5 | 3.5 | 3.3 | 2.8
Haiti | 0.1501 | 0.0951 | 0.109 | 19.1 | 10.9 | 7.4 | 10.2 | 6.4 | 10.6 | 3.3 | -11.4 | 4.1 | 6.9 | 21.3 | 15.4 | 19.4 | 22.6 | 42.6 | 30.2 | 20.6 | 14.3 | 12.9 | 8 | 11.5 | 16.5 | 9.3 | 26.7 | 28.3 | 16.8 | 14.2 | 9 | 14.4 | 3.4 | 4.1 | 7.4 | 6.8 | 6.8 | 3.9 | 7.5 | 13.4 | 14.7 | 12.9 | 17.6 | 17.1 | 13.3 | 10.3 | 7.9 | 5.9
Honduras | 0.0824 | 0.04649999999999999 | 0.0404 | 18.1 | 9.4 | 9 | 8.2 | 4.7 | 3.4 | 4.4 | 2.5 | 4.5 | 9.9 | 23.3 | 33.9 | 8.7 | 10.8 | 21.8 | 29.4 | 23.8 | 20.2 | 13.7 | 11.7 | 11 | 9.7 | 7.7 | 7.7 | 8.1 | 8.8 | 5.6 | 6.9 | 11.4 | 5.5 | 4.7 | 6.8 | 5.2 | 5.2 | 6.1 | 3.2 | 2.7 | 3.9 | 4.3 | 4.4 | 4.2 | 4 | 4 | 4 | 4
Hong Kong SAR | -0.0015000000000000005 | 0.03269999999999999 | 0.0254 | 4.4 | 9.5 | 11 | 9.9 | 8.6 | 3.5 | 3.6 | 5.7 | 7.8 | 10.2 | 10.3 | 11.2 | 9.6 | 8.8 | 8.8 | 9 | 6.3 | 5.8 | 2.8 | -4 | -3.7 | -1.6 | -3 | -2.6 | -0.4 | 0.9 | 2 | 2 | 4.3 | 0.6 | 2.3 | 5.3 | 4.1 | 4.3 | 4.4 | 3 | 2.4 | 1.5 | 2.4 | 3 | 2.6 | 2.6 | 2.5 | 2.5 | 2.5
Hungary | 0.0616 | 0.0249 | 0.0314 | 9.3 | 4.5 | 7 | 6.4 | 8.7 | 7 | 5.3 | 8.7 | 15.8 | 16.9 | 29 | 34.2 | 22.9 | 22.5 | 18.9 | 28.3 | 23.5 | 18.3 | 14.2 | 10 | 9.8 | 9.2 | 5.3 | 4.7 | 6.8 | 3.6 | 3.9 | 8 | 6.1 | 4.2 | 4.9 | 3.9 | 5.7 | 1.7 | -0.2 | -0.1 | 0.4 | 2.4 | 2.8 | 3.4 | 3.4 | 3.3 | 3 | 3 | 3
Iceland | 0.0625 | 0.031100000000000003 | 0.025 | 58.5 | 50.9 | 51 | 84.3 | 29.2 | 32.4 | 21.3 | 18.8 | 25.5 | 14.5 | 15.5 | 6.8 | 4 | 4.1 | 1.6 | 1.7 | 2.3 | 1.8 | 1.7 | 3.2 | 5.1 | 6.4 | 5.2 | 2.1 | 3.2 | 4 | 6.7 | 5.1 | 12.7 | 12 | 5.4 | 4 | 5.2 | 3.9 | 2 | 1.6 | 1.7 | 1.8 | 2.7 | 2.8 | 2.5 | 2.5 | 2.5 | 2.5 | 2.5
India | 0.058499999999999996 | 0.065 | 0.0404 | 11.3 | 12.7 | 7.7 | 12.6 | 6.5 | 6.3 | 8.9 | 9.1 | 7.2 | 4.6 | 11.2 | 13.5 | 9.9 | 7.3 | 10.3 | 10 | 9.4 | 6.8 | 13.1 | 5.7 | 3.8 | 4.3 | 4 | 3.9 | 3.8 | 4.4 | 6.7 | 6.2 | 9.1 | 12.3 | 10.5 | 9.5 | 10 | 9.4 | 5.8 | 4.9 | 4.5 | 3.6 | 3.4 | 3.4 | 4.1 | 4.1 | 4 | 4 | 4
Indonesia | 0.0851 | 0.047299999999999995 | 0.031 | 18 | 12.2 | 9.5 | 11.8 | 10.3 | 4.7 | 5.8 | 9.3 | 8 | 6.4 | 7.8 | 9.4 | 7.5 | 9.7 | 8.5 | 9.4 | 8.4 | 6.2 | 58 | 20.7 | 3.8 | 11.5 | 11.8 | 6.8 | 6.1 | 10.5 | 13.1 | 6.7 | 9.8 | 5 | 5.1 | 5.3 | 4 | 6.4 | 6.4 | 6.4 | 3.5 | 3.8 | 3.2 | 3.2 | 3.3 | 3.1 | 3.1 | 3 | 3
Iran | 0.14730000000000001 | 0.2115 | 0.275 | 20.6 | 24.2 | 18.7 | 19.7 | 12.6 | 4.4 | 23.7 | 27.7 | 28.9 | 17.4 | 9 | 20.2 | 24.5 | 22.5 | 34.9 | 49.3 | 23.9 | 16.5 | 18.5 | 20.2 | 12.3 | 11.5 | 15.8 | 15.6 | 15.3 | 10.3 | 12 | 18.4 | 25.3 | 10.8 | 12.3 | 21.5 | 30.6 | 34.7 | 15.6 | 11.9 | 9.1 | 9.6 | 30.5 | 35.7 | 31 | 29 | 27 | 25.5 | 25
Iraq | 0.243 | 0.0203 | 0.017 | no data | no data | no data | no data | no data | no data | no data | no data | no data | no data | no data | no data | no data | no data | no data | no data | no data | no data | no data | no data | no data | no data | no data | no data | no data | 37 | 53.2 | 30.8 | 2.7 | -2.2 | 2.4 | 5.6 | 6.1 | 1.9 | 2.2 | 1.4 | 0.5 | 0.1 | 0.4 | -0.3 | 1 | 1.5 | 2 | 2 | 2
Ireland | 0.029500000000000002 | 0.0043 | 0.018199999999999997 | 18.3 | 20.2 | 17.2 | 10.4 | 8.6 | 5.5 | 3 | 3.2 | 2.2 | 4 | 3.4 | 3.1 | 3.1 | 1.4 | 2.4 | 2.5 | 2.2 | 1.3 | 2.1 | 2.4 | 5.3 | 4 | 4.7 | 4 | 2.3 | 2.2 | 2.7 | 2.9 | 3.1 | -1.7 | -1.6 | 1.2 | 1.9 | 0.5 | 0.3 | 0 | -0.2 | 0.3 | 0.7 | 1.2 | 1.5 | 1.7 | 1.9 | 2 | 2
Israel | 0.02 | 0.0108 | 0.018000000000000002 | 316.6 | 116.8 | 120.4 | 145.6 | 373.8 | 304.6 | 48.2 | 19.9 | 16.2 | 20.2 | 17.2 | 19 | 11.9 | 10.9 | 12.3 | 10 | 11.3 | 9 | 5.4 | 5.2 | 1.1 | 1.1 | 5.7 | 0.7 | -0.4 | 1.3 | 2.1 | 0.5 | 4.6 | 3.3 | 2.7 | 3.5 | 1.7 | 1.5 | 0.5 | -0.6 | -0.5 | 0.2 | 0.8 | 1 | 1.3 | 1.8 | 1.9 | 2 | 2
Italy | 0.0233 | 0.012399999999999998 | 0.012600000000000002 | 21.8 | 19.5 | 16.5 | 14.7 | 10.7 | 9 | 5.8 | 4.7 | 5.1 | 6.2 | 6.4 | 6.2 | 5 | 4.5 | 4.2 | 5.4 | 4 | 1.8 | 2 | 1.7 | 2.6 | 2.3 | 2.6 | 2.8 | 2.3 | 2.2 | 2.2 | 2 | 3.5 | 0.8 | 1.6 | 2.9 | 3.3 | 1.2 | 0.2 | 0.1 | -0.1 | 1.3 | 1.2 | 0.7 | 1 | 1.1 | 1.3 | 1.4 | 1.5
Jamaica | 0.1101 | 0.062400000000000004 | 0.047599999999999996 | 18 | 9.2 | 6.8 | 16.7 | 31.3 | 29.7 | 24.4 | 11.2 | 8.2 | 16.1 | 24.8 | 51.1 | 77.3 | 22.1 | 35.1 | 19.9 | 26.4 | 9.7 | 8.6 | 6 | 4.6 | 9.5 | 8.2 | 9.9 | 14.8 | 13.4 | 8.9 | 9.2 | 22 | 9.6 | 12.6 | 7.5 | 6.9 | 9.4 | 8.3 | 3.7 | 2.3 | 4.4 | 3.7 | 3.6 | 4.6 | 4.6 | 4.7 | 4.9 | 5
Japan | -0.0023999999999999994 | 0.005199999999999999 | 0.0116 | 7.8 | 4.9 | 2.7 | 1.9 | 2.3 | 2 | 0.6 | 0.1 | 0.7 | 2.3 | 3.1 | 3.3 | 1.8 | 1.2 | 0.7 | -0.1 | 0.1 | 1.7 | 0.7 | -0.3 | -0.7 | -0.7 | -0.9 | -0.3 | 0 | -0.3 | 0.3 | 0.1 | 1.4 | -1.3 | -0.7 | -0.3 | -0.1 | 0.3 | 2.8 | 0.8 | -0.1 | 0.5 | 1 | 1 | 1.3 | 0.7 | 1.2 | 1.3 | 1.3
Jordan | 0.037099999999999994 | 0.029300000000000003 | 0.025 | 10.9 | 7.7 | 7.6 | 5 | 4 | 2.8 | 0 | -0.2 | 6.7 | 25.7 | 16.2 | 8.2 | 4 | 3.3 | 3.5 | 2.4 | 6.5 | 3 | 3.1 | 0.6 | 0.7 | 1.8 | 1.8 | 1.6 | 3.4 | 3.5 | 6.3 | 4.7 | 14 | -0.7 | 4.8 | 4.2 | 4.5 | 4.8 | 2.9 | -0.9 | -0.8 | 3.3 | 4.5 | 2 | 2.5 | 2.5 | 2.5 | 2.5 | 2.5
Kazakhstan | 0.09210000000000002 | 0.0731 | 0.045 | no data | no data | no data | no data | no data | no data | no data | no data | no data | no data | no data | no data | no data | 1662.3 | 1402 | 176.4 | 39.2 | 17.4 | 7.1 | 8.3 | 13.2 | 8.4 | 5.9 | 6.4 | 6.9 | 7.5 | 8.6 | 10.8 | 17.1 | 7.3 | 7.1 | 8.4 | 5.1 | 5.8 | 6.7 | 6.7 | 14.6 | 7.4 | 6 | 5.3 | 5.2 | 4.6 | 4.5 | 4.2 | 4
Kenya | 0.07400000000000001 | 0.07150000000000001 | 0.0498 | 13.9 | 11.6 | 20.7 | 11.4 | 10.3 | 13 | 2.5 | 8.6 | 12.3 | 13.8 | 17.8 | 20.1 | 27.3 | 46 | 28.8 | 1.6 | 8.9 | 12.1 | 5.6 | 5 | 7.8 | 5.8 | 2.2 | 6 | 8.4 | 7.8 | 6 | 4.3 | 15.1 | 10.6 | 4.3 | 14 | 9.4 | 5.7 | 6.9 | 6.6 | 6.3 | 8 | 4.7 | 5.6 | 5.3 | 5 | 4.6 | 5 | 5
Kiribati | 0.0362 | 0.0016999999999999988 | 0.025599999999999998 | 16.1 | 7.7 | 5.5 | 6.3 | 5.4 | 4.5 | 6.6 | -10.2 | 1.1 | 5.6 | 4 | 6.1 | 4.2 | 6.1 | 4 | 4.1 | -1.7 | 2.6 | 3.7 | 1.8 | 0.4 | 6 | 3.2 | 1.6 | -0.7 | -0.4 | -1 | 3.6 | 13.7 | 9.8 | -3.9 | 1.5 | -3 | -1.5 | 2.1 | 0.6 | 1.9 | 0.4 | 1.9 | 1.7 | 2.4 | 2.6 | 2.6 | 2.6 | 2.6
Korea, Republic of | 0.0313 | 0.017300000000000003 | 0.016 | 28.7 | 21.4 | 7.2 | 3.4 | 2.3 | 2.5 | 2.8 | 3 | 7.1 | 5.7 | 8.6 | 9.3 | 6.2 | 4.8 | 6.3 | 4.5 | 4.9 | 4.4 | 7.5 | 0.8 | 2.3 | 4.1 | 2.8 | 3.5 | 3.6 | 2.8 | 2.2 | 2.5 | 4.7 | 2.8 | 2.9 | 4 | 2.2 | 1.3 | 1.3 | 0.7 | 1 | 1.9 | 1.5 | 0.5 | 0.9 | 1.4 | 1.8 | 1.9 | 2
Kosovo | 0.027888888888888894 | 0.020700000000000007 | 0.0178 | no data | no data | no data | no data | no data | no data | no data | no data | no data | no data | no data | no data | no data | no data | no data | no data | no data | no data | no data | no data | no data | 11.7 | 3.6 | 0.3 | -1.1 | -1.4 | 0.6 | 4.4 | 9.4 | -2.4 | 3.5 | 7.3 | 2.5 | 1.8 | 0.4 | -0.5 | 0.3 | 1.5 | 1.1 | 2.8 | 1.5 | 1.7 | 1.8 | 1.9 | 2
Kuwait | 0.029699999999999997 | 0.029200000000000004 | 0.0294 | 6.9 | 7.4 | 7.8 | 4.7 | 1.2 | 1.5 | 1 | 0.7 | 1.5 | 3.3 | 15.8 | 8.1 | -0.3 | 0.6 | 2.4 | 2.5 | 3 | 0.8 | 0.6 | 3.1 | 1.6 | 1.4 | 0.8 | 1 | 1.3 | 4.1 | 3.1 | 5.5 | 6.3 | 4.6 | 4.5 | 4.9 | 3.2 | 2.7 | 3.1 | 3.7 | 3.5 | 1.5 | 0.6 | 1.5 | 2.2 | 4.2 | 3.3 | 2.5 | 2.5
Kyrgyz Republic | 0.0872 | 0.0544 | 0.05 | no data | no data | no data | no data | no data | no data | no data | no data | no data | no data | no data | no data | -71.3 | 1086.2 | 180.7 | 42.2 | 31.9 | 23.4 | 10.5 | 35.9 | 19.7 | 6.9 | 2.1 | 3 | 4.1 | 4.3 | 5.6 | 10.2 | 24.5 | 6.8 | 8 | 16.6 | 2.8 | 6.6 | 7.5 | 6.5 | 0.4 | 3.2 | 1.5 | 1.3 | 5 | 5 | 5 | 5 | 5
Lao P.D.R. | 0.07889999999999998 | 0.03730000000000001 | 0.0314 | 188.8 | 33.7 | 70.4 | 62.5 | 27.2 | 114.7 | 35 | 6.1 | 14.8 | 59.7 | -26.3 | 13.4 | 9.8 | 5.7 | 7.7 | 19.1 | 19.1 | 19.5 | 90.1 | 128.4 | 8.4 | 7.8 | 10.6 | 15.5 | 10.5 | 7.2 | 6.5 | 4.8 | 7.6 | 0 | 6 | 7.6 | 4.3 | 6.4 | 4.1 | 1.3 | 1.8 | 0.7 | 2 | 3.1 | 3.3 | 3.1 | 3.1 | 3.1 | 3.1
Latvia | 0.05840000000000001 | 0.0148 | 0.023 | no data | no data | no data | no data | no data | no data | no data | no data | no data | no data | no data | no data | no data | 109.2 | 35.9 | 25 | 17.6 | 8.1 | 4.3 | 2.1 | 2.6 | 2.5 | 2 | 2.9 | 6.2 | 6.9 | 6.6 | 10.1 | 15.3 | 3.3 | -1.2 | 4.2 | 2.3 | 0 | 0.7 | 0.2 | 0.1 | 2.9 | 2.6 | 3 | 2.6 | 2.3 | 2.2 | 2.2 | 2.2
Lebanon | 0.0223 | 0.0314 | 0.024400000000000005 | 23.9 | 19.3 | 18.6 | 7.2 | 17.6 | 69.4 | 95.4 | 487.2 | 155 | 72.2 | 68.9 | 50.1 | 99.8 | 24.7 | 8.2 | 10.3 | 8.9 | 7.7 | 4.5 | 0.2 | -0.4 | -0.4 | 1.8 | 1.3 | 1.7 | -1.4 | 4.1 | 4.1 | 10.7 | 0.8 | 4 | 5 | 6.6 | 4.8 | 1.8 | -3.7 | -0.8 | 4.5 | 6.1 | 3.1 | 2.6 | 2.4 | 2.4 | 2.4 | 2.4
Lesotho | 0.07279999999999999 | 0.05 | 0.0554 | 19.6 | 11.9 | 14.4 | 15.1 | 11.6 | 15 | 15.7 | 12 | 12.4 | 14.7 | 12 | 17.3 | 18.1 | 10.7 | 8.3 | 9.7 | 8.9 | 8.4 | 8.2 | 7.8 | 6.1 | 8 | 12.2 | 6.3 | 4.6 | 3.6 | 6.3 | 9.2 | 10.7 | 5.8 | 3.3 | 6 | 5.5 | 5 | 4.6 | 4.3 | 6.2 | 4.5 | 4.7 | 5.9 | 5.7 | 5.5 | 5.5 | 5.5 | 5.5
Liberia | 0.09820000000000001 | 0.11470000000000002 | 0.2 | no data | no data | no data | no data | no data | no data | no data | no data | no data | no data | no data | no data | no data | no data | no data | no data | no data | no data | no data | no data | 5.3 | 12.1 | 14.2 | 10.3 | 3.6 | 6.9 | 9.5 | 11.4 | 17.5 | 7.4 | 7.3 | 8.5 | 6.8 | 7.6 | 9.9 | 7.7 | 8.8 | 12.4 | 23.5 | 22.2 | 20.5 | 17.5 | 24.5 | 24 | 13.5
Libya | 0.0007999999999999967 | 0.10719999999999999 | 0.0698 | 14.3 | 13.2 | 13.8 | 10.5 | 12.4 | 9.1 | 3.4 | 4.4 | 3.1 | 4.5 | 0.7 | 11.7 | 9.4 | 7.5 | 10.7 | 8.3 | 4 | 3.6 | 3.7 | 2.6 | -2.9 | -8.8 | -9.9 | -2.1 | 1.3 | 2.7 | 1.5 | 6.2 | 10.4 | 2.4 | 2.5 | 15.9 | 6.1 | 2.6 | 2.4 | 9.8 | 25.9 | 28.5 | 9.3 | 4.2 | 8.9 | 6.5 | 6.5 | 6.5 | 6.5
Lithuania | 0.030699999999999998 | 0.0184 | 0.022000000000000002 | no data | no data | no data | no data | no data | no data | no data | no data | no data | no data | no data | no data | no data | no data | no data | no data | 23.1 | 8.7 | 5.4 | 1.4 | 1.1 | 1.5 | 0.3 | -1.1 | 1.2 | 2.7 | 3.8 | 5.8 | 11.2 | 4.2 | 1.2 | 4.1 | 3.2 | 1.2 | 0.2 | -0.7 | 0.7 | 3.7 | 2.5 | 2.3 | 2.2 | 2.2 | 2.2 | 2.2 | 2.2
Luxembourg | 0.027600000000000003 | 0.0177 | 0.018600000000000002 | 6.3 | 8.1 | 9.4 | 8.7 | 5.6 | 4.1 | 0.3 | -0.1 | 1.4 | 3.4 | 3.7 | 3.1 | 3.2 | 3.6 | 2.2 | 1.9 | 1.2 | 1.4 | 1 | 1 | 3.8 | 2.4 | 2.1 | 2.5 | 3.2 | 3.8 | 3 | 2.7 | 4.1 | 0 | 2.8 | 3.7 | 2.9 | 1.7 | 0.7 | 0.1 | 0 | 2.1 | 2 | 1.7 | 1.7 | 1.9 | 1.9 | 1.9 | 1.9
Macao SAR | 0.027125 | 0.039799999999999995 | 0.0298 | no data | no data | no data | no data | no data | no data | no data | no data | no data | no data | no data | no data | no data | no data | no data | no data | no data | no data | no data | no data | no data | no data | -2.6 | -1.6 | 1 | 4.4 | 5.1 | 5.6 | 8.6 | 1.2 | 2.8 | 5.8 | 6.1 | 5.5 | 6 | 4.6 | 2.4 | 1.2 | 3 | 2.4 | 2.7 | 3 | 3.1 | 3.1 | 3
[sheet truncated]
