Source: http://www.stern.nyu.edu/~adamodar/pc/blog/CountryMultiples2017.xlsx

Sheet: Country Quartiles
Trailing PE | Price to Book (Equity) | EV/EBiTDA (Trailing) | EV/Sales
Country | Number of firms | Firms with +'ve Earnings | % of Money Losers | 25th Percentile | Median | 75th Percentile | 25th Percentile | Median | 75th Percentile | 25th Percentile | Median | 75th Percentile | 25th Percentile | Median | 75th Percentile
Anguilla | 2 | 0 | 1 | NA | NA | NA | 420.3703703703704 | 420.3703703703704 | 420.3703703703704 | NA | NA | NA | 202.3428376069706 | 202.3428376069706 | 202.3428376069706
Argentina | 68 | 44 | 0.35294117647058826 | 10.10019841269841 | 13.86120602086989 | 28.00961538461538 | 2.188679245283019 | 3.219291100353752 | 6.008130081300813 | 6.394611727416798 | 10.74700162707846 | 15.06692160611855 | 1.017162066525124 | 2.002787269622557 | 3.54906914893617
Australia | 1531 | 525 | 0.6570868713259308 | 11.15173674588666 | 17.59776536312849 | 29.02521008403361 | 0.9306451612903226 | 1.820603916979771 | 4.191919191919192 | 5.88819162882025 | 9.747879280860827 | 15.95275456583629 | 1.469791229529896 | 5.170568561872909 | 61.30387885384317
Austria | 71 | 60 | 0.15492957746478872 | 10.80645161290323 | 14.45140313661146 | 23.05027932960894 | 0.7332508878741755 | 1.281270398195823 | 2.050223214285714 | 6.559228650137741 | 8.56 | 13.76505367876918 | 0.7434514499909678 | 1.13398720564474 | 2.96172215912295
Azerbaijan | 1 | 0 | 1 | NA | NA | NA | 0.4222503160556258 | 0.4222503160556258 | 0.4222503160556258 | 3.051028806584362 | 3.051028806584362 | 3.051028806584362 | 0.9492957746478874 | 0.9492957746478874 | 0.9492957746478874
Bahamas | 5 | 1 | 0.8 | 8.686968838526912 | 8.686968838526912 | 8.686968838526912 | 0.05987261146496815 | 0.7271757173345981 | 16.80505415162455 | 4.6605415860735 | 7.232106021057055 | 9.803670456040608 | 1.242738657808889 | 1.859899652643767 | 44.48270461851309
Bahrain | 22 | 18 | 0.18181818181818182 | 7.573440643863179 | 10.70851493222592 | 14.36794289422453 | 0.5291545189504373 | 0.8250082381747921 | 1.31447963800905 | 4.590575716797653 | 13.76040894685843 | 423.9758985782699 | 1.601497214009899 | 3.78494804900581 | 7.087556904400607
Bangladesh | 293 | 218 | 0.25597269624573377 | 10.13698630136986 | 17.62057637748245 | 28.17307692307692 | 0.876008804108584 | 1.311320754716981 | 2.496153846153846 | 7.661585365853659 | 11.22121786874782 | 18.18181818181818 | 1.48695652173913 | 2.324814934778732 | 4.428274428274428
Barbados | 3 | 3 | 0 | 5.213533834586466 | 10.50528789659224 | 14.23857142857143 | 0.4193275278180938 | 0.7595581988105353 | 1.449323833066744 | 1.551287164932327 | 6.36904345698864 | 68.57964799376532 | 0.4142127750823843 | 1.434831844890867 | 2.39988948630557
Belgium | 144 | 100 | 0.3055555555555556 | 12.5423875432526 | 20.2965062864726 | 26.81632653061224 | 1.08860789300179 | 1.422715478448627 | 2.496491228070175 | 6.28080239681289 | 10.41480998028483 | 18.85798816568047 | 0.9047619047619048 | 2.683187828907056 | 13.28777580489807
Belize | 1 | 0 | 1 | NA | NA | NA | 0.1426785714285714 | 0.1426785714285714 | 0.1426785714285714 | NA | NA | NA | NA | NA | NA
Benin | 1 | 1 | 0 | 12.85645933014354 | 12.85645933014354 | 12.85645933014354 | 2.481071098799631 | 2.481071098799631 | 2.481071098799631 | NA | NA | NA | 2.006088280060883 | 2.006088280060883 | 2.006088280060883
Bermuda | 89 | 53 | 0.4044943820224719 | 7.801608579088472 | 10.66425718090165 | 14.43807763401109 | 0.5 | 0.8483133116467304 | 1.344431554524362 | 6.349760197493532 | 9.844683512501474 | 12.7788595425107 | 1.535754458346619 | 2.691015163626969 | 4.636097720094543
Botswana | 13 | 12 | 0.07692307692307693 | 9.075630252100842 | 12.58118944454474 | 17.93513513513513 | 1.222044728434505 | 2.155925155925156 | 2.78448275862069 | 4.776459380416429 | 8.698922453237323 | 182.4264919763123 | 0.7348868591297177 | 1.233503817380542 | 4.270393609369985
Brazil | 181 | 103 | 0.430939226519337 | 9.706601466992666 | 16.16874135546335 | 25.76265466816648 | 0.6588681631362631 | 1.224276609960425 | 2.440735694822888 | 7.149136577708005 | 9.117095420718403 | 13.58635388486661 | 1.223448378964332 | 2.180537068849521 | 4.363834422657953
British Virgin Islands | 24 | 5 | 0.7916666666666666 | 5.381660470879802 | 7.559055118110236 | 16.34269662921348 | 0.4111842105263158 | 0.5894734223618748 | 1.141333333333333 | 1.898850225278786 | 2.154290731220839 | 11.70932069510268 | 0.6011299713464304 | 9.106384229340714 | 75.18446601941747
Bulgaria | 112 | 40 | 0.6428571428571429 | 11.05515587529976 | 18.06664527171588 | 45.08875739644971 | 0.5670886075949366 | 0.9708029197080291 | 1.808510638297872 | 7.750952986022871 | 11.193 | 16.51121076233184 | 0.5859756097560975 | 1.090056818181818 | 3.576190476190476
Burkina Faso | 2 | 2 | 0 | 12.185 | 12.85554801670146 | 13.52609603340292 | 2.95752427184466 | 2.95752427184466 | 2.95752427184466 | NA | NA | NA | 0.7464770095931194 | 1.736664430722485 | 2.726851851851852
Cambodia | 1 | 1 | 0 | 7.222052845528455 | 7.222052845528455 | 7.222052845528455 | 1.644452157815573 | 1.644452157815573 | 1.644452157815573 | 5.289287835790287 | 5.289287835790287 | 5.289287835790287 | 2.589409345696896 | 2.589409345696896 | 2.589409345696896
Cameroon | 1 | 1 | 0 | 26.58846153846154 | 26.58846153846154 | 26.58846153846154 | NA | NA | NA | 6.486846436927227 | 6.486846436927227 | 6.486846436927227 | 1.138911154195476 | 1.138911154195476 | 1.138911154195476
Canada | 2769 | 579 | 0.7908992416034669 | 8.370283018867925 | 16.32775919732441 | 31.02288629737609 | 0.8189300411522633 | 1.752549978793561 | 4.296943231441048 | 7.414064275271404 | 11.91483073936705 | 22.08337391526385 | 1.305935821855666 | 3.563672279941737 | 11.75584615384615
Cayman Islands | 47 | 30 | 0.3617021276595745 | 11.13302752293578 | 15.58884938590821 | 18.27580579355365 | 1.015979012640114 | 1.690736115192477 | 3.19950890116636 | 5.622687351146655 | 8.4185303514377 | 12.05719557195572 | 1.177606582651334 | 2.022815159046364 | 3.459502382212811
Channel Islands | 88 | 43 | 0.5113636363636364 | 6.935628742514971 | 15.2191235059761 | 27.67567567567568 | 0.6797752808988764 | 1.049286975385935 | 2.238495575221239 | 6.381280670008803 | 10.86868686868687 | 21.99235474006116 | 1.87669310079609 | 4.303428571428571 | 12.76981316176623
Chile | 145 | 115 | 0.20689655172413793 | 9.452873563218391 | 13.34470989761092 | 20.71428571428572 | 0.6718749999999999 | 0.96281750552912 | 1.571472486935137 | 6.384747038446489 | 8.455635491606715 | 12.32489127944583 | 0.9809184993531695 | 1.731170148876506 | 3.423909233430671
China | 3651 | 2908 | 0.2035058887975897 | 23.48301886792453 | 48.38117265103403 | 92.01666666666667 | 1.823815764838045 | 3.231671554252199 | 5.682824655894674 | 16.0781990521327 | 31.64268867924529 | 62.57925072046109 | 2.156449639798831 | 4.848837209302325 | 9.961123110151188
Colombia | 40 | 30 | 0.25 | 6.894991922455574 | 10.86397650438601 | 18.08823529411765 | 0.6633326665333066 | 1.020850992785912 | 1.524225774225774 | 5.182539682539684 | 8.004076920854349 | 14.32107349404088 | 0.9129488574537541 | 1.991654150473928 | 4.285431610190453
Croatia | 100 | 41 | 0.59 | 9.76040404040404 | 13.48760330578512 | 18.41904761904762 | 0.5099724896836314 | 0.8899075405098255 | 1.342105263157895 | 8.09470602892926 | 10.47753259048868 | 15.8043669518633 | 0.7088562091503268 | 1.426146788990826 | 4.157974683544304
Curaçao | 4 | 3 | 0.25 | 18.60646530204693 | 66.75983436853002 | 142.1768707482993 | 1.514743537636157 | 1.937642632654096 | 20.29126213592233 | 7.076052529360568 | 8.421567425575631 | 11.07071278549773 | 1.236369689026676 | 1.382245513807526 | 2.086394372450171
Cyprus | 70 | 31 | 0.5571428571428572 | 1.793103448275862 | 6.886409736308317 | 11.28571428571428 | 0.2008547008547009 | 0.3783783783783783 | 0.8036951501154734 | 6.336467702371218 | 8.960535566583953 | 20.88833333333334 | 0.5938107416879796 | 2.256490623480412 | 8.177040816326532
Czech Republic | 11 | 9 | 0.18181818181818182 | 8.766355140186917 | 11.61437210956955 | 13.46692233940556 | 0.8155522436887733 | 1.490097269034062 | 2.477519379844961 | 7.971257327890354 | 9.646757512436814 | 20.97505884449474 | 1.818209786357127 | 2.41062774370767 | 3.455118246159159
Denmark | 149 | 96 | 0.35570469798657717 | 10.60958904109589 | 15.20741200023905 | 26.07629427792916 | 0.7804548248309773 | 1.347975654935168 | 3.294820717131474 | 8.034094645715829 | 10.99717612826696 | 19.79950738916257 | 0.9808130081300812 | 2.006576086956522 | 5.67988888888889
Dominican Republic | 1 | 0 | 1 | NA | NA | NA | NA | NA | NA | NA | NA | NA | NA | NA | NA
Ecuador | 2 | 1 | 0.5 | 5.285714285714286 | 5.285714285714286 | 5.285714285714286 | 0.3198847262247839 | 0.3198847262247839 | 0.3198847262247839 | NA | NA | NA | 0.6204889406286379 | 0.6204889406286379 | 0.6204889406286379
Egypt | 195 | 144 | 0.26153846153846155 | 3.010097610232245 | 5.558379948697345 | 10.23809523809524 | 0.3247480403135499 | 0.4507853403141361 | 0.8026081802015411 | 2.107453416149069 | 4.297619047619047 | 12.39609053497943 | 0.314622641509434 | 0.8346153846153845 | 1.935926773455378
Estonia | 17 | 13 | 0.23529411764705882 | 11.09090909090909 | 14.63945578231293 | 16.61442006269592 | 0.7607142857142857 | 1.052434456928839 | 2.048850574712644 | 5.53600884220078 | 8.00825742132515 | 13.54369666841117 | 0.465244596087569 | 1.019375152639676 | 1.497097669504412
Falkland Islands | 1 | 0 | 1 | NA | NA | NA | 0.4129692832764505 | 0.4129692832764505 | 0.4129692832764505 | NA | NA | NA | NA | NA | NA
Finland | 141 | 107 | 0.24113475177304963 | 13.10502283105023 | 18.73075060532688 | 31.57591623036649 | 1.17385257301808 | 2.175089648949493 | 3.611038107752957 | 7.89032258064516 | 10.73223684210526 | 16.4368327923106 | 0.8035714285714286 | 1.44004806304972 | 3.394934436577417
France | 712 | 435 | 0.3890449438202247 | 10.45864366914935 | 16.49264705882353 | 25.45622119815668 | 0.8807631589599666 | 1.615028901734104 | 2.787234042553192 | 6.615384615384617 | 9.559649122807018 | 15.20949789626739 | 0.6081769400723832 | 1.29347829174318 | 3.060490378646804
Gabon | 1 | 0 | 1 | NA | NA | NA | 0.4408563782337199 | 0.4408563782337199 | 0.4408563782337199 | 5.166176470588236 | 5.166176470588236 | 5.166176470588236 | 0.9208387942332897 | 0.9208387942332897 | 0.9208387942332897
Georgia | 2 | 2 | 0 | 7.38655462184874 | 17.19088496642676 | 26.99521531100479 | 1.474584801207851 | 2.01376298883922 | 2.552941176470588 | 20.4293145846185 | 295.4941145674743 | 570.5589145503301 | 5.563767617986011 | 5.987525756839958 | 6.411283895693903
Germany | 664 | 409 | 0.38403614457831325 | 12.09230769230769 | 18.20996927278935 | 28.91566265060241 | 1.047417840375587 | 1.807376455402771 | 3.095306970634471 | 6.541468870649893 | 9.665950930384941 | 16.24047731346186 | 0.6649931710006487 | 1.31624356882011 | 3.933081918366371
Ghana | 23 | 18 | 0.21739130434782608 | 4.573529411764707 | 6.543031647387364 | 12.26973684210526 | 0.9885714285714287 | 1.291933418693982 | 1.796324655436447 | 3.811538461538461 | 4.891608391608392 | 7.456032719836401 | 0.3587248322147651 | 0.9454619824208409 | 1.860204081632653
Gibraltar | 7 | 2 | 0.7142857142857143 | 26.83519553072626 | 31.04550474210732 | 35.25581395348837 | 2.75 | 6.602749140893471 | 11.14705882352941 | 1.901626016260163 | 11.00915517139239 | 15.42169667227576 | 1.779666503577173 | 1.892565715779107 | 2.613524057217164
Greece | 180 | 90 | 0.5 | 6.304957904583723 | 10.00502983723995 | 18.91304347826087 | 0.2309830445659224 | 0.45853137620379 | 0.8243243243243243 | 5.356132075471698 | 7.592500689274884 | 14.38686131386861 | 0.5316211878009631 | 1.127185716915148 | 2.768774534453279
Greenland | 1 | 1 | 0 | 14.39449541284404 | 14.39449541284404 | 14.39449541284404 | 1.14945054945055 | 1.14945054945055 | 1.14945054945055 | NA | NA | NA | 3.622751322751323 | 3.622751322751323 | 3.622751322751323
Hong Kong | 1347 | 704 | 0.4773570898292502 | 7.984101748807631 | 14.2228572752058 | 27.93586698337292 | 0.5720384204909285 | 1.170157068062827 | 2.589721254355401 | 6.473358960357397 | 12.04300912714695 | 37.88568025827226 | 1.006399250364344 | 2.800606966763236 | 8.463808338020938
Hungary | 37 | 18 | 0.5135135135135135 | 10.46992481203008 | 12.92929659173314 | 16.11034482758621 | 0.8291814946619217 | 1.477127082717145 | 3.392592592592592 | 4.156614173228347 | 7.673174313078482 | 10.81820536397294 | 0.8298603651987109 | 1.882962962962963 | 4.20661707560786
Iceland | 18 | 17 | 0.05555555555555555 | 9.653579676674365 | 17.30555555555556 | 29.02877697841727 | 1.492324169939307 | 1.862430104277824 | 3.247207903780069 | 7.828686895140821 | 9.494736842105263 | 12.64880090346404 | 1.071825842053231 | 1.389674452235618 | 2.334830543078807
India | 3432 | 2218 | 0.3537296037296037 | 10.77348066298343 | 19.21581670362158 | 38.22732696897375 | 0.6164383561643836 | 1.337484993997599 | 2.951653944020356 | 5.977440000000001 | 10.26623063683305 | 19.45773629733232 | 0.6063829787234043 | 1.367687434002112 | 3.728682170542636
Indonesia | 471 | 347 | 0.2632696390658174 | 8.967032967032967 | 16.03597122302158 | 31.81818181818182 | 0.5495049504950494 | 1.149789029535865 | 2.401259142671975 | 6.057904411764707 | 10.31856899488927 | 18.13723696248856 | 0.9203116883116884 | 2.289041095890411 | 5.432679738562092
Ireland | 83 | 45 | 0.4578313253012048 | 11.59731543624161 | 18.89320388349514 | 25.12333965844402 | 0.8974012103951584 | 1.580198110369864 | 3.34 | 10.84790656640043 | 12.84147777623341 | 18.05740983130906 | 1.51179653248768 | 3.346708811071549 | 7.94753621985273
Isle of Man | 15 | 8 | 0.4666666666666667 | 4.571428571428571 | 11.4880261814688 | 15.37037037037037 | 0.5384615384615385 | 0.8212601312942385 | 1.55625 | 4.363476455385443 | 8.219794121038266 | 9.91081612885349 | 1.196551724137931 | 1.654841613539289 | 3.361991510013563
Israel | 489 | 275 | 0.4376278118609407 | 9.199004975124378 | 12.64822134387352 | 21.17021276595745 | 0.8026315789473685 | 1.291338582677165 | 2.468531468531468 | 7.181506849315069 | 10.70469563153851 | 18.38359201773836 | 0.7902255639097744 | 1.698823992797657 | 7.100117233294255
Italy | 300 | 198 | 0.34 | 10.5970695970696 | 16.21638760934049 | 24.36794582392777 | 0.6996050978280381 | 1.256503249212422 | 2.423343498752426 | 6.172413793103448 | 9.602571383066131 | 13.91337719298245 | 0.6901515151515152 | 1.574003795066414 | 4.574523396880417
Ivory Coast | 30 | 21 | 0.3 | 13.97385620915033 | 18.60849056603774 | 24.18248175182482 | 3.005740528128588 | 3.64539307849167 | 8.718232044198896 | 7.243840579710144 | 10.97461141366009 | 15.5304347826087 | 0.6525331593824746 | 1.185281707619757 | 2.843675417661098
Jamaica | 48 | 42 | 0.125 | 9.872053872053874 | 13.59795881173683 | 20.81308411214953 | 1.10752688172043 | 1.72140221402214 | 3.851063829787234 | 7.944542772861359 | 12.72431021860958 | 16.00933333333333 | 1.236842105263158 | 2.296835727853874 | 4.824872868120716
Japan | 3679 | 3127 | 0.15004077194889917 | 9.154320987654321 | 13.85714285714286 | 22.2 | 0.5844557024589151 | 0.948907435322377 | 1.721796276013143 | 4.102385542168674 | 6.47131243444128 | 10.25409836065574 | 0.3240343347639485 | 0.6196705918796919 | 1.23660494838604
Jordan | 177 | 113 | 0.3615819209039548 | 9.265306122448978 | 14.04145077720207 | 25.81648522550545 | 0.546969696969697 | 0.8476893210490783 | 1.194312796208531 | 6.349206349206349 | 10.22301587301587 | 21.14114285714286 | 0.9220600858369098 | 2.173809523809524 | 6.099426386233269
Kazakhstan | 10 | 7 | 0.3 | 3.814671814671815 | 7.79047619047619 | 11.45869297163995 | 0.5407772304324029 | 0.8438094203885839 | 14.64935064935065 | 3.862204724409449 | 6.986899563318778 | 7.339720352149145 | 2.028148854961832 | 2.462769442808249 | 12.29470198675497
Kenya | 56 | 37 | 0.3392857142857143 | 4.804381846635368 | 8.180645161290322 | 11.46181818181818 | 0.4788273615635179 | 0.7518292682926829 | 1.460492973969131 | 4.707501059347748 | 8.197241790965816 | 13.16171865271672 | 0.6473719228210246 | 1.300615574185102 | 2.666932587101063
Kuwait | 159 | 106 | 0.3333333333333333 | 9.218362282878411 | 12.57995857497929 | 19.26274509803921 | 0.3485981308411215 | 0.525733244117319 | 0.8919439392318391 | 7.20561463233415 | 11.46428571428571 | 23.1078125 | 1.155436447166922 | 3.889657224528952 | 9.246463676413855
Kyrgyzstan | 1 | 0 | 1 | NA | NA | NA | 1.182857142857143 | 1.182857142857143 | 1.182857142857143 | NA | NA | NA | NA | NA | NA
Laos | 1 | 1 | 0 | 8.702549575070822 | 8.702549575070822 | 8.702549575070822 | 0.8759623609923011 | 0.8759623609923011 | 0.8759623609923011 | 17.23240036364373 | 17.23240036364373 | 17.23240036364373 | 1.173241816562662 | 1.173241816562662 | 1.173241816562662
Latvia | 16 | 8 | 0.5 | 9.482758620689657 | 10.62375790424571 | 32.75 | 0.3651612903225806 | 0.599292100318033 | 0.9518796992481202 | 4.43960396039604 | 5.908620683226753 | 7.184773633921649 | 0.4344497607655503 | 0.6454761904761905 | 1.062068965517242
Lebanon | 7 | 7 | 0 | 6.35036496350365 | 7.882736156351791 | 12.00523560209424 | 0.5634383279364145 | 0.7931228299896644 | 0.8574481833093095 | 3.702306079664571 | 5.223234624145786 | 21.54693486590038 | 1.218384697130712 | 1.390551181102362 | 24.63855421686747
Liechtenstein | 2 | 2 | 0 | 12.78571428571428 | 13.02427398063948 | 13.26283367556468 | 0.6473047802011527 | 0.6775314170565263 | 0.7077580539119 | 39.91575063087917 | 39.91575063087917 | 39.91575063087917 | 0.4466276445271007 | 0.4466276445271007 | 0.4466276445271007
Lithuania | 29 | 25 | 0.13793103448275862 | 5.525547445255475 | 9.978632478632479 | 18.96057347670251 | 0.5654730090860502 | 0.9778051787916153 | 1.330242510699001 | 5.708688305139829 | 7.103972429216489 | 12.09095338983051 | 0.4506975478539518 | 1.046791649840079 | 3.502773590569059
Luxembourg | 55 | 36 | 0.34545454545454546 | 12.42610364683301 | 20.02193606061896 | 33.15850144092219 | 0.7455993536099729 | 1.591168091168091 | 3.10920177383592 | 6.731511306427309 | 8.620650187012506 | 18.39753608298565 | 1.212138084632517 | 2.351335740072202 | 6.300943538702031
Macau | 10 | 6 | 0.4 | 22.54706723891273 | 34.45188375491733 | 43.39622641509434 | 0.749185667752443 | 1.38905406747742 | 8.112964033768938 | 18.91439521324179 | 20.46596714541989 | 175.5047639902009 | 0.5185501494779194 | 3.743369522273725 | 5.787882698406191
Macedonia | 1 | 0 | 1 | NA | NA | NA | NA | NA | NA | NA | NA | NA | 1.994285714285714 | 1.994285714285714 | 1.994285714285714
Malawi | 7 | 4 | 0.42857142857142855 | 6.451754385964912 | 7.306091096725771 | 10.18248175182482 | 0.5020491803278688 | 1.823178016726404 | 1.966577540106952 | 3.282352941176471 | 3.282352941176471 | 3.282352941176471 | 1.099868593955322 | 1.475521151437755 | 1.979522184300341
Malaysia | 902 | 623 | 0.3093126385809313 | 8.918478260869566 | 13.48126801152738 | 21.22418879056047 | 0.4726114649681529 | 0.8289145872178363 | 1.427890940434605 | 5.919844357976653 | 9.196005303359183 | 15.96667122575615 | 0.6728763333923236 | 1.37871847032606 | 3.097024226930223
Mali | 1 | 0 | 1 | NA | NA | NA | NA | NA | NA | NA | NA | NA | NA | NA | NA
Malta | 26 | 21 | 0.19230769230769232 | 13.6140350877193 | 25.82142857142857 | 42.13461538461538 | 1.089198036006547 | 1.62409634746014 | 3.635761589403974 | 13.14197530864197 | 19.53824811325573 | 62.03209643182253 | 2.534064953599424 | 5.252019893534124 | 14.4437767663291
Marshall Islands | 1 | 0 | 1 | NA | NA | NA | 0.5354996661473402 | 0.5354996661473402 | 0.5354996661473402 | 6.573065832782972 | 6.573065832782972 | 6.573065832782972 | 5.068243068867456 | 5.068243068867456 | 5.068243068867456
Mauritius | 68 | 44 | 0.35294117647058826 | 7.766233766233766 | 15.32278742762614 | 29.8159509202454 | 0.4183942706370147 | 0.8252032520325203 | 1.160055728569087 | 6.073867958014723 | 11.38770053475936 | 28.44765342960289 | 0.5761795166858458 | 1.861451048951049 | 4.161535476754474
Mexico | 115 | 102 | 0.11304347826086956 | 10.14285714285714 | 17.74114139786988 | 26.33525051124744 | 0.8175532177606558 | 1.47413861671613 | 2.585216198657331 | 7.130016051364366 | 9.615044974121435 | 13.72870318347696 | 1.17984772461165 | 2.111553679189305 | 7.609013282732448
Monaco | 14 | 7 | 0.5 | 3.944530046224961 | 8.575528700906345 | 11.1640625 | 0.3909735786984682 | 0.5818623124448368 | 1.034817275747508 | 5.970210097209156 | 9.024725274725276 | 13.48185624896161 | 3.882340946166395 | 4.373117547525532 | 6.579869804707061
Mongolia | 2 | 0 | 1 | NA | NA | NA | 1.909356725146199 | 2.494792975753615 | 3.080229226361032 | NA | NA | NA | 12.50485718219901 | 1097.919095257766 | 2183.333333333333
Montenegro | 1 | 0 | 1 | NA | NA | NA | NA | NA | NA | NA | NA | NA | NA | NA | NA
Morocco | 71 | 59 | 0.16901408450704225 | 12.43915343915344 | 16.85483870967742 | 19.44444444444444 | 1.069186418962204 | 1.839758179231864 | 3.337883959044369 | 7.819969742813917 | 9.705882352941178 | 12.7250172294969 | 0.9518193224592222 | 2.08534451843957 | 4.116598079561043
Mozambique | 1 | 0 | 1 | NA | NA | NA | 0.1135338345864662 | 0.1135338345864662 | 0.1135338345864662 | NA | NA | NA | 0.03282256055616417 | 0.03282256055616417 | 0.03282256055616417
Namibia | 5 | 5 | 0 | 10.25404530744337 | 10.83638583638584 | 12.5 | 1.000635324015248 | 1.585048918426658 | 3.214415067004708 | 8.184969325153373 | 9.183222958057396 | 229.5895777516545 | 2.509047044632087 | 3.35213567839196 | 3.95972251116175
Netherlands | 142 | 95 | 0.33098591549295775 | 10.33 | 17.17293233082707 | 28.92615592305096 | 1.080629770992366 | 1.879689661114866 | 3.132868071399812 | 6.116431924882629 | 9.114713891463907 | 12.99756226107353 | 0.6487357423872294 | 1.671219696426301 | 4.355963333282169
Netherlands Antilles | 1 | 0 | 1 | NA | NA | NA | NA | NA | NA | NA | NA | NA | NA | NA | NA
New Zealand | 136 | 89 | 0.34558823529411764 | 10.60779220779221 | 14.88524590163934 | 24.01402278702892 | 1.063313609467456 | 1.762042000308826 | 3.317797578249943 | 6.799314014456006 | 8.954035704556645 | 15.11304754894519 | 1.191143670083535 | 2.466875863363446 | 7.065241822663761
Nicaragua | 1 | 0 | 1 | NA | NA | NA | NA | NA | NA | NA | NA | NA | NA | NA | NA
Niger | 1 | 1 | 0 | 13.23148148148148 | 13.23148148148148 | 13.23148148148148 | NA | NA | NA | NA | NA | NA | 4.979094076655053 | 4.979094076655053 | 4.979094076655053
Nigeria | 143 | 77 | 0.46153846153846156 | 4.953846153846154 | 8.324503311258278 | 16 | 0.4400773195876289 | 0.7881287978450164 | 1.453947368421053 | 3.158273381294965 | 5.566861979166665 | 11.40967741935484 | 0.3596214511041009 | 0.6238095238095238 | 1.469408738523429
Norway | 188 | 105 | 0.44148936170212766 | 4.436385255648038 | 11.98601007274762 | 17.23280423280423 | 0.5624341412012644 | 1.303253060386859 | 3.024008002667556 | 5.814633404314431 | 9.49963276658929 | 14.48878923766816 | 1.160148914127997 | 2.900961538461538 | 9.48529411764706
Oman | 69 | 58 | 0.15942028985507245 | 8.555555555555555 | 10.8584300682579 | 14.27777777777778 | 0.8188824662813102 | 1.154385964912281 | 1.846153846153846 | 6.700035700538458 | 8.810154972158113 | 12.91937612447298 | 1.153845327604726 | 2.581993992451368 | 5.726242337245633
Pakistan | 432 | 303 | 0.2986111111111111 | 9.126984126984127 | 13.00201612903226 | 21.89247311827957 | 0.7545638945233267 | 1.438259109311741 | 2.752704456945045 | 7.011541027351567 | 9.349269588313414 | 14.99864016736402 | 0.7596388072238556 | 1.465765765765766 | 3.209203238176395
Palestinian Authority | 28 | 23 | 0.17857142857142858 | 8.953846153846154 | 14.51388888888889 | 27.12918660287081 | 0.8258575197889183 | 1.016187050359712 | 1.432975871313673 | 6.437883008356546 | 10.47562803722922 | 30.27160493827161 | 0.819066147859922 | 1.812049892108252 | 3.367788461538461
Panama | 6 | 2 | 0.6666666666666666 | 5.303070761014686 | 8.600451789176073 | 11.89783281733746 | 1.140468889108715 | 1.645455933183667 | 2.787878787878788 | 10.3790498980216 | 10.87239531938117 | 1723.464017422864 | 2.368163289473486 | 4.353623061799333 | 23.46553784462061
Papua New Guinea | 4 | 1 | 0.75 | 18.80484114977307 | 18.80484114977307 | 18.80484114977307 | 1.555694618272841 | 1.633802816901408 | 1.688149510328016 | 13.09625914993066 | 68.26268206313674 | 123.4291049763428 | 4.459015414010223 | 7.247251941769661 | 31.275
Peru | 66 | 51 | 0.22727272727272727 | 6.254 | 10.68259385665529 | 19.03592814371257 | 0.613670133729569 | 1.099197722567288 | 2.156551724137931 | 3.904822335025381 | 7.539377958785852 | 10.36355748373102 | 0.8437500000000001 | 1.619991531964465 | 3.604686192468619
Philippines | 237 | 174 | 0.26582278481012656 | 9.18296224588577 | 15.78475315934552 | 33.015332197615 | 0.725 | 1.502691749303407 | 2.992603550295859 | 7.761764705882354 | 12.30668246736666 | 23.94196428571428 | 1.800471071652855 | 3.596448802269457 | 7.101161016228637
Poland | 793 | 459 | 0.42118537200504413 | 7.592417061611373 | 12.28346456692913 | 22.60969976905312 | 0.5533707865168539 | 1.071428571428571 | 2.200772200772201 | 5.243055555555554 | 8.203740157480315 | 15.3959595959596 | 0.4249006622516557 | 1.021863799283154 | 3.196286472148541
Portugal | 49 | 34 | 0.30612244897959184 | 5.222222222222221 | 10.00298140173205 | 14.14995313964386 | 0.3795918367346939 | 0.8144030459500724 | 1.799020956739612 | 6.15832795617952 | 8.094437823356833 | 12.33372962469786 | 0.6801589947915785 | 1.209653372046004 | 1.932945736434108
Qatar | 44 | 40 | 0.09090909090909091 | 11.42358522534734 | 13.34765538179527 | 19.27110501029513 | 0.9675047032666325 | 1.37932247592828 | 2.240119313944817 | 12.93202624656149 | 16.85380116959064 | 33.98319864132078 | 2.776858108108108 | 6.766394456817619 | 11.09073208722741
Reunion | 1 | 1 | 0 | 17.50769230769231 | 17.50769230769231 | 17.50769230769231 | 1.267260579064588 | 1.267260579064588 | 1.267260579064588 | 7.359600525520726 | 7.359600525520726 | 7.359600525520726 | 1.611029766568581 | 1.611029766568581 | 1.611029766568581
Romania | 73 | 51 | 0.3013698630136986 | 6.765217391304349 | 9.226744186046512 | 12.76515151515152 | 0.3994152046783626 | 0.5982404351262145 | 0.8824362606232294 | 3.396440677966101 | 5.172672701592193 | 8.432044609665429 | 0.5918367346938775 | 1.046345256609643 | 1.76340841880316
Russia | 205 | 119 | 0.4195121951219512 | 4.734375 | 7.948818897637795 | 14.1551724137931 | 0.4986468200270636 | 0.9655565507694813 | 2.154983710038688 | 4.034128440366972 | 5.95510773130545 | 10.81986143187067 | 0.5765342449463922 | 1.150438596491228 | 2.826112388437981
Saint Lucia | 1 | 0 | 1 | NA | NA | NA | NA | NA | NA | NA | NA | NA | NA | NA | NA
Saudi Arabia | 170 | 125 | 0.2647058823529412 | 12.3141592920354 | 16.24941995359629 | 25.22699386503067 | 1.134190231362468 | 1.682813675689594 | 2.690438871473354 | 8.649180327868855 | 13.80125195618153 | 27.27941176470588 | 1.339121552604699 | 2.663634962232156 | 4.994525547445256
Senegal | 4 | 3 | 0.25 | 12.32153941651148 | 16.82370820668693 | 46.91099476439791 | 1.964912280701754 | 2.967654660202863 | 3.970397039703971 | 4.911591606960082 | 6.43781019196925 | 7.964028776978417 | 0.1868039149510631 | 2.661836083760921 | 3.323928571428571
Serbia | 62 | 6 | 0.9032258064516129 | 7.13953488372093 | 8.974665921962295 | 15.13839285714286 | 0.4592361366140286 | 0.6644358647084776 | 0.9983739837398373 | 6.206035379812696 | 6.242489851150203 | 6.613333333333334 | 0.1019417475728155 | 0.211750263485676 | 0.4686666666666667
Singapore | 568 | 351 | 0.38204225352112675 | 7.571428571428571 | 12.00180440274269 | 20.64423076923077 | 0.4562798867961355 | 0.719869706840391 | 1.283634933123525 | 5.05637240459088 | 9.641370307633743 | 17.5095950266509 | 0.4676281625247515 | 1.232611964478343 | 4.041766109785203
Slovakia | 11 | 7 | 0.36363636363636365 | 7.720164609053498 | 10.35428875865743 | 22.27368421052632 | 0.8723552662171588 | 1.07679033649698 | 1.220561451987691 | 4.403388282007145 | 8.002272717180844 | 13.71652370774345 | 0.4304017037279199 | 1.584612871610585 | 3.447113248350385
Slovenia | 30 | 18 | 0.4 | 8.307254623044097 | 9.788881610799418 | 15.30033840947547 | 0.2758426966292135 | 0.5551874796736374 | 0.8083941605839416 | 4.581308411214954 | 6.263239875389409 | 7.101801801801802 | 0.2347107438016529 | 0.4478330658105939 | 0.8906484641638226
South Africa | 273 | 209 | 0.23443223443223443 | 9.573275862068966 | 13.50293542074364 | 21.31491712707182 | 0.8844747340425532 | 1.429447041097647 | 2.750700280112045 | 5.698749045294839 | 8.765041630873613 | 14.06760289779323 | 0.667860696517413 | 1.516392908987614 | 3.417731029301278
South Korea | 1928 | 1304 | 0.3236514522821577 | 9.572538860103627 | 15.676875 | 32.16666666666666 | 0.7084076054664289 | 1.140012070006035 | 2.009433962264151 | 6.25609756097561 | 10.19001610305958 | 19.20833333333334 | 0.6479937972475286 | 1.179934747145188 | 2.339572192513369
Spain | 167 | 113 | 0.32335329341317365 | 11.39811577311577 | 16.62234042553192 | 23.33333333333334 | 0.9136183053643921 | 1.576865835067457 | 3.153465346534654 | 8.8017387651386 | 12.12636904761905 | 15.74832889057189 | 1.279606407017483 | 2.296081879317877 | 7.586632079385716
Sri Lanka | 256 | 193 | 0.24609375 | 6.041666666666667 | 9.163498098859316 | 16.12612612612612 | 0.5714285714285714 | 0.8844123692077728 | 1.335078534031414 | 5.503516174402249 | 8.83644161276761 | 15.27184466019417 | 0.7736526946107785 | 1.679598473357761 | 4.022881355932204
Sudan | 2 | 2 | 0 | 2.901993355481727 | 3.213927712223622 | 3.525862068965517 | 0.2272222222222222 | 0.2900757575757575 | 0.3529292929292929 | 2.516206482593037 | 2.516206482593037 | 2.516206482593037 | 0.4133333333333332 | 0.6875108969947235 | 0.9616884606561138
Sweden | 661 | 322 | 0.5128593040847201 | 12.69162210338681 | 18.72484577673351 | 28.6875 | 1.504273504273504 | 2.904592803030303 | 5.762376237623762 | 9.237746178653692 | 12.61946480423048 | 22.40540540540541 | 1.041529606365251 | 2.902114803625377 | 13.61349693251534
Switzerland | 274 | 194 | 0.291970802919708 | 15.01452456264928 | 20.66175431711146 | 27.42141230068337 | 1.023863198988288 | 1.784355299981839 | 3.468722974920726 | 7.819453697534978 | 11.40406960091646 | 18.65765765765766 | 1.017956943020908 | 2.181146375835024 | 8.923688150701413
Taiwan | 1820 | 1308 | 0.2813186813186813 | 11.18478260869565 | 15.56404958677686 | 25.03649635036496 | 0.7826673585884796 | 1.207096444528842 | 1.996978851963746 | 6.336176258490545 | 9.418870021676671 | 16.67584835525311 | 0.659105690555319 | 1.224858435193992 | 2.538806639748766
Tanzania | 14 | 11 | 0.21428571428571427 | 7.273076923076923 | 11.36363636363636 | 15.6078431372549 | 0.7716049382716049 | 1.312146892655367 | 5.287279973430754 | 7.774654377880186 | 8.59787724223684 | 114.2831881748023 | 1.465094339622641 | 1.898623397856997 | 3.461492895911033
Thailand | 620 | 486 | 0.2161290322580645 | 11.3015873015873 | 17.94783914349131 | 32.31527093596059 | 1.071651090342679 | 1.650746537146969 | 3 | 8.601646042278833 | 13.62685733367687 | 26.71298701298701 | 1.086482570965641 | 2.080406445261842 | 4.546971822895812
Togo | 1 | 0 | 1 | NA | NA | NA | 0.4036647134770087 | 0.4036647134770087 | 0.4036647134770087 | NA | NA | NA | 0.6497871529322066 | 0.6497871529322066 | 0.6497871529322066
Trinidad & Tobago | 18 | 16 | 0.1111111111111111 | 11.94805194805195 | 14.82747684671695 | 19.9811320754717 | 1.027103464529814 | 1.610467728025005 | 2.474725274725275 | 4.943206776687609 | 9.471822176259463 | 17.94132360498914 | 0.6185200490360689 | 2.201159065741467 | 4.111176549767547
Tunisia | 79 | 50 | 0.3670886075949367 | 8.975903614457833 | 11.94395163939812 | 15.57922769640479 | 0.9411764705882353 | 1.649214659685864 | 2.350253807106599 | 5.920245398773006 | 9.090742438130157 | 12.36959064327485 | 0.7033477321814254 | 1.326341890600697 | 2.788306451612903
Turkey | 402 | 293 | 0.27114427860696516 | 5.601503759398496 | 9.4320987654321 | 20.47531992687386 | 0.5385714285714286 | 0.9225185058161136 | 1.662751677852349 | 6.154773869346735 | 9.547619047619047 | 17.64360465116279 | 0.6974820143884892 | 1.327203371871247 | 3.732403100775194
Turks & Caicos Islands | 1 | 1 | 0 | 0.1270718232044199 | 0.1270718232044199 | 0.1270718232044199 | 0.02693208430913349 | 0.02693208430913349 | 0.02693208430913349 | 0.08135593220338984 | 0.08135593220338984 | 0.08135593220338984 | 0.01399416909620991 | 0.01399416909620991 | 0.01399416909620991
Uganda | 6 | 6 | 0 | 6.364452423698384 | 8.087791582150102 | 8.121212121212121 | 1.154569892473118 | 1.433680104031209 | 1.529243937232525 | 2.936781609195402 | 4.939650872817954 | 1354.218941760849 | 1.154312354312354 | 1.458066508430875 | 2.470512820512821
Ukraine | 14 | 5 | 0.6428571428571429 | 3.238425925925926 | 4.670704012112036 | 5.583333333333333 | 0.3019966722129783 | 0.6164648060382657 | 1.070567986230637 | 1.888509316770186 | 2.087222095226814 | 4.452412599893923 | 0.4274868189806679 | 0.627898027898028 | 1.21867681834192
United Arab Emirates | 96 | 71 | 0.2604166666666667 | 7.757142857142857 | 10.86527514231499 | 16.37604456824512 | 0.6291666666666667 | 0.8879895489168752 | 1.466390899689762 | 7.186342592592593 | 10.18705894734545 | 19.5674430372387 | 1.237024221453287 | 2.869631774545294 | 5.492359427395723
United Kingdom | 1280 | 714 | 0.4421875 | 10.53881278538813 | 17.42527059463865 | 29.32773109243698 | 0.900355871886121 | 1.6878612716763 | 3.615384615384615 | 6.882314984863713 | 10.15117897882707 | 16.7021191730882 | 0.925216609574688 | 2.046531606868 | 4.960836123688089
United States | 7330 | 3081 | 0.5796725784447476 | 14.40412371134021 | 21.14792899408284 | 32.38622754491018 | 1.179029957203994 | 1.999715424018213 | 3.947817145794954 | 9.117374009219056 | 13.61507285040016 | 35.91383413811404 | 1.229546991210277 | 2.915174353592776 | 7.303244601473811
Uruguay | 1 | 1 | 0 | 18.00316455696202 | 18.00316455696202 | 18.00316455696202 | 3.36726842261024 | 3.36726842261024 | 3.36726842261024 | 5.64760272465583 | 5.64760272465583 | 5.64760272465583 | 0.7448242070778123 | 0.7448242070778123 | 0.7448242070778123
Venezuela | 17 | 4 | 0.7647058823529411 | 31.23089157077369 | 46.52472065891129 | 95.7473577530042 | 8.469756939158673 | 10.39213994211028 | 11.40868915722644 | NA | NA | NA | 7.774418373927277 | 8.813717898605285 | 13.77795809481465
Vietnam | 658 | 374 | 0.4316109422492401 | 6.600343053173242 | 9.317600056018922 | 13.63247863247863 | 0.5933098591549296 | 1.010152284263959 | 1.683658170914543 | 5.303147699757869 | 7.857913669064749 | 11.73752310536044 | 0.374642126789366 | 0.7900893354748619 | 1.784090909090909
Zambia | 12 | 7 | 0.4166666666666667 | 5.194029850746269 | 5.674603174603175 | 17.93827160493827 | 0.4218289085545723 | 0.6316953035509737 | 0.8880666049953747 | 4.811317036093167 | 4.93420050413313 | 14.51876019575857 | 0.5354331948599423 | 0.8710045662100457 | 3.191111111111111
Zimbabwe | 10 | 8 | 0.2 | 13.45514950166113 | 15.07704159886277 | 21.41372141372142 | 0.9837306091562618 | 1.856531049250535 | 2.979933110367893 | 5.178046574285551 | 7.562878787878788 | 15.01594202898551 | 0.5283919054932045 | 0.7030281690140846 | 3.161668355808157
Global | 42678 | 25493 | 0.40266647921645815

Sheet: PE Heat Map
Country | 25th Percentile | Median | 75th Percentile
Anguilla | NA | NA | NA
Argentina | 10.10019841269841 | 13.86120602086989 | 28.00961538461538
Australia | 11.15173674588666 | 17.59776536312849 | 29.02521008403361
Austria | 10.80645161290323 | 14.45140313661146 | 23.05027932960894
Azerbaijan | NA | NA | NA
Bahamas | 8.686968838526912 | 8.686968838526912 | 8.686968838526912
Bahrain | 7.573440643863179 | 10.70851493222592 | 14.36794289422453
Bangladesh | 10.13698630136986 | 17.62057637748245 | 28.17307692307692
Barbados | 5.213533834586466 | 10.50528789659224 | 14.23857142857143
Belgium | 12.5423875432526 | 20.2965062864726 | 26.81632653061224
Belize | NA | NA | NA
Benin | 12.85645933014354 | 12.85645933014354 | 12.85645933014354
Bermuda | 7.801608579088472 | 10.66425718090165 | 14.43807763401109
Botswana | 9.075630252100842 | 12.58118944454474 | 17.93513513513513
Brazil | 9.706601466992666 | 16.16874135546335 | 25.76265466816648
British Virgin Islands | 5.381660470879802 | 7.559055118110236 | 16.34269662921348
Bulgaria | 11.05515587529976 | 18.06664527171588 | 45.08875739644971
Burkina Faso | 12.185 | 12.85554801670146 | 13.52609603340292
Cambodia | 7.222052845528455 | 7.222052845528455 | 7.222052845528455
Cameroon | 26.58846153846154 | 26.58846153846154 | 26.58846153846154
Canada | 8.370283018867925 | 16.32775919732441 | 31.02288629737609
Cayman Islands | 11.13302752293578 | 15.58884938590821 | 18.27580579355365
Channel Islands | 6.935628742514971 | 15.2191235059761 | 27.67567567567568
Chile | 9.452873563218391 | 13.34470989761092 | 20.71428571428572
China | 23.48301886792453 | 48.38117265103403 | 92.01666666666667
Colombia | 6.894991922455574 | 10.86397650438601 | 18.08823529411765
Croatia | 9.76040404040404 | 13.48760330578512 | 18.41904761904762
Curaçao | 18.60646530204693 | 66.75983436853002 | 142.1768707482993
Cyprus | 1.793103448275862 | 6.886409736308317 | 11.28571428571428
Czech Republic | 8.766355140186917 | 11.61437210956955 | 13.46692233940556
Denmark | 10.60958904109589 | 15.20741200023905 | 26.07629427792916
Dominican Republic | NA | NA | NA
Ecuador | 5.285714285714286 | 5.285714285714286 | 5.285714285714286
Egypt | 3.010097610232245 | 5.558379948697345 | 10.23809523809524
Estonia | 11.09090909090909 | 14.63945578231293 | 16.61442006269592
Falkland Islands | NA | NA | NA
Finland | 13.10502283105023 | 18.73075060532688 | 31.57591623036649
France | 10.45864366914935 | 16.49264705882353 | 25.45622119815668
Gabon | NA | NA | NA
Georgia | 7.38655462184874 | 17.19088496642676 | 26.99521531100479
Germany | 12.09230769230769 | 18.20996927278935 | 28.91566265060241
Ghana | 4.573529411764707 | 6.543031647387364 | 12.26973684210526
Gibraltar | 26.83519553072626 | 31.04550474210732 | 35.25581395348837
Greece | 6.304957904583723 | 10.00502983723995 | 18.91304347826087
Greenland | 14.39449541284404 | 14.39449541284404 | 14.39449541284404
Hong Kong | 7.984101748807631 | 14.2228572752058 | 27.93586698337292
Hungary | 10.46992481203008 | 12.92929659173314 | 16.11034482758621
Iceland | 9.653579676674365 | 17.30555555555556 | 29.02877697841727
India | 10.77348066298343 | 19.21581670362158 | 38.22732696897375
Indonesia | 8.967032967032967 | 16.03597122302158 | 31.81818181818182
Ireland | 11.59731543624161 | 18.89320388349514 | 25.12333965844402
Isle of Man | 4.571428571428571 | 11.4880261814688 | 15.37037037037037
Israel | 9.199004975124378 | 12.64822134387352 | 21.17021276595745
Italy | 10.5970695970696 | 16.21638760934049 | 24.36794582392777
Ivory Coast | 13.97385620915033 | 18.60849056603774 | 24.18248175182482
Jamaica | 9.872053872053874 | 13.59795881173683 | 20.81308411214953
Japan | 9.154320987654321 | 13.85714285714286 | 22.2
Jordan | 9.265306122448978 | 14.04145077720207 | 25.81648522550545
Kazakhstan | 3.814671814671815 | 7.79047619047619 | 11.45869297163995
Kenya | 4.804381846635368 | 8.180645161290322 | 11.46181818181818
Kuwait | 9.218362282878411 | 12.57995857497929 | 19.26274509803921
Kyrgyzstan | NA | NA | NA
Laos | 8.702549575070822 | 8.702549575070822 | 8.702549575070822
Latvia | 9.482758620689657 | 10.62375790424571 | 32.75
Lebanon | 6.35036496350365 | 7.882736156351791 | 12.00523560209424
Liechtenstein | 12.78571428571428 | 13.02427398063948 | 13.26283367556468
Lithuania | 5.525547445255475 | 9.978632478632479 | 18.96057347670251
Luxembourg | 12.42610364683301 | 20.02193606061896 | 33.15850144092219
Macau | 22.54706723891273 | 34.45188375491733 | 43.39622641509434
Macedonia | NA | NA | NA
Malawi | 6.451754385964912 | 7.306091096725771 | 10.18248175182482
Malaysia | 8.918478260869566 | 13.48126801152738 | 21.22418879056047
Mali | NA | NA | NA
Malta | 13.6140350877193 | 25.82142857142857 | 42.13461538461538
Marshall Islands | NA | NA | NA
Mauritius | 7.766233766233766 | 15.32278742762614 | 29.8159509202454
Mexico | 10.14285714285714 | 17.74114139786988 | 26.33525051124744
Monaco | 3.944530046224961 | 8.575528700906345 | 11.1640625
Mongolia | NA | NA | NA
Montenegro | NA | NA | NA
Morocco | 12.43915343915344 | 16.85483870967742 | 19.44444444444444
Mozambique | NA | NA | NA
Namibia | 10.25404530744337 | 10.83638583638584 | 12.5
Netherlands | 10.33 | 17.17293233082707 | 28.92615592305096
Netherlands Antilles | NA | NA | NA
New Zealand | 10.60779220779221 | 14.88524590163934 | 24.01402278702892
Nicaragua | NA | NA | NA
Niger | 13.23148148148148 | 13.23148148148148 | 13.23148148148148
Nigeria | 4.953846153846154 | 8.324503311258278 | 16
Norway | 4.436385255648038 | 11.98601007274762 | 17.23280423280423
Oman | 8.555555555555555 | 10.8584300682579 | 14.27777777777778
Pakistan | 9.126984126984127 | 13.00201612903226 | 21.89247311827957
Palestinian Authority | 8.953846153846154 | 14.51388888888889 | 27.12918660287081
Panama | 5.303070761014686 | 8.600451789176073 | 11.89783281733746
Papua New Guinea | 18.80484114977307 | 18.80484114977307 | 18.80484114977307
Peru | 6.254 | 10.68259385665529 | 19.03592814371257
Philippines | 9.18296224588577 | 15.78475315934552 | 33.015332197615
Poland | 7.592417061611373 | 12.28346456692913 | 22.60969976905312
Portugal | 5.222222222222221 | 10.00298140173205 | 14.14995313964386
Qatar | 11.42358522534734 | 13.34765538179527 | 19.27110501029513
Reunion | 17.50769230769231 | 17.50769230769231 | 17.50769230769231
Romania | 6.765217391304349 | 9.226744186046512 | 12.76515151515152
Russia | 4.734375 | 7.948818897637795 | 14.1551724137931
Saint Lucia | NA | NA | NA
Saudi Arabia | 12.3141592920354 | 16.24941995359629 | 25.22699386503067
Senegal | 12.32153941651148 | 16.82370820668693 | 46.91099476439791
Serbia | 7.13953488372093 | 8.974665921962295 | 15.13839285714286
Singapore | 7.571428571428571 | 12.00180440274269 | 20.64423076923077
Slovakia | 7.720164609053498 | 10.35428875865743 | 22.27368421052632
Slovenia | 8.307254623044097 | 9.788881610799418 | 15.30033840947547
South Africa | 9.573275862068966 | 13.50293542074364 | 21.31491712707182
South Korea | 9.572538860103627 | 15.676875 | 32.16666666666666
Spain | 11.39811577311577 | 16.62234042553192 | 23.33333333333334
Sri Lanka | 6.041666666666667 | 9.163498098859316 | 16.12612612612612
Sudan | 2.901993355481727 | 3.213927712223622 | 3.525862068965517
Sweden | 12.69162210338681 | 18.72484577673351 | 28.6875
Switzerland | 15.01452456264928 | 20.66175431711146 | 27.42141230068337
Taiwan | 11.18478260869565 | 15.56404958677686 | 25.03649635036496
Tanzania | 7.273076923076923 | 11.36363636363636 | 15.6078431372549
Thailand | 11.3015873015873 | 17.94783914349131 | 32.31527093596059
Togo | NA | NA | NA
Trinidad & Tobago | 11.94805194805195 | 14.82747684671695 | 19.9811320754717
Tunisia | 8.975903614457833 | 11.94395163939812 | 15.57922769640479
Turkey | 5.601503759398496 | 9.4320987654321 | 20.47531992687386
Turks & Caicos Islands | 0.1270718232044199 | 0.1270718232044199 | 0.1270718232044199
Uganda | 6.364452423698384 | 8.087791582150102 | 8.121212121212121
Ukraine | 3.238425925925926 | 4.670704012112036 | 5.583333333333333
United Arab Emirates | 7.757142857142857 | 10.86527514231499 | 16.37604456824512
United Kingdom | 10.53881278538813 | 17.42527059463865 | 29.32773109243698
United States | 14.40412371134021 | 21.14792899408284 | 32.38622754491018
Uruguay | 18.00316455696202 | 18.00316455696202 | 18.00316455696202
Venezuela | 31.23089157077369 | 46.52472065891129 | 95.7473577530042
Vietnam | 6.600343053173242 | 9.317600056018922 | 13.63247863247863
Zambia | 5.194029850746269 | 5.674603174603175 | 17.93827160493827
Zimbabwe | 13.45514950166113 | 15.07704159886277 | 21.41372141372142

Sheet: PBV Heat Map
Country | 25th Percentile | Median | 75th Percentile
Anguilla | NA | NA | NA
Argentina | 2.188679245283019 | 3.219291100353752 | 6.008130081300813
Australia | 0.9306451612903226 | 1.820603916979771 | 4.191919191919192
Austria | 0.7332508878741755 | 1.281270398195823 | 2.050223214285714
Azerbaijan | 0.4222503160556258 | 0.4222503160556258 | 0.4222503160556258
Bahamas | 0.05987261146496815 | 0.7271757173345981 | 16.80505415162455
Bahrain | 0.5291545189504373 | 0.8250082381747921 | 1.31447963800905
Bangladesh | 0.876008804108584 | 1.311320754716981 | 2.496153846153846
Barbados | 0.4193275278180938 | 0.7595581988105353 | 1.449323833066744
Belgium | 1.08860789300179 | 1.422715478448627 | 2.496491228070175
Belize | 0.1426785714285714 | 0.1426785714285714 | 0.1426785714285714
Benin | 2.481071098799631 | 2.481071098799631 | 2.481071098799631
Bermuda | 0.5 | 0.8483133116467304 | 1.344431554524362
Botswana | 1.222044728434505 | 2.155925155925156 | 2.78448275862069
Brazil | 0.6588681631362631 | 1.224276609960425 | 2.440735694822888
British Virgin Islands | 0.4111842105263158 | 0.5894734223618748 | 1.141333333333333
Bulgaria | 0.5670886075949366 | 0.9708029197080291 | 1.808510638297872
Burkina Faso | 2.95752427184466 | 2.95752427184466 | 2.95752427184466
Cambodia | 1.644452157815573 | 1.644452157815573 | 1.644452157815573
Cameroon | NA | NA | NA
Canada | 0.8189300411522633 | 1.752549978793561 | 4.296943231441048
Cayman Islands | 1.015979012640114 | 1.690736115192477 | 3.19950890116636
Channel Islands | 0.6797752808988764 | 1.049286975385935 | 2.238495575221239
Chile | 0.6718749999999999 | 0.96281750552912 | 1.571472486935137
China | 1.823815764838045 | 3.231671554252199 | 5.682824655894674
Colombia | 0.6633326665333066 | 1.020850992785912 | 1.524225774225774
Croatia | 0.5099724896836314 | 0.8899075405098255 | 1.342105263157895
Curaçao | 1.514743537636157 | 1.937642632654096 | 20.29126213592233
Cyprus | 0.2008547008547009 | 0.3783783783783783 | 0.8036951501154734
Czech Republic | 0.8155522436887733 | 1.490097269034062 | 2.477519379844961
Denmark | 0.7804548248309773 | 1.347975654935168 | 3.294820717131474
Dominican Republic | NA | NA | NA
Ecuador | 0.3198847262247839 | 0.3198847262247839 | 0.3198847262247839
Egypt | 0.3247480403135499 | 0.4507853403141361 | 0.8026081802015411
Estonia | 0.7607142857142857 | 1.052434456928839 | 2.048850574712644
Falkland Islands | 0.4129692832764505 | 0.4129692832764505 | 0.4129692832764505
Finland | 1.17385257301808 | 2.175089648949493 | 3.611038107752957
France | 0.8807631589599666 | 1.615028901734104 | 2.787234042553192
Gabon | 0.4408563782337199 | 0.4408563782337199 | 0.4408563782337199
Georgia | 1.474584801207851 | 2.01376298883922 | 2.552941176470588
Germany | 1.047417840375587 | 1.807376455402771 | 3.095306970634471
Ghana | 0.9885714285714287 | 1.291933418693982 | 1.796324655436447
Gibraltar | 2.75 | 6.602749140893471 | 11.14705882352941
Greece | 0.2309830445659224 | 0.45853137620379 | 0.8243243243243243
Greenland | 1.14945054945055 | 1.14945054945055 | 1.14945054945055
Hong Kong | 0.5720384204909285 | 1.170157068062827 | 2.589721254355401
Hungary | 0.8291814946619217 | 1.477127082717145 | 3.392592592592592
Iceland | 1.492324169939307 | 1.862430104277824 | 3.247207903780069
India | 0.6164383561643836 | 1.337484993997599 | 2.951653944020356
Indonesia | 0.5495049504950494 | 1.149789029535865 | 2.401259142671975
Ireland | 0.8974012103951584 | 1.580198110369864 | 3.34
Isle of Man | 0.5384615384615385 | 0.8212601312942385 | 1.55625
Israel | 0.8026315789473685 | 1.291338582677165 | 2.468531468531468
Italy | 0.6996050978280381 | 1.256503249212422 | 2.423343498752426
Ivory Coast | 3.005740528128588 | 3.64539307849167 | 8.718232044198896
Jamaica | 1.10752688172043 | 1.72140221402214 | 3.851063829787234
Japan | 0.5844557024589151 | 0.948907435322377 | 1.721796276013143
Jordan | 0.546969696969697 | 0.8476893210490783 | 1.194312796208531
Kazakhstan | 0.5407772304324029 | 0.8438094203885839 | 14.64935064935065
Kenya | 0.4788273615635179 | 0.7518292682926829 | 1.460492973969131
Kuwait | 0.3485981308411215 | 0.525733244117319 | 0.8919439392318391
Kyrgyzstan | 1.182857142857143 | 1.182857142857143 | 1.182857142857143
Laos | 0.8759623609923011 | 0.8759623609923011 | 0.8759623609923011
Latvia | 0.3651612903225806 | 0.599292100318033 | 0.9518796992481202
Lebanon | 0.5634383279364145 | 0.7931228299896644 | 0.8574481833093095
Liechtenstein | 0.6473047802011527 | 0.6775314170565263 | 0.7077580539119
Lithuania | 0.5654730090860502 | 0.9778051787916153 | 1.330242510699001
Luxembourg | 0.7455993536099729 | 1.591168091168091 | 3.10920177383592
Macau | 0.749185667752443 | 1.38905406747742 | 8.112964033768938
Macedonia | NA | NA | NA
Malawi | 0.5020491803278688 | 1.823178016726404 | 1.966577540106952
Malaysia | 0.4726114649681529 | 0.8289145872178363 | 1.427890940434605
Mali | NA | NA | NA
Malta | 1.089198036006547 | 1.62409634746014 | 3.635761589403974
Marshall Islands | 0.5354996661473402 | 0.5354996661473402 | 0.5354996661473402
Mauritius | 0.4183942706370147 | 0.8252032520325203 | 1.160055728569087
Mexico | 0.8175532177606558 | 1.47413861671613 | 2.585216198657331
Monaco | 0.3909735786984682 | 0.5818623124448368 | 1.034817275747508
Mongolia | 1.909356725146199 | 2.494792975753615 | 3.080229226361032
Montenegro | NA | NA | NA
Morocco | 1.069186418962204 | 1.839758179231864 | 3.337883959044369
Mozambique | 0.1135338345864662 | 0.1135338345864662 | 0.1135338345864662
Namibia | 1.000635324015248 | 1.585048918426658 | 3.214415067004708
Netherlands | 1.080629770992366 | 1.879689661114866 | 3.132868071399812
Netherlands Antilles | NA | NA | NA
New Zealand | 1.063313609467456 | 1.762042000308826 | 3.317797578249943
Nicaragua | NA | NA | NA
Niger | NA | NA | NA
Nigeria | 0.4400773195876289 | 0.7881287978450164 | 1.453947368421053
Norway | 0.5624341412012644 | 1.303253060386859 | 3.024008002667556
Oman | 0.8188824662813102 | 1.154385964912281 | 1.846153846153846
Pakistan | 0.7545638945233267 | 1.438259109311741 | 2.752704456945045
Palestinian Authority | 0.8258575197889183 | 1.016187050359712 | 1.432975871313673
Panama | 1.140468889108715 | 1.645455933183667 | 2.787878787878788
Papua New Guinea | 1.555694618272841 | 1.633802816901408 | 1.688149510328016
Peru | 0.613670133729569 | 1.099197722567288 | 2.156551724137931
Philippines | 0.725 | 1.502691749303407 | 2.992603550295859
Poland | 0.5533707865168539 | 1.071428571428571 | 2.200772200772201
Portugal | 0.3795918367346939 | 0.8144030459500724 | 1.799020956739612
Qatar | 0.9675047032666325 | 1.37932247592828 | 2.240119313944817
Reunion | 1.267260579064588 | 1.267260579064588 | 1.267260579064588
Romania | 0.3994152046783626 | 0.5982404351262145 | 0.8824362606232294
Russia | 0.4986468200270636 | 0.9655565507694813 | 2.154983710038688
Saint Lucia | NA | NA | NA
Saudi Arabia | 1.134190231362468 | 1.682813675689594 | 2.690438871473354
Senegal | 1.964912280701754 | 2.967654660202863 | 3.970397039703971
Serbia | 0.4592361366140286 | 0.6644358647084776 | 0.9983739837398373
Singapore | 0.4562798867961355 | 0.719869706840391 | 1.283634933123525
Slovakia | 0.8723552662171588 | 1.07679033649698 | 1.220561451987691
Slovenia | 0.2758426966292135 | 0.5551874796736374 | 0.8083941605839416
South Africa | 0.8844747340425532 | 1.429447041097647 | 2.750700280112045
South Korea | 0.7084076054664289 | 1.140012070006035 | 2.009433962264151
Spain | 0.9136183053643921 | 1.576865835067457 | 3.153465346534654
Sri Lanka | 0.5714285714285714 | 0.8844123692077728 | 1.335078534031414
Sudan | 0.2272222222222222 | 0.2900757575757575 | 0.3529292929292929
Sweden | 1.504273504273504 | 2.904592803030303 | 5.762376237623762
Switzerland | 1.023863198988288 | 1.784355299981839 | 3.468722974920726
Taiwan | 0.7826673585884796 | 1.207096444528842 | 1.996978851963746
Tanzania | 0.7716049382716049 | 1.312146892655367 | 5.287279973430754
Thailand | 1.071651090342679 | 1.650746537146969 | 3
Togo | 0.4036647134770087 | 0.4036647134770087 | 0.4036647134770087
Trinidad & Tobago | 1.027103464529814 | 1.610467728025005 | 2.474725274725275
Tunisia | 0.9411764705882353 | 1.649214659685864 | 2.350253807106599
Turkey | 0.5385714285714286 | 0.9225185058161136 | 1.662751677852349
Turks & Caicos Islands | 0.02693208430913349 | 0.02693208430913349 | 0.02693208430913349
Uganda | 1.154569892473118 | 1.433680104031209 | 1.529243937232525
Ukraine | 0.3019966722129783 | 0.6164648060382657 | 1.070567986230637
United Arab Emirates | 0.6291666666666667 | 0.8879895489168752 | 1.466390899689762
United Kingdom | 0.900355871886121 | 1.6878612716763 | 3.615384615384615
United States | 1.179029957203994 | 1.999715424018213 | 3.947817145794954
Uruguay | 3.36726842261024 | 3.36726842261024 | 3.36726842261024
Venezuela | 8.469756939158673 | 10.39213994211028 | 11.40868915722644
Vietnam | 0.5933098591549296 | 1.010152284263959 | 1.683658170914543
Zambia | 0.4218289085545723 | 0.6316953035509737 | 0.8880666049953747
Zimbabwe | 0.9837306091562618 | 1.856531049250535 | 2.979933110367893

Sheet: EVEBITDA Heat Map
Country | 25th Percentile | Median | 75th Percentile
Anguilla | NA | NA | NA
Argentina | 6.394611727416798 | 10.74700162707846 | 15.06692160611855
Australia | 5.88819162882025 | 9.747879280860827 | 15.95275456583629
Austria | 6.559228650137741 | 8.56 | 13.76505367876918
Azerbaijan | 3.051028806584362 | 3.051028806584362 | 3.051028806584362
Bahamas | 4.6605415860735 | 7.232106021057055 | 9.803670456040608
Bahrain | 4.590575716797653 | 13.76040894685843 | 423.9758985782699
Bangladesh | 7.661585365853659 | 11.22121786874782 | 18.18181818181818
Barbados | 1.551287164932327 | 6.36904345698864 | 68.57964799376532
Belgium | 6.28080239681289 | 10.41480998028483 | 18.85798816568047
Belize | NA | NA | NA
Benin | NA | NA | NA
Bermuda | 6.349760197493532 | 9.844683512501474 | 12.7788595425107
Botswana | 4.776459380416429 | 8.698922453237323 | 182.4264919763123
Brazil | 7.149136577708005 | 9.117095420718403 | 13.58635388486661
British Virgin Islands | 1.898850225278786 | 2.154290731220839 | 11.70932069510268
Bulgaria | 7.750952986022871 | 11.193 | 16.51121076233184
Burkina Faso | NA | NA | NA
Cambodia | 5.289287835790287 | 5.289287835790287 | 5.289287835790287
Cameroon | 6.486846436927227 | 6.486846436927227 | 6.486846436927227
Canada | 7.414064275271404 | 11.91483073936705 | 22.08337391526385
Cayman Islands | 5.622687351146655 | 8.4185303514377 | 12.05719557195572
Channel Islands | 6.381280670008803 | 10.86868686868687 | 21.99235474006116
Chile | 6.384747038446489 | 8.455635491606715 | 12.32489127944583
China | 16.0781990521327 | 31.64268867924529 | 62.57925072046109
Colombia | 5.182539682539684 | 8.004076920854349 | 14.32107349404088
Croatia | 8.09470602892926 | 10.47753259048868 | 15.8043669518633
Curaçao | 7.076052529360568 | 8.421567425575631 | 11.07071278549773
Cyprus | 6.336467702371218 | 8.960535566583953 | 20.88833333333334
Czech Republic | 7.971257327890354 | 9.646757512436814 | 20.97505884449474
Denmark | 8.034094645715829 | 10.99717612826696 | 19.79950738916257
Dominican Republic | NA | NA | NA
Ecuador | NA | NA | NA
Egypt | 2.107453416149069 | 4.297619047619047 | 12.39609053497943
Estonia | 5.53600884220078 | 8.00825742132515 | 13.54369666841117
Falkland Islands | NA | NA | NA
Finland | 7.89032258064516 | 10.73223684210526 | 16.4368327923106
France | 6.615384615384617 | 9.559649122807018 | 15.20949789626739
Gabon | 5.166176470588236 | 5.166176470588236 | 5.166176470588236
Georgia | 20.4293145846185 | 295.4941145674743 | 570.5589145503301
Germany | 6.541468870649893 | 9.665950930384941 | 16.24047731346186
Ghana | 3.811538461538461 | 4.891608391608392 | 7.456032719836401
Gibraltar | 1.901626016260163 | 11.00915517139239 | 15.42169667227576
Greece | 5.356132075471698 | 7.592500689274884 | 14.38686131386861
Greenland | NA | NA | NA
Hong Kong | 6.473358960357397 | 12.04300912714695 | 37.88568025827226
Hungary | 4.156614173228347 | 7.673174313078482 | 10.81820536397294
Iceland | 7.828686895140821 | 9.494736842105263 | 12.64880090346404
India | 5.977440000000001 | 10.26623063683305 | 19.45773629733232
Indonesia | 6.057904411764707 | 10.31856899488927 | 18.13723696248856
Ireland | 10.84790656640043 | 12.84147777623341 | 18.05740983130906
Isle of Man | 4.363476455385443 | 8.219794121038266 | 9.91081612885349
Israel | 7.181506849315069 | 10.70469563153851 | 18.38359201773836
Italy | 6.172413793103448 | 9.602571383066131 | 13.91337719298245
Ivory Coast | 7.243840579710144 | 10.97461141366009 | 15.5304347826087
Jamaica | 7.944542772861359 | 12.72431021860958 | 16.00933333333333
Japan | 4.102385542168674 | 6.47131243444128 | 10.25409836065574
Jordan | 6.349206349206349 | 10.22301587301587 | 21.14114285714286
Kazakhstan | 3.862204724409449 | 6.986899563318778 | 7.339720352149145
Kenya | 4.707501059347748 | 8.197241790965816 | 13.16171865271672
Kuwait | 7.20561463233415 | 11.46428571428571 | 23.1078125
Kyrgyzstan | NA | NA | NA
Laos | 17.23240036364373 | 17.23240036364373 | 17.23240036364373
Latvia | 4.43960396039604 | 5.908620683226753 | 7.184773633921649
Lebanon | 3.702306079664571 | 5.223234624145786 | 21.54693486590038
Liechtenstein | 39.91575063087917 | 39.91575063087917 | 39.91575063087917
Lithuania | 5.708688305139829 | 7.103972429216489 | 12.09095338983051
Luxembourg | 6.731511306427309 | 8.620650187012506 | 18.39753608298565
Macau | 18.91439521324179 | 20.46596714541989 | 175.5047639902009
Macedonia | NA | NA | NA
Malawi | 3.282352941176471 | 3.282352941176471 | 3.282352941176471
Malaysia | 5.919844357976653 | 9.196005303359183 | 15.96667122575615
Mali | NA | NA | NA
Malta | 13.14197530864197 | 19.53824811325573 | 62.03209643182253
Marshall Islands | 6.573065832782972 | 6.573065832782972 | 6.573065832782972
Mauritius | 6.073867958014723 | 11.38770053475936 | 28.44765342960289
Mexico | 7.130016051364366 | 9.615044974121435 | 13.72870318347696
Monaco | 5.970210097209156 | 9.024725274725276 | 13.48185624896161
Mongolia | NA | NA | NA
Montenegro | NA | NA | NA
Morocco | 7.819969742813917 | 9.705882352941178 | 12.7250172294969
Mozambique | NA | NA | NA
Namibia | 8.184969325153373 | 9.183222958057396 | 229.5895777516545
Netherlands | 6.116431924882629 | 9.114713891463907 | 12.99756226107353
Netherlands Antilles | NA | NA | NA
New Zealand | 6.799314014456006 | 8.954035704556645 | 15.11304754894519
Nicaragua | NA | NA | NA
Niger | NA | NA | NA
Nigeria | 3.158273381294965 | 5.566861979166665 | 11.40967741935484
Norway | 5.814633404314431 | 9.49963276658929 | 14.48878923766816
Oman | 6.700035700538458 | 8.810154972158113 | 12.91937612447298
Pakistan | 7.011541027351567 | 9.349269588313414 | 14.99864016736402
Palestinian Authority | 6.437883008356546 | 10.47562803722922 | 30.27160493827161
Panama | 10.3790498980216 | 10.87239531938117 | 1723.464017422864
Papua New Guinea | 13.09625914993066 | 68.26268206313674 | 123.4291049763428
Peru | 3.904822335025381 | 7.539377958785852 | 10.36355748373102
Philippines | 7.761764705882354 | 12.30668246736666 | 23.94196428571428
Poland | 5.243055555555554 | 8.203740157480315 | 15.3959595959596
Portugal | 6.15832795617952 | 8.094437823356833 | 12.33372962469786
Qatar | 12.93202624656149 | 16.85380116959064 | 33.98319864132078
Reunion | 7.359600525520726 | 7.359600525520726 | 7.359600525520726
Romania | 3.396440677966101 | 5.172672701592193 | 8.432044609665429
Russia | 4.034128440366972 | 5.95510773130545 | 10.81986143187067
Saint Lucia | NA | NA | NA
Saudi Arabia | 8.649180327868855 | 13.80125195618153 | 27.27941176470588
Senegal | 4.911591606960082 | 6.43781019196925 | 7.964028776978417
Serbia | 6.206035379812696 | 6.242489851150203 | 6.613333333333334
Singapore | 5.05637240459088 | 9.641370307633743 | 17.5095950266509
Slovakia | 4.403388282007145 | 8.002272717180844 | 13.71652370774345
Slovenia | 4.581308411214954 | 6.263239875389409 | 7.101801801801802
South Africa | 5.698749045294839 | 8.765041630873613 | 14.06760289779323
South Korea | 6.25609756097561 | 10.19001610305958 | 19.20833333333334
Spain | 8.8017387651386 | 12.12636904761905 | 15.74832889057189
Sri Lanka | 5.503516174402249 | 8.83644161276761 | 15.27184466019417
Sudan | 2.516206482593037 | 2.516206482593037 | 2.516206482593037
Sweden | 9.237746178653692 | 12.61946480423048 | 22.40540540540541
Switzerland | 7.819453697534978 | 11.40406960091646 | 18.65765765765766
Taiwan | 6.336176258490545 | 9.418870021676671 | 16.67584835525311
Tanzania | 7.774654377880186 | 8.59787724223684 | 114.2831881748023
Thailand | 8.601646042278833 | 13.62685733367687 | 26.71298701298701
Togo | NA | NA | NA
Trinidad &
