Source: http://www.stern.nyu.edu/~adamodar/pc/blog/SectorMultiples2017.xlsx

Sheet: Pivot 1
Trailing PE | Price to Book (Equity) | EV/EBiTDA (Trailing) | EV/Sales
Industry Group | Number of firms | 25th Percentile | Median | 75th Percentile | 25th Percentile | Median | 75th Percentile | 25th Percentile | Median | 75th Percentile | 25th Percentile | Median | 75th Percentile
Advertising | 251 | 13.33996023856859 | 19.84247538677918 | 37.83132530120482 | 0.9644588045234248 | 1.680528543644892 | 3.823845327604726 | 5.884246575342466 | 9.345467361192426 | 18.45998796187355 | 0.4639830508474577 | 1.189629972209079 | 3.351032448377581
Aerospace/Defense | 222 | 16.1611374407583 | 20.95400305966344 | 39.13978494623655 | 1.353554502369668 | 2.534375 | 4.493891797556719 | 8.725173210161664 | 12.01503296688616 | 20.67653276955603 | 1.004323157282775 | 1.562673360272117 | 2.995105939613039
Air Transport | 158 | 6.790462427745664 | 11.07257203842049 | 19.51532430506058 | 0.9856429463171036 | 1.532602857850059 | 3.060679123970263 | 4.779133319965132 | 6.765939630840706 | 11.52475986419947 | 0.8954906135088057 | 1.663363301393899 | 2.994993635113796
Apparel | 1171 | 9.178082191780822 | 15.85296089385475 | 29.88023952095809 | 0.5768518518518518 | 1.092381786339755 | 2.350612244897959 | 5.883489686889106 | 9.447275931579544 | 17.57545271629779 | 0.5134408602150536 | 0.973100519112789 | 2.084158415841584
Auto & Truck | 128 | 8.681849311345674 | 14.24117612374309 | 22.41666666666667 | 0.8807631589599666 | 1.79011877941786 | 3.453237410071942 | 6.591932457786116 | 10.63113139064994 | 18.66489610357364 | 0.6079085872576178 | 1.158760307192616 | 2.476108208766624
Auto Parts | 642 | 9.878600823045268 | 15.11777025540646 | 28.75 | 0.7111913357400722 | 1.373968964071019 | 2.78099173553719 | 4.634180790960452 | 7.195668644462611 | 12.71676025644111 | 0.4754555200678376 | 0.8825797191302598 | 1.839155470067281
Bank (Money Center) | 623 | 7.4012474012474 | 10.2897761645493 | 14.08033826638477 | 0.6404237829938807 | 0.9373789336635865 | 1.397718773373224 | NA | NA | NA | NA | NA | NA
Banks (Regional) | 889 | 10.33522727272727 | 15.43541019189976 | 21.33309169989127 | 0.7481293237328815 | 1.13493450993451 | 1.612725844461901 | NA | NA | NA | NA | NA | NA
Beverage (Alcoholic) | 223 | 16.09782608695652 | 21.91157443099923 | 40.02875399361022 | 1.062937062937063 | 2.103617560661543 | 4.078954373635734 | 7.977548686918373 | 11.53817441858275 | 17.82054621222021 | 1.150474339924563 | 2.160305343511451 | 4.048830205883987
Beverage (Soft) | 103 | 14.22043010752688 | 22.5854646231111 | 32.3169014084507 | 1.492242595204513 | 2.477519379844961 | 7.388397246804326 | 7.901283695029339 | 9.399035168101207 | 14.19702702077257 | 0.9390214929076559 | 1.421646546682708 | 2.543478260869565
Broadcasting | 142 | 10.36426592797784 | 16.6291734303497 | 28.3984375 | 0.8174157303370787 | 1.522249170895433 | 3.271028037383177 | 6.756258729893871 | 9.412220756926148 | 13.50380648492975 | 1.173436401967674 | 2.027288069944514 | 3.630263157894737
Brokerage & Investment Banking | 569 | 9.386892177589852 | 16.49693251533742 | 29.23076923076923 | 0.5681818181818181 | 1.011299535372881 | 2.027439024390244 | NA | NA | NA | NA | NA | NA
Building Materials | 434 | 9.480376766091052 | 14.55565580618212 | 26.49466950959488 | 0.6650406504065041 | 1.298696128197472 | 2.969827586206897 | 5.274002528171664 | 8.403983943064983 | 13.7463768115942 | 0.5629139072847682 | 1.07931987345897 | 2.006098833200856
Business & Consumer Services | 772 | 12.88503253796095 | 19.76331360946746 | 33.58857142857143 | 1.079345088161209 | 2.101199421161017 | 3.895486935866983 | 5.918190048358278 | 9.27451471100355 | 14.34336053311708 | 0.5383670707498973 | 1.324917310640066 | 3.114005912119861
Cable TV | 63 | 11.66925064599483 | 23.62604472554778 | 34.95716945996276 | 1.306313490274937 | 2.161911420223987 | 4.384375 | 7.335196724285858 | 10.51438813537478 | 15.57641669722201 | 2.187252220412428 | 3.426278563656148 | 5.943520217868168
Chemical (Basic) | 774 | 10.10060362173038 | 15.75770137651631 | 36.25872093023256 | 0.7572209211553474 | 1.436860068259386 | 2.888888888888889 | 5.731018518518519 | 8.998804662704181 | 18.29757785467129 | 0.6583157235028966 | 1.231539400614555 | 3.206422018348624
Chemical (Diversified) | 81 | 10.51136363636363 | 15.63035584246886 | 22.25 | 0.6941176470588235 | 1.1848581732916 | 2.551548967105952 | 5.756274975212581 | 7.531994789287728 | 11.53027569702115 | 0.7279449002329585 | 0.9927531815140291 | 1.656930966198124
Chemical (Specialty) | 731 | 11.66037735849057 | 19.21892640323783 | 40.64039408866995 | 0.9083416775783717 | 1.846153846153846 | 3.857768052516411 | 6.504237288135593 | 10.35071090047393 | 18.98269031443286 | 0.7946 | 1.541142857142857 | 3.385164051355207
Coal & Related Energy | 278 | 12.10407239819004 | 23.52499265785609 | 75.58528428093646 | 0.6499999999999999 | 1.219417074945955 | 2.298765432098766 | 7.515436694513592 | 11.77572413793104 | 22.97642388322708 | 1.302403374685871 | 2.500269787630952 | 10.12441992734368
Computer Services | 929 | 11.3015873015873 | 16.82692307692308 | 29.59047619047619 | 0.8894941634241245 | 1.649493243243243 | 3.38078618662748 | 6.062411347517731 | 9.76741329074627 | 16.96747441459769 | 0.3156156156156157 | 0.7625581395348837 | 2.021539864528051
Computers/Peripherals | 327 | 10.68548387096774 | 15.90397574123989 | 31.91428571428571 | 0.8148480574432619 | 1.427485039293595 | 2.488200589970501 | 6.040452875478731 | 9.087574710799297 | 17.97878787878788 | 0.4773690236516543 | 0.8926743203464564 | 2.097421754746023
Construction Supplies | 757 | 10.01709401709402 | 16.78351449275362 | 31.1377245508982 | 0.703825136612022 | 1.274414015598409 | 2.329016189290162 | 6.146508763930514 | 9.340972544732802 | 15.27337264386187 | 0.7466390899689761 | 1.36368380524316 | 2.677319587628866
Diversified | 356 | 8.415942028985508 | 13.53268405005459 | 22.99492385786802 | 0.444907683144729 | 0.8199152542372882 | 1.447220216606498 | 6.24191505280589 | 9.886330500782291 | 15.70526406809214 | 0.8146112312651591 | 1.788980613221512 | 4.638388625592417
Drugs (Biotechnology) | 884 | 16.69604863221884 | 34.68714941356451 | 87.9746835443038 | 1.869481765834933 | 3.53455626685731 | 6.802325581395348 | 15.69340471401044 | 29.34801911543921 | 105.3968253968254 | 6.800610480632698 | 17.88016325913982 | 68.28279956023324
Drugs (Pharmaceutical) | 971 | 16.17424242424243 | 26.54437869822485 | 46.88825214899714 | 1.440860215053763 | 2.810831781502173 | 5.107779226423294 | 9.485795454545455 | 15.66647447274893 | 30.18230452674897 | 1.71383495145631 | 3.430189113508117 | 8.846886446886446
Education | 174 | 12.0554272517321 | 15.73577680525164 | 31.57142857142857 | 0.9615188149157161 | 1.525179856115108 | 3.065789473684211 | 5.660805849376583 | 9.448322147651007 | 15.06677713906998 | 0.8688522715104933 | 1.824730928327102 | 3.395962732919254
Electrical Equipment | 856 | 12.80106100795756 | 21.96968654434251 | 49.25438596491228 | 0.8679245283018867 | 1.693266832917706 | 3.666175024582104 | 6.541468870649893 | 12.21165860286417 | 31.34264705882353 | 0.626027397260274 | 1.267317081333913 | 3.998496240601503
Electronics (Consumer & Office) | 153 | 10.83196721311475 | 17.60048721071863 | 41.94117647058823 | 0.8576104746317512 | 1.377295492487479 | 2.852509870276367 | 5.582491582491582 | 9.04512525022994 | 19.59820636911816 | 0.4104339185160649 | 0.8748844133365682 | 2.839193587049171
Electronics (General) | 1239 | 12.35220125786164 | 20.77497621313035 | 46.66666666666666 | 0.844418052256532 | 1.574285714285714 | 3.110410094637224 | 5.812882211180576 | 9.758713499121356 | 21.66377770374321 | 0.5999083095775339 | 1.190070770073509 | 2.964254062038405
Engineering/Construction | 1118 | 7.262116316639741 | 11.92641887615163 | 25.80645161290322 | 0.5671641791044776 | 1.021276595744681 | 1.847161572052402 | 4.718181818181818 | 8.367319102146002 | 14.76355748373102 | 0.3175661375661376 | 0.6755502392344498 | 1.559051122669035
Entertainment | 353 | 12.48366013071895 | 25.09554140127389 | 56.86274509803921 | 0.9342723004694835 | 1.776772543592848 | 3.264886164623467 | 7.301764705882353 | 13.06547245175101 | 29.47035367896036 | 1.322487346348518 | 2.851369863013699 | 6.827054794520548
Environmental & Waste Services | 306 | 13.21428571428571 | 24.42175856929956 | 46.56188605108055 | 1.059659090909091 | 1.851428033608844 | 3.929889298892988 | 7.10204081632653 | 10.42879709449379 | 18.97702239753227 | 0.7434514499909678 | 1.895694377165853 | 5.655484664091682
Farming/Agriculture | 388 | 11.58648925281474 | 17.89764757451783 | 37.5 | 0.594306049822064 | 1.123615668580804 | 2.157001414427157 | 8.257861635220126 | 13.85609937835862 | 24.9255784865541 | 0.8443946188340807 | 1.834920403834231 | 4.344071146245059
Financial Svcs. (Non-bank & Insurance) | 1016 | 9.673913043478262 | 15.28934774902517 | 28.49701789264414 | 0.7361963190184049 | 1.137672090112641 | 1.97841726618705 | 12.50602409638554 | 96.10624452822941 | 551.2899749585603 | 3.256 | 6.031620829261483 | 12.41008408812665
Food Processing | 1275 | 10.90882352941176 | 17.675 | 28.65384615384615 | 0.7920560747663552 | 1.474160311772188 | 2.888359914306118 | 6.557356608478803 | 9.725237306929559 | 15.71485148514851 | 0.5604620168813861 | 1.037261503928171 | 2.155168642516641
Food Wholesalers | 128 | 10.60526315789474 | 16.83740119536526 | 29.42726654358177 | 0.5310173697270472 | 1.082100591715977 | 2.139393939393939 | 6.160781867134063 | 10.36778496259073 | 15.87752928647497 | 0.128437532186631 | 0.3985491324819401 | 0.9025044722719142
Furn/Home Furnishings | 307 | 9.379310344827585 | 17.05035971223022 | 29.46745562130177 | 0.8081761006289307 | 1.62044300014941 | 3.040152963671128 | 5.79009900990099 | 9.419415305625638 | 17.92537313432836 | 0.4986175097929927 | 0.9017570602911681 | 1.927808919442975
Green & Renewable Energy | 179 | 10.96875 | 18.67986798679868 | 40.47945205479452 | 0.7128566796368352 | 1.330781010719755 | 2.425578831312018 | 8.173300970873784 | 12.25523809523809 | 18.64655172413793 | 4.270746407046825 | 7.584461351875733 | 14.14322363369171
Healthcare Products | 677 | 17.58823529411764 | 28.26855123674912 | 46.27338129496403 | 1.633451957295374 | 3.162704749267935 | 6.048387096774194 | 9.65234375 | 15.01898666081133 | 25.33538461538462 | 1.90084985835694 | 4.207464747434297 | 9.64861634936271
Healthcare Support Services | 334 | 13.47727272727273 | 19.8125 | 31.0884476534296 | 1.308176100628931 | 2.231707317073171 | 3.514548855950496 | 7.366632537932247 | 10.35502958579882 | 15.33563150474011 | 0.6066273538074205 | 1.415847900341571 | 3.297213699889221
Heathcare Information and Technology | 322 | 20.14285714285714 | 32.39759036144579 | 56.82402707275804 | 1.999112426035503 | 3.945863142450482 | 7.325991189427313 | 11.979375 | 16.93966226756426 | 28.85977859778598 | 2.144571428571429 | 4.066037735849057 | 10.88640996862413
Homebuilding | 173 | 7.949612403100775 | 10.58180693748726 | 15.49020568070519 | 0.7764705882352941 | 1.185260586319218 | 1.92770105605199 | 6.318584070796461 | 10.0249374274224 | 15.22428637588657 | 0.7450435758800021 | 1.261561513066753 | 1.950177935943061
Hospitals/Healthcare Facilities | 192 | 16.48584905660378 | 25.60283687943263 | 40.83885209713024 | 1.217573221757322 | 2.139976268141409 | 4.210906464427592 | 9.3573264781491 | 13.11200312058702 | 20.93906666666667 | 1.427450980392157 | 2.739668769716088 | 4.63984836689212
Hotel/Gaming | 658 | 12.03571428571429 | 18.79440468445023 | 33.13225058004641 | 0.6179525222551928 | 1.299714557564225 | 2.504587155963303 | 7.456344533807246 | 11.19379166269139 | 17.81284004352557 | 1.460518150791188 | 2.749313985764974 | 5.07152343363579
Household Products | 494 | 14.36991869918699 | 22.79340659340659 | 38.27687776141384 | 1.184466019417476 | 2.314993122420908 | 4.445892811351397 | 7.70886075949367 | 11.77795213320023 | 19.82490272373541 | 0.9155172413793105 | 1.979928315412186 | 4.483240223463687
Information Services | 186 | 13.92660550458716 | 20.79641934293097 | 34.56190130624093 | 1.342696629213483 | 2.557476291878158 | 5.089268830759534 | 6.956005295899138 | 11.3177669096885 | 16.41370869033048 | 0.9843889384478143 | 2.379515464674706 | 5.03408335328371
Insurance (General) | 233 | 8.690566037735849 | 12.85221788878346 | 21.81901279707495 | 0.7723636363636364 | 1.226802362142967 | 2.275238095238096 | 5.859649122807018 | 8.669527896995708 | 12.7250172294969 | 0.5617121484970218 | 1.03171310017783 | 2.147909967845659
Insurance (Life) | 123 | 8.158823529411764 | 13.28678707560301 | 18.45223367697595 | 0.7030712711241733 | 1.12954929760666 | 2.594470046082949 | 4.447674418604652 | 9.038764893983783 | 15.38188277087034 | 0.5001385114998184 | 0.9870363896611322 | 1.71875
Insurance (Prop/Cas.) | 227 | 8.868852459016393 | 12.40178571428572 | 18.10281517747858 | 0.8360175695461202 | 1.168236994027207 | 1.644989775051125 | 4.65680609821019 | 7.496836243700546 | 11.9834224688953 | 0.6259341419347224 | 1.086392949809945 | 1.896499034046989
Investments & Asset Management | 1013 | 8.634615384615385 | 15.76371951219512 | 34.20152091254753 | 0.6494974874371859 | 1.069438995684582 | 2.426666666666667 | 6.632374560977907 | 12.2841225626741 | 34.68783545602953 | 2.237113402061856 | 5.263967031962157 | 16.24970553592462
Machinery | 1270 | 12.17297297297297 | 20.2247191011236 | 39.27404718693285 | 0.783410138248848 | 1.567757009345794 | 3.322834645669292 | 6.193162393162393 | 10.37764493387903 | 21.2187833511206 | 0.6287251071720442 | 1.249393699774191 | 2.95662100456621
Metals & Mining | 1517 | 7.254716981132076 | 15.82681977548329 | 47.32989690721649 | 0.7746478873239437 | 1.705948372615039 | 4.031177291763611 | 6.280115142971588 | 12.34951812264588 | 31.69613259668508 | 1.099088973024136 | 4.043037974683544 | 64.69528143560127
Office Equipment & Services | 159 | 10.40608604407135 | 15.02783882783883 | 23.24293785310734 | 0.6681818181818181 | 1.114583333333333 | 2.269969278033794 | 4.808501111281187 | 8.354455676146099 | 12.52941176470588 | 0.495034876637671 | 0.8656506447831185 | 1.750853242320819
Oil/Gas (Integrated) | 49 | 8.557768924302788 | 19.00491383610616 | 43.27413984461709 | 0.7332508878741755 | 1.043382531664884 | 1.624271746137867 | 5.711462233216333 | 8.811904198658095 | 16.73638233689254 | 0.7801210342930497 | 1.22818105270879 | 2.006390977443609
Oil/Gas (Production and Exploration) | 964 | 3.260465116279069 | 11.15463917525773 | 23.60413589364845 | 0.5492227979274611 | 1.06975138121547 | 2.351494939310506 | 6.663252154022086 | 12.40893683342565 | 21.82669302527361 | 2.506502995094526 | 5.166060493529786 | 17.67755102040816
Oil/Gas Distribution | 210 | 8.975903614457833 | 16.17154811715481 | 25.12612612612612 | 0.6675998789346247 | 1.23090986255754 | 2.644679100383982 | 7.118299445471348 | 10.5136428737626 | 14.94328358208955 | 1.512404531474194 | 3.624090108719679 | 7.936660268714011
Oilfield Svcs/Equip. | 544 | 8.18958031837916 | 12.9875 | 28.11946666666666 | 0.5660000000000001 | 1.066974388850299 | 1.851289539714532 | 5.848897630401058 | 9.521106066502567 | 17.13584851215586 | 0.5042145593869731 | 1.079158055828984 | 2.54485073689706
Packaging & Container | 395 | 9.401639344262295 | 15.23636363636364 | 23.96678966789668 | 0.694017094017094 | 1.285690743543661 | 2.691358024691358 | 5.59245960502693 | 7.834483723252319 | 11.64601769911504 | 0.6222689075630252 | 1.042256955278985 | 1.849434140693268
Paper/Forest Products | 296 | 8.957055214723926 | 14.53879941434846 | 26.61870503597122 | 0.5519125683060109 | 1.073398209858656 | 2.259820874346014 | 5.777973568281938 | 8.04416403785489 | 12.94263862332696 | 0.7100022376370555 | 1.186181229773463 | 2.297664853389943
Power | 569 | 8.711111111111112 | 14.27777777777778 | 23.16644391898838 | 0.7409188034188035 | 1.278506989897582 | 2.123623463329309 | 6.155996870133322 | 8.734380845491957 | 12.05719557195572 | 0.9737226277372261 | 2.040770849667808 | 3.714685054043981
Precious Metals | 961 | 5.517676767676767 | 15.98160712137616 | 58.73925501432665 | 0.7724358974358976 | 1.745041673794454 | 3.731778425655977 | 4.403766751894205 | 8.090563359598137 | 17.43352375435858 | 1.59910004855168 | 4.362718541948375 | 53.55371900826447
Publishing & Newspapers | 364 | 9.10161254694058 | 16 | 32.88721804511278 | 0.6735653809971778 | 1.162524654832347 | 2.396814863968149 | 4.834558823529413 | 7.744917650164869 | 12.97666666666667 | 0.495 | 0.9682381543511863 | 2.221240108432568
R.E.I.T. | 527 | 10.00160256410256 | 17.7861090067861 | 33.23392612859097 | 0.798050139275766 | 1.104646769928221 | 1.623769595333576 | 15.59926470588235 | 20.36586142355962 | 25.80063694267516 | 9.473684210526317 | 13.02023121387283 | 17.86195488721804
Real Estate (Development) | 746 | 6.317567567567568 | 11.59459459459459 | 25.17441860465116 | 0.4682408932820795 | 0.7931128048717833 | 1.408602150537634 | 8.519988592377592 | 14.51638079748223 | 30.28326180257511 | 1.848112490499114 | 3.360272608440714 | 7.581926024593924
Real Estate (General/Diversified) | 420 | 7.177747625508819 | 11.82280889126227 | 23.33333333333334 | 0.4946614151973596 | 0.8143048606532297 | 1.499473684210526 | 8.810813733188725 | 15.22252646429309 | 31.37770336278475 | 2.323809523809524 | 5.413708743525993 | 12.05029354207437
Real Estate (Operations & Services) | 606 | 6.845070422535212 | 13.19401676728797 | 24.64807436918991 | 0.6381773399014778 | 1.002812738762738 | 1.599985989001366 | 10.61493596372321 | 17.46659960029629 | 26.5413732429396 | 4.457232142857142 | 9.64421090581154 | 16.49340735600278
Recreation | 307 | 12.45152354570637 | 20.41726139561186 | 43 | 0.9878048780487805 | 1.679502639984356 | 3.668582375478927 | 7.215873015873016 | 10.8213706241114 | 16.62525519179612 | 0.8863334727085019 | 1.854807692307693 | 3.951304448352511
Reinsurance | 38 | 9.053030303030303 | 10.51521132607647 | 17.08232445520581 | 0.7338709677419355 | 0.8866668654192847 | 1.145985847500091 | 6.451612903225806 | 8.571428571428571 | 10.12333117446595 | 0.6473719228210246 | 1.561335294697812 | 2.783998630567168
Restaurant/Dining | 346 | 17.45931283905967 | 23.60216130957456 | 36.86053639846743 | 1.456140350877193 | 2.408872527609659 | 4.27557251908397 | 6.663559241376561 | 9.693924011350479 | 14.2751667311956 | 0.7449003895024949 | 1.366163075911641 | 2.574828874429253
Retail (Automotive) | 163 | 8.154430379746836 | 13.9462915601023 | 22.74336283185841 | 0.7692307692307693 | 1.348561759729273 | 2.687420353176771 | 6.32119914346895 | 8.932560523259522 | 13.34886225689544 | 0.3475 | 0.5740956746616046 | 1.158301590858167
Retail (Building Supply) | 50 | 11.96520874751491 | 15.7579668392387 | 24.58730158730159 | 0.732394366197183 | 1.204123244222927 | 4.048255382331106 | 6.375110147083547 | 9.632429013990677 | 15.26401189575294 | 0.5106445703698578 | 0.7673668876462185 | 1.433172500041864
Retail (Distributors) | 929 | 9.012987012987013 | 14.11462450592885 | 28.98790322580645 | 0.5262267343485618 | 1.030283583913947 | 2.14047619047619 | 6.166477033102946 | 9.8461471638865 | 17.60360360360361 | 0.3048936170212767 | 0.7549342105263159 | 2.032070399788253
Retail (General) | 220 | 14.54791318864775 | 21.45959788781887 | 40.79442508710801 | 0.8746282315259666 | 1.893663116201895 | 3.464985994397759 | 7.576774989290906 | 9.832699619771862 | 15.59236651557881 | 0.5945641752469881 | 1.105088755458981 | 2.098161658173718
Retail (Grocery and Food) | 163 | 14.30673758865248 | 18.85071642785738 | 27.44694132334582 | 0.9706990936013641 | 1.830925134875662 | 3.418186539577796 | 6.158114129020364 | 8.592853921421433 | 10.53746448347882 | 0.327106408970915 | 0.5313800685050744 | 0.8839715766921724
Retail (Online) | 190 | 16.66666666666667 | 26.13970588235294 | 51.64721919302072 | 1.293188548864758 | 3.072420276231109 | 5.418326693227091 | 8.660104177353883 | 14.78087179487179 | 31.31731494265394 | 0.5672128577028617 | 1.016582860759193 | 2.430976937826877
Retail (Special Lines) | 505 | 11.52025052192067 | 16.52024150233269 | 26.41873278236915 | 0.8201129335842968 | 1.51464076453355 | 2.828947368421053 | 5.160163893007587 | 7.237641610511631 | 10.97284451557308 | 0.4222689392708567 | 0.7792033245569927 | 1.503323137298907
Rubber& Tires | 87 | 8.22857142857143 | 13.14161764705883 | 24.89180503481521 | 0.7959363957597172 | 1.313644540799852 | 2.058215451577802 | 5.047791455467054 | 6.752108451156491 | 11.79943440063048 | 0.6232609905397886 | 0.9898484848484849 | 1.480590717299578
Semiconductor | 535 | 12.60194174757282 | 21.26197691309053 | 47.3469387755102 | 0.9130434782608695 | 1.508422063841023 | 2.796992481203008 | 5.967518501165725 | 10.52690401115389 | 20.88690132116694 | 0.846242774566474 | 1.492228854418869 | 3.400092759324401
Semiconductor Equip | 258 | 11.07178968655207 | 18.91423118865867 | 33.01470588235293 | 0.9647577092511013 | 1.734811165845649 | 2.910394265232975 | 6.335300571642078 | 10.4445205479452 | 16.5356266877811 | 0.8206291320039649 | 1.566101694915254 | 2.954040404040404
Shipbuilding & Marine | 326 | 9.820445609436435 | 14.60997179359549 | 24.18367346938775 | 0.4357512953367875 | 0.7629407351837959 | 1.643353783231084 | 6.090762572289774 | 9.634095634095633 | 15.29300190336747 | 0.9974775085720273 | 2.391173363396213 | 4.755231452124287
Shoe | 89 | 12.38332643773273 | 17.09618015701759 | 25.70909090909091 | 0.7272311303863446 | 1.554498714652957 | 3.390292223873205 | 5.962466398905283 | 9.59526185451449 | 13.78507506678416 | 0.5449999999999999 | 1.086247211862128 | 2.319530824890854
Software (Entertainment) | 120 | 17.61862030286035 | 27.19022088470753 | 47.93465045592706 | 1.850541567027711 | 3.075870677628446 | 6.04201680672269 | 7.350862071206643 | 13.80952380952381 | 33.12847253757322 | 1.712846347607053 | 3.607674538321993 | 7.204625430981437
Software (Internet) | 830 | 14.72299168975069 | 27.14167242570836 | 52.19907407407407 | 1.514051522248244 | 3.108098726358508 | 6.845360824742268 | 8.636663253415069 | 15.26572169244554 | 31 | 1.199570704009036 | 3.44627147431316 | 8.911657200973226
Software (System & Application) | 1026 | 14.54443194600675 | 26.80555555555556 | 55.44668587896253 | 1.492 | 2.802937576499388 | 5.837209302325582 | 8.046524590706207 | 15.99738180871911 | 34.23935939907103 | 1.111702127659574 | 2.993560188900463 | 7.503854756240038
Steel | 737 | 8.542372881355933 | 13.86783678367837 | 32.1273516642547 | 0.5330901511203752 | 0.9849121990175249 | 1.903010033444816 | 5.643218161545314 | 8.742106569317318 | 17.73012552301255 | 0.4971153846153846 | 0.8919784105713754 | 1.886601307189542
Telecom (Wireless) | 106 | 10.64303797468354 | 17.14835747085835 | 28.75681570338059 | 1.114255664977531 | 2.118624230829369 | 4.476701307408649 | 4.558955648342073 | 6.741572931022904 | 9.97399491487587 | 1.477908790186198 | 2.193839100785443 | 3.773735022986066
Telecom. Equipment | 480 | 12.03619909502263 | 23.73479887745556 | 52.82934131736527 | 0.9607843137254901 | 1.712393613914742 | 3.949652777777778 | 6.739823008849558 | 13.70503978720026 | 31.93386773547094 | 0.5971922246220303 | 1.42783804163845 | 3.650955532419183
Telecom. Services | 297 | 11.59191919191919 | 16.76339285714285 | 28.59375 | 0.9319158075601374 | 1.725473851409141 | 3.649472903704181 | 4.665948275862069 | 7.260254872247526 | 10.47293056913657 | 1.060239835087917 | 2.007936507936508 | 3.872604453749523
Tobacco | 59 | 12.93410507569012 | 18.34070363624097 | 22.28902953586498 | 1.267375244987185 | 5.092820884699057 | 12.75585018708567 | 7.971257327890354 | 11.67370741859191 | 15.28382852633564 | 1.961187845303867 | 3.402859118879924 | 6.765130556797812
Transportation | 221 | 10.29816513761468 | 15.62430871810028 | 33.37956204379562 | 0.7298387096774194 | 1.526315789473684 | 2.872093023255814 | 6.193688543334096 | 8.612971404890178 | 14.67466100838415 | 0.5762608324762921 | 1.555853132316432 | 3.885341074020319
Transportation (Railroads) | 49 | 15.24821428571429 | 18.86037455066218 | 26.06277372262774 | 1.179795864956818 | 1.420825215259883 | 2.139087669699915 | 7.832599118942732 | 10.46778222600554 | 12.95194395435613 | 1.636245991030808 | 2.719834133503125 | 3.964612301966076
Trucking | 195 | 8.902439024390244 | 13.6741214057508 | 24.26934097421204 | 0.6229677800768548 | 1.143851308449078 | 2.10490765171504 | 4.73695880205456 | 6.799314014456006 | 11.43170731707317 | 0.5809627727856226 | 1.153297683996324 | 2.0722
Utility (General) | 57 | 13.16665413251109 | 18.44261732734492 | 23.066 | 1.174022271463452 | 1.748059022189046 | 2.458929587326594 | 7.52442101152991 | 9.702157598034294 | 12.6334343186818 | 1.291491433021807 | 2.677745437963803 | 4.130410705368534
Utility (Water) | 96 | 14.02010050251256 | 19.67651162790698 | 29.02489626556017 | 0.9964285714285713 | 1.96294350792534 | 2.764864203572302 | 9.561403508771932 | 12.38320438661822 | 17.95868004512097 | 3.069921390153083 | 5.136348738118649 | 7.741673377545775
