Source: http://www.stern.nyu.edu/~adamodar/pc/blog/intrate2018.xlsx

Sheet: Sheet1
End of the quarter numbers
End of Quarter | 3-month T.Bill | 1-year T.Bill | 2-year T.Bond | 5-year T.Bond | 10-year T.Bond | Baa Bond Rate | Fed Funds Rate | 3 mth vs Fed Funds | 1 yr vs 3 mth | 2 yr vs 1 yr | 5 yr vs 2 yr | 10 yr vs 2 yr | 10 yr vs 3 mth | Baa Spread | Real GDP Growth during quarter | Real GDP Growth in next quarter | Real GDP Growth in next year | Stock Return during quarter | Stock Return next quarter | Stock Return in next year
1962: Q1 | 0.027200000000000002 | 0.0297 | 0.0329 | 0.0361 | 0.038599999999999995 | 0.0504 | 0.0504 | -0.0232 | 0.0024999999999999988 | 0.003199999999999998 | 0.0032000000000000015 | 0.005699999999999997 | 0.0024999999999999953 | 0.011800000000000005 | 0.0756734 | 0.0672771 | 0.051591399999999996 | -0.013102871480345502 | -0.20123772940674356 | -0.032684134293909706
1962: Q2 | 0.0273 | 0.032 | 0.0348 | 0.037599999999999995 | 0.04 | 0.050199999999999995 | 0.050199999999999995 | -0.022899999999999993 | 0.004699999999999999 | 0.002799999999999997 | 0.002799999999999997 | 0.005200000000000003 | 0.0024000000000000063 | 0.010199999999999994 | 0.0672771 | 0.060039800000000004 | 0.044327475000000005 | -0.20123772940674356 | 0.05195038648211403 | 0.3030389119055754
1962: Q3 | 0.0278 | 0.0302 | 0.0334 | 0.0366 | 0.0394 | 0.050300000000000004 | 0.050300000000000004 | -0.022500000000000006 | 0.002400000000000003 | 0.003199999999999998 | 0.0032000000000000015 | 0.005999999999999998 | 0.002799999999999997 | 0.010900000000000007 | 0.060039800000000004 | 0.0430701 | 0.0413598 | 0.05195038648211403 | 0.0891810344827586 | 0.2968597517990277
1962: Q4 | 0.0287 | 0.0305 | 0.033049999999999996 | 0.0356 | 0.0385 | 0.0492 | 0.0492 | -0.0205 | 0.0017999999999999995 | 0.0025499999999999967 | 0.0025500000000000037 | 0.0054500000000000035 | 0.0029 | 0.010700000000000001 | 0.0430701 | 0.0359786 | 0.043487925000000004 | 0.0891810344827586 | 0.056952426564495395 | 0.22156471322989169
1963: Q1 | 0.028900000000000002 | 0.030899999999999997 | 0.034 | 0.0371 | 0.0395 | 0.048799999999999996 | 0.048799999999999996 | -0.019899999999999994 | 0.001999999999999995 | 0.0031000000000000055 | 0.0030999999999999986 | 0.005499999999999998 | 0.0023999999999999994 | 0.009299999999999996 | 0.0359786 | 0.0382214 | 0.050032875000000004 | 0.056952426564495395 | 0.07598599055885491 | 0.23696534307377082
1963: Q2 | 0.029900000000000003 | 0.0319 | 0.03505 | 0.0382 | 0.04 | 0.0484 | 0.0484 | -0.018499999999999996 | 0.001999999999999995 | 0.00315 | 0.00315 | 0.004950000000000003 | 0.001800000000000003 | 0.008399999999999998 | 0.0382214 | 0.0481691 | 0.055929349999999996 | 0.07598599055885491 | 0.04696191698759078 | 0.1792995700848261
1963: Q3 | 0.0338 | 0.0359 | 0.037649999999999996 | 0.0394 | 0.0407 | 0.0484 | 0.0484 | -0.014600000000000002 | 0.0021000000000000046 | 0.0017499999999999946 | 0.0017500000000000016 | 0.003050000000000004 | 0.0013000000000000025 | 0.0076999999999999985 | 0.0481691 | 0.051582600000000006 | 0.057686625 | 0.04696191698759078 | 0.025943719972546297 | 0.17946487739253802
1963: Q4 | 0.0352 | 0.0383 | 0.03945 | 0.0406 | 0.0414 | 0.048499999999999995 | 0.048499999999999995 | -0.013299999999999992 | 0.0030999999999999986 | 0.0011499999999999982 | 0.0011499999999999982 | 0.0019500000000000003 | 0.0008000000000000021 | 0.007099999999999995 | 0.051582600000000006 | 0.0621584 | 0.057681875 | 0.025943719972546297 | 0.07027774032627732 | 0.16583397600062177
1964: Q1 | 0.0354 | 0.0394 | 0.0405 | 0.0416 | 0.042300000000000004 | 0.0483 | 0.0483 | -0.012900000000000002 | 0.003999999999999997 | 0.0011000000000000038 | 0.0010999999999999968 | 0.001800000000000003 | 0.0007000000000000062 | 0.005999999999999998 | 0.0621584 | 0.061807299999999996 | 0.05583515 | 0.07027774032627732 | 0.025824873096446765 | 0.13478738318387062
1964: Q2 | 0.0348 | 0.0378 | 0.03895 | 0.0401 | 0.0415 | 0.048499999999999995 | 0.048499999999999995 | -0.013699999999999997 | 0.0030000000000000027 | 0.0011499999999999982 | 0.0011499999999999982 | 0.0025500000000000037 | 0.0014000000000000054 | 0.006999999999999992 | 0.061807299999999996 | 0.0551982 | 0.054531550000000005 | 0.025824873096446765 | 0.04710867397806573 | 0.09172758915348256
1964: Q3 | 0.0353 | 0.0384 | 0.03945 | 0.0405 | 0.0418 | 0.0482 | 0.0482 | -0.012900000000000002 | 0.0030999999999999986 | 0.0010500000000000023 | 0.0010500000000000023 | 0.002349999999999998 | 0.0012999999999999956 | 0.006400000000000003 | 0.0551982 | 0.0515636 | 0.0565993 | 0.04710867397806573 | 0.01408703992327065 | 0.10397408624006488
1964: Q4 | 0.0384 | 0.039900000000000005 | 0.040549999999999996 | 0.0412 | 0.0421 | 0.0481 | 0.0481 | -0.0097 | 0.0015000000000000083 | 0.0006499999999999909 | 0.0006500000000000047 | 0.0015500000000000028 | 0.000899999999999998 | 0.005999999999999998 | 0.0515636 | 0.0547715 | 0.064863825 | 0.01408703992327065 | 0.04177584564078152 | 0.12554345451093063
1965: Q1 | 0.0393 | 0.0403 | 0.04085 | 0.0414 | 0.042 | 0.0478 | 0.0478 | -0.0085 | 0.0010000000000000009 | 0.0005499999999999949 | 0.0005500000000000019 | 0.0011500000000000052 | 0.0006000000000000033 | 0.0058 | 0.0547715 | 0.0565929 | 0.072364675 | 0.04177584564078152 | -0.01310031095243569 | 0.05502659223267159
1965: Q2 | 0.038 | 0.039599999999999996 | 0.0405 | 0.0414 | 0.042 | 0.048499999999999995 | 0.048499999999999995 | -0.010499999999999995 | 0.0015999999999999973 | 0.000900000000000005 | 0.000899999999999998 | 0.0015000000000000013 | 0.0006000000000000033 | 0.006499999999999992 | 0.0565929 | 0.0634692 | 0.07694187499999999 | -0.01310031095243569 | 0.05885465663217304 | 0.04362249752376646
1965: Q3 | 0.0392 | 0.0436 | 0.04345000000000001 | 0.0433 | 0.0435 | 0.049100000000000005 | 0.049100000000000005 | -0.009900000000000006 | 0.004400000000000001 | -0.00014999999999999042 | -0.00015000000000001124 | 4.9999999999987554e-05 | 0.0001999999999999988 | 0.005600000000000008 | 0.0634692 | 0.08462170000000001 | 0.076181825 | 0.05885465663217304 | 0.03390020138733507 | -0.1005952786732861
1965: Q4 | 0.0438 | 0.0496 | 0.0492 | 0.048799999999999996 | 0.04650000000000001 | 0.050199999999999995 | 0.050199999999999995 | -0.006399999999999996 | 0.0058 | -0.0003999999999999976 | -0.0004000000000000045 | -0.002699999999999994 | -0.0022999999999999896 | 0.003699999999999988 | 0.08462170000000001 | 0.0847749 | 0.0662889 | 0.03390020138733507 | -0.02349285947890567 | -0.08271037731240738
1966: Q1 | 0.045899999999999996 | 0.049 | 0.0487 | 0.0484 | 0.0471 | 0.053200000000000004 | 0.053200000000000004 | -0.007300000000000008 | 0.0031000000000000055 | -0.00030000000000000165 | -0.00030000000000000165 | -0.0015999999999999973 | -0.0012999999999999956 | 0.006100000000000001 | 0.0847749 | 0.0749017 | 0.0524078 | -0.02349285947890567 | -0.023768001800180016 | 0.0411706756281871
1966: Q2 | 0.045 | 0.050499999999999996 | 0.0507 | 0.0509 | 0.049699999999999994 | 0.0558 | 0.0558 | -0.010800000000000004 | 0.005499999999999998 | 0.00020000000000000573 | 0.0001999999999999988 | -0.0010000000000000078 | -0.0012000000000000066 | 0.006100000000000008 | 0.0749017 | 0.060429000000000004 | 0.0402761 | -0.023768001800180016 | -0.08746804554961662 | 0.09914028888048065
1966: Q3 | 0.0537 | 0.0562 | 0.0548 | 0.053399999999999996 | 0.050199999999999995 | 0.060899999999999996 | 0.060899999999999996 | -0.007199999999999998 | 0.0025000000000000022 | -0.0013999999999999985 | -0.0014000000000000054 | -0.004600000000000007 | -0.0032000000000000015 | 0.010700000000000001 | 0.060429000000000004 | 0.04505 | 0.03201505 | -0.08746804554961662 | 0.0544595810307158 | 0.27181405656458324
1966: Q4 | 0.0496 | 0.05 | 0.049 | 0.048 | 0.0464 | 0.061799999999999994 | 0.061799999999999994 | -0.012199999999999996 | 0.0004000000000000045 | -0.0010000000000000009 | -0.0010000000000000009 | -0.002600000000000005 | -0.0016000000000000042 | 0.015399999999999997 | 0.04505 | 0.029250500000000002 | 0.0274297 | 0.0544595810307158 | 0.10838558957334321 | 0.20889831458970654
1967: Q1 | 0.0426 | 0.041299999999999996 | 0.04275 | 0.044199999999999996 | 0.045 | 0.058499999999999996 | 0.058499999999999996 | -0.015899999999999997 | -0.0013000000000000025 | 0.0014500000000000068 | 0.001449999999999993 | 0.002249999999999995 | 0.0008000000000000021 | 0.013499999999999998 | 0.029250500000000002 | 0.0263749 | 0.02973005 | 0.10838558957334321 | 0.030585998658018365 | 0.028052547619893176
1967: Q2 | 0.0354 | 0.049699999999999994 | 0.0516 | 0.0535 | 0.052199999999999996 | 0.061500000000000006 | 0.061500000000000006 | -0.026100000000000005 | 0.014299999999999993 | 0.0019000000000000059 | 0.001899999999999999 | 0.0005999999999999964 | -0.0013000000000000025 | 0.00930000000000001 | 0.0263749 | 0.0273848 | 0.03692530000000001 | 0.030585998658018365 | 0.05588975172262933 | 0.13366940234920088
1967: Q3 | 0.044199999999999996 | 0.0527 | 0.05324999999999999 | 0.0538 | 0.053099999999999994 | 0.064 | 0.064 | -0.019800000000000005 | 0.0085 | 0.0005499999999999949 | 0.0005500000000000088 | -0.00014999999999999736 | -0.0007000000000000062 | 0.010900000000000007 | 0.0273848 | 0.0267086 | 0.0434208 | 0.05588975172262933 | 0.0022962112514350874 | 0.09030176316636052
1967: Q4 | 0.049699999999999994 | 0.0576 | 0.057699999999999994 | 0.057800000000000004 | 0.057 | 0.0693 | 0.0693 | -0.019600000000000006 | 0.007900000000000004 | 9.999999999999593e-05 | 0.0001000000000000098 | -0.0006999999999999923 | -0.0008000000000000021 | 0.012299999999999998 | 0.0267086 | 0.038451900000000004 | 0.04914255 | 0.0022962112514350874 | -0.057423924449108044 | 0.151885574081837
1968: Q1 | 0.051699999999999996 | 0.0559 | 0.056749999999999995 | 0.0576 | 0.0576 | 0.06849999999999999 | 0.06849999999999999 | -0.016799999999999995 | 0.004200000000000002 | 0.0008499999999999966 | 0.0008500000000000035 | 0.0008500000000000035 | 0 | 0.010899999999999993 | 0.038451900000000004 | 0.05515590000000001 | 0.050708575 | -0.057423924449108044 | 0.13646312717476716 | 0.1483358359799063
1968: Q2 | 0.0552 | 0.0591 | 0.058499999999999996 | 0.0579 | 0.0564 | 0.0707 | 0.0707 | -0.0155 | 0.0039000000000000007 | -0.0006000000000000033 | -0.0005999999999999964 | -0.0020999999999999977 | -0.0015000000000000013 | 0.0143 | 0.05515590000000001 | 0.053366800000000006 | 0.04458745 | 0.13646312717476716 | 0.015497512437810945 | 0.016781442708043492
1968: Q3 | 0.0519 | 0.054400000000000004 | 0.05460000000000001 | 0.0548 | 0.054900000000000004 | 0.0679 | 0.0679 | -0.016 | 0.0025000000000000022 | 0.00020000000000000573 | 0.00019999999999999185 | 0.0002999999999999947 | 0.00010000000000000286 | 0.012999999999999998 | 0.053366800000000006 | 0.0495956 | 0.038620949999999994 | 0.015497512437810945 | 0.05890918065153006 | -0.037542988910448716
1968: Q4 | 0.0596 | 0.0646 | 0.06394999999999999 | 0.0633 | 0.0616 | 0.0723 | 0.0723 | -0.012700000000000003 | 0.0050000000000000044 | -0.0006500000000000117 | -0.0006499999999999978 | -0.002349999999999991 | -0.0016999999999999932 | 0.010700000000000001 | 0.0495956 | 0.044716 | 0.0313387 | 0.05890918065153006 | -0.060328638497652576 | -0.1161870207593968
1969: Q1 | 0.0602 | 0.06269999999999999 | 0.06315 | 0.0636 | 0.063 | 0.0751 | 0.0751 | -0.014900000000000004 | 0.0024999999999999953 | 0.00045000000000000595 | 0.00045000000000000595 | -0.00014999999999999736 | -0.0006000000000000033 | 0.0121 | 0.044716 | 0.0306714 | 0.020972050000000002 | -0.060328638497652576 | 0.006268882175226587 | -0.07665868805563025
1969: Q2 | 0.0644 | 0.0758 | 0.0728 | 0.0698 | 0.0673 | 0.077 | 0.077 | -0.0126 | 0.011400000000000007 | -0.0030000000000000027 | -0.0030000000000000027 | -0.005500000000000005 | -0.0025000000000000022 | 0.0097 | 0.0306714 | 0.029500799999999997 | 0.01371125 | 0.006268882175226587 | -0.038758321565462994 | -0.20936221194572346
1969: Q3 | 0.0709 | 0.0801 | 0.08015 | 0.0802 | 0.0751 | 0.0805 | 0.0805 | -0.009599999999999997 | 0.0092 | 4.999999999999449e-05 | 4.999999999999449e-05 | -0.005049999999999999 | -0.005099999999999993 | 0.005400000000000002 | 0.029500799999999997 | 0.0204666 | 0.007392525 | -0.038758321565462994 | -0.02761612527774837 | -0.09274473337977018
1969: Q4 | 0.0782 | 0.0832 | 0.0827 | 0.08220000000000001 | 0.0788 | 0.08650000000000001 | 0.08650000000000001 | -0.008300000000000002 | 0.0049999999999999906 | -0.0005000000000000004 | -0.0004999999999999866 | -0.0039000000000000007 | -0.003400000000000014 | 0.007700000000000012 | 0.0204666 | 0.0032494 | 0.0018590999999999998 | -0.02761612527774837 | -0.018302052464054364 | 0.026289986994155967
1970: Q1 | 0.0663 | 0.069 | 0.0707 | 0.0724 | 0.0708 | 0.0863 | 0.0863 | -0.020000000000000004 | 0.002700000000000008 | 0.0016999999999999932 | 0.001700000000000007 | 0.00010000000000000286 | -0.0016000000000000042 | 0.0155 | 0.0032494 | 0.0016282 | 0.007789849999999999 | -0.018302052464054364 | -0.13835307388606877 | 0.16531910473487565
1970: Q2 | 0.0668 | 0.07400000000000001 | 0.07585 | 0.07769999999999999 | 0.0768 | 0.0925 | 0.0925 | -0.0257 | 0.007200000000000012 | 0.0018499999999999905 | 0.0018499999999999905 | 0.0009499999999999925 | -0.000899999999999998 | 0.015700000000000006 | 0.0016282 | 0.0042259 | 0.015149349999999999 | -0.13835307388606877 | 0.10302288662521497 | 0.36458514625351857
1970: Q3 | 0.061200000000000004 | 0.0658 | 0.0688 | 0.0718 | 0.0729 | 0.09390000000000001 | 0.09390000000000001 | -0.03270000000000001 | 0.004599999999999993 | 0.0030000000000000027 | 0.0030000000000000027 | 0.004100000000000006 | 0.0011000000000000038 | 0.021000000000000005 | 0.0042259 | -0.0016671 | 0.021607625000000002 | 0.10302288662521497 | 0.09996367159118424 | 0.24274595613702132
1970: Q4 | 0.0487 | 0.049400000000000006 | 0.05460000000000001 | 0.059800000000000006 | 0.065 | 0.09119999999999999 | 0.09119999999999999 | -0.04249999999999999 | 0.0007000000000000062 | 0.005200000000000003 | 0.005199999999999996 | 0.010399999999999993 | 0.005199999999999996 | 0.026199999999999987 | -0.0016671 | 0.026972399999999997 | 0.032942425000000004 | 0.09996367159118424 | 0.11468628539700165 | 0.13591572922019468
1971: Q1 | 0.0338 | 0.0392 | 0.0449 | 0.0506 | 0.0553 | 0.08460000000000001 | 0.08460000000000001 | -0.05080000000000001 | 0.005400000000000002 | 0.005700000000000004 | 0.005699999999999997 | 0.0104 | 0.004700000000000003 | 0.029300000000000007 | 0.026972399999999997 | 0.0310662 | 0.0348895 | 0.11468628539700165 | 0.008985943775100536 | 0.11458391886301222
1971: Q2 | 0.0475 | 0.062400000000000004 | 0.0655 | 0.06860000000000001 | 0.067 | 0.0875 | 0.0875 | -0.039999999999999994 | 0.014900000000000004 | 0.0030999999999999986 | 0.0031000000000000055 | 0.0015000000000000013 | -0.0016000000000000042 | 0.02049999999999999 | 0.0310662 | 0.030059 | 0.0402609 | 0.008985943775100536 | 0.004537705575611728 | 0.11560666409123455
1971: Q3 | 0.046900000000000004 | 0.0527 | 0.05664999999999999 | 0.060599999999999994 | 0.06 | 0.0859 | 0.0859 | -0.039 | 0.005799999999999993 | 0.003949999999999995 | 0.003950000000000002 | 0.0033500000000000058 | -0.0005999999999999964 | 0.025900000000000006 | 0.030059 | 0.0436721 | 0.04620095 | 0.004537705575611728 | 0.00540744466800791 | 0.13288141198672165
1971: Q4 | 0.0401 | 0.0446 | 0.049800000000000004 | 0.055 | 0.058899999999999994 | 0.08380000000000001 | 0.08380000000000001 | -0.04370000000000002 | 0.004500000000000004 | 0.005200000000000003 | 0.005199999999999996 | 0.00909999999999999 | 0.0038999999999999937 | 0.02490000000000002 | 0.0436721 | 0.0347607 | 0.052519100000000006 | 0.00540744466800791 | 0.09375315115458305 | 0.21832704636245093
1972: Q1 | 0.0373 | 0.051100000000000007 | 0.05605 | 0.061 | 0.061200000000000004 | 0.0824 | 0.0824 | -0.0451 | 0.013800000000000007 | 0.004949999999999996 | 0.004949999999999996 | 0.005150000000000002 | 0.00020000000000000573 | 0.021199999999999997 | 0.0347607 | 0.0525518 | 0.06273365 | 0.09375315115458305 | 0.009911792014856147 | 0.07306085842212817
1972: Q2 | 0.0391 | 0.051500000000000004 | 0.05575 | 0.06 | 0.061500000000000006 | 0.08199999999999999 | 0.08199999999999999 | -0.04289999999999999 | 0.012400000000000001 | 0.004249999999999997 | 0.004249999999999997 | 0.005750000000000005 | 0.0015000000000000083 | 0.020499999999999984 | 0.0525518 | 0.0538192 | 0.065394875 | 0.009911792014856147 | 0.02009259259259255 | -0.0017045767323133898
1972: Q3 | 0.0466 | 0.056100000000000004 | 0.058949999999999995 | 0.061799999999999994 | 0.0654 | 0.0809 | 0.0809 | -0.0343 | 0.009500000000000001 | 0.0028499999999999914 | 0.0028499999999999984 | 0.006450000000000004 | 0.003600000000000006 | 0.0155 | 0.0538192 | 0.0689447 | 0.063867775 | 0.02009259259259255 | 0.08123857404021928 | -0.006263468411101147
1972: Q4 | 0.0507 | 0.056799999999999996 | 0.059699999999999996 | 0.0626 | 0.0641 | 0.0793 | 0.0793 | -0.028599999999999993 | 0.006099999999999994 | 0.0029 | 0.0029000000000000067 | 0.004400000000000008 | 0.0015000000000000013 | 0.015199999999999991 | 0.0689447 | 0.0756189 | 0.056691000000000005 | 0.08123857404021928 | -0.03665957446808499 | -0.16774338747155426
1973: Q1 | 0.060899999999999996 | 0.0709 | 0.06949999999999999 | 0.0681 | 0.0673 | 0.0803 | 0.0803 | -0.0194 | 0.010000000000000009 | -0.0014000000000000123 | -0.0013999999999999985 | -0.0021999999999999936 | -0.0007999999999999952 | 0.012999999999999998 | 0.0756189 | 0.06319670000000001 | 0.039383225 | -0.03665957446808499 | -0.060453736654804247 | -0.10398705821475107
1973: Q2 | 0.0719 | 0.0774 | 0.0732 | 0.069 | 0.0694 | 0.08130000000000001 | 0.08130000000000001 | -0.009400000000000006 | 0.005499999999999991 | -0.004199999999999995 | -0.004199999999999995 | -0.003799999999999998 | 0.0003999999999999976 | 0.011900000000000008 | 0.06319670000000001 | 0.047710800000000005 | 0.023063025 | -0.060453736654804247 | 0.015434160305343392 | -0.11264274693589937
1973: Q3 | 0.08289999999999999 | 0.075 | 0.0711 | 0.0672 | 0.069 | 0.0863 | 0.0863 | -0.003400000000000014 | -0.00789999999999999 | -0.0039000000000000007 | -0.0039000000000000007 | -0.0020999999999999908 | 0.00180000000000001 | 0.017299999999999996 | 0.047710800000000005 | 0.040237600000000005 | 0.009562875 | 0.015434160305343392 | -0.09446022727272718 | -0.3282959197876285
1973: Q4 | 0.0745 | 0.073 | 0.07064999999999999 | 0.0683 | 0.069 | 0.0848 | 0.0848 | -0.010300000000000004 | -0.0015000000000000013 | -0.002350000000000005 | -0.002349999999999991 | -0.0016499999999999848 | 0.0007000000000000062 | 0.015799999999999995 | 0.040237600000000005 | 0.0063878 | -0.005360125 | -0.09446022727272718 | 0.03713863684321583 | -0.2598613441619161
1974: Q1 | 0.0796 | 0.0836 | 0.08005 | 0.0765 | 0.0741 | 0.0862 | 0.0862 | -0.006599999999999995 | 0.00399999999999999 | -0.0035499999999999976 | -0.0035499999999999976 | -0.005949999999999997 | -0.0023999999999999994 | 0.0121 | 0.0063878 | -0.0020841 | -0.012704724999999998 | 0.03713863684321583 | -0.0695299671592774 | -0.09880544557404969
1974: Q2 | 0.079 | 0.08869999999999999 | 0.086 | 0.0833 | 0.0764 | 0.09269999999999999 | 0.09269999999999999 | -0.01369999999999999 | 0.009699999999999986 | -0.002699999999999994 | -0.002699999999999994 | -0.009599999999999997 | -0.006900000000000003 | 0.016299999999999995 | -0.0020841 | -0.0062898 | -0.01676935 | -0.0695299671592774 | -0.23134536139881956 | 0.07891056171249344
1974: Q3 | 0.0806 | 0.0821 | 0.08130000000000001 | 0.0805 | 0.0794 | 0.1018 | 0.1018 | -0.021199999999999997 | 0.0015000000000000013 | -0.0007999999999999952 | -0.000800000000000009 | -0.0019000000000000128 | -0.0011000000000000038 | 0.022400000000000003 | -0.0062898 | -0.0194544 | -0.013200200000000002 | -0.23134536139881956 | -0.0022019964768057454 | 0.300299218723052
1974: Q4 | 0.07150000000000001 | 0.0735 | 0.07355 | 0.0736 | 0.07400000000000001 | 0.1063 | 0.1063 | -0.0348 | 0.001999999999999988 | 5.000000000000837e-05 | 4.999999999999449e-05 | 0.00045000000000000595 | 0.00040000000000001146 | 0.032299999999999995 | -0.0194544 | -0.0229906 | -0.0019515999999999989 | -0.0022019964768057454 | 0.2628224243327868 | 0.3793549914034373
1975: Q1 | 0.054900000000000004 | 0.0636 | 0.0693 | 0.075 | 0.0801 | 0.1048 | 0.1048 | -0.0499 | 0.0087 | 0.005699999999999997 | 0.005699999999999997 | 0.010800000000000004 | 0.005100000000000007 | 0.0247 | -0.0229906 | -0.0183426 | 0.019177025 | 0.2628224243327868 | 0.1139591788016232 | 0.2563368755200073
1975: Q2 | 0.053399999999999996 | 0.06849999999999999 | 0.07335 | 0.0782 | 0.0796 | 0.10619999999999999 | 0.10619999999999999 | -0.05279999999999999 | 0.015099999999999995 | 0.004850000000000007 | 0.004850000000000007 | 0.0062500000000000056 | 0.0013999999999999985 | 0.026599999999999985 | -0.0183426 | 0.007986799999999999 | 0.0391941 | 0.1139591788016232 | -0.07362012987013 | 0.14610718898075925
1975: Q3 | 0.0642 | 0.0783 | 0.08125 | 0.0842 | 0.0848 | 0.1061 | 0.1061 | -0.04190000000000001 | 0.014100000000000001 | 0.002950000000000008 | 0.0029499999999999943 | 0.0035499999999999976 | 0.0006000000000000033 | 0.0213 | 0.007986799999999999 | 0.025539999999999997 | 0.049593975 | -0.07362012987013 | 0.05846226526514697 | 0.2938532154992366
1975: Q4 | 0.054400000000000004 | 0.0616 | 0.0683 | 0.075 | 0.0776 | 0.1056 | 0.1056 | -0.051199999999999996 | 0.007199999999999998 | 0.006699999999999998 | 0.006699999999999998 | 0.009300000000000003 | 0.002600000000000005 | 0.027999999999999997 | 0.025539999999999997 | 0.06152389999999999 | 0.053995999999999995 | 0.05846226526514697 | 0.15019729425028183 | 0.22485171223628964
1976: Q1 | 0.05 | 0.0611 | 0.0675 | 0.0739 | 0.0766 | 0.1012 | 0.1012 | -0.051199999999999996 | 0.011099999999999999 | 0.006400000000000003 | 0.006399999999999989 | 0.009099999999999997 | 0.002700000000000008 | 0.024599999999999997 | 0.06152389999999999 | 0.0617257 | 0.046679975000000005 | 0.15019729425028183 | 0.01622156280909981 | 0.03385871269459084
1976: Q2 | 0.0541 | 0.0646 | 0.0702 | 0.0758 | 0.0786 | 0.0989 | 0.0989 | -0.0448 | 0.010500000000000002 | 0.005599999999999994 | 0.005600000000000008 | 0.008400000000000005 | 0.002799999999999997 | 0.0203 | 0.0617257 | 0.0495863 | 0.0424144 | 0.01622156280909981 | 0.045800589390962765 | 0.015130781339470989
1976: Q3 | 0.0508 | 0.057800000000000004 | 0.0633 | 0.0705 | 0.0755 | 0.094 | 0.094 | -0.0432 | 0.007000000000000006 | 0.005499999999999991 | 0.007199999999999998 | 0.012200000000000003 | 0.0050000000000000044 | 0.018500000000000003 | 0.0495863 | 0.043148099999999995 | 0.04444504999999999 | 0.045800589390962765 | 0.002014218009478652 | -0.04824347031148413
1976: Q4 | 0.0435 | 0.048600000000000004 | 0.053399999999999996 | 0.0613 | 0.0681 | 0.09119999999999999 | 0.09119999999999999 | -0.04769999999999999 | 0.005100000000000007 | 0.004799999999999992 | 0.007900000000000004 | 0.014699999999999998 | 0.0067999999999999935 | 0.023099999999999996 | 0.043148099999999995 | 0.0322598 | 0.046188099999999996 | 0.002014218009478652 | -0.029154727793696322 | -0.06242082426803508
1977: Q1 | 0.046 | 0.054000000000000006 | 0.0601 | 0.0694 | 0.0742 | 0.09119999999999999 | 0.09119999999999999 | -0.04519999999999999 | 0.008000000000000007 | 0.006099999999999994 | 0.009300000000000003 | 0.014100000000000001 | 0.004799999999999999 | 0.016999999999999987 | 0.0322598 | 0.0446634 | 0.048415824999999996 | -0.029154727793696322 | -0.002186878727634012 | -0.07338033486077589
1977: Q2 | 0.050199999999999995 | 0.0572 | 0.0608 | 0.067 | 0.07200000000000001 | 0.0891 | 0.0891 | -0.038900000000000004 | 0.007000000000000006 | 0.003599999999999999 | 0.006200000000000004 | 0.011200000000000009 | 0.0050000000000000044 | 0.01709999999999999 | 0.0446634 | 0.057708899999999994 | 0.052445325 | -0.002186878727634012 | -0.01948836740860105 | 0.033910464141618135
1977: Q3 | 0.0581 | 0.0666 | 0.0682 | 0.0711 | 0.0741 | 0.08800000000000001 | 0.08800000000000001 | -0.02990000000000001 | 0.008500000000000008 | 0.0015999999999999903 | 0.0029 | 0.0059000000000000025 | 0.0030000000000000027 | 0.01390000000000001 | 0.057708899999999994 | 0.0501203 | 0.051132550000000006 | -0.01948836740860105 | -0.012911773875091015 | 0.13538561664324167
1977: Q4 | 0.060700000000000004 | 0.0698 | 0.0722 | 0.0754 | 0.07780000000000001 | 0.08990000000000001 | 0.08990000000000001 | -0.029200000000000004 | 0.009099999999999997 | 0.0023999999999999994 | 0.0031999999999999945 | 0.005600000000000008 | 0.0024000000000000132 | 0.0121 | 0.0501203 | 0.0411707 | 0.055247725 | -0.012911773875091015 | -0.040503091025367643 | 0.07802911303409621
1978: Q1 | 0.0629 | 0.0748 | 0.077 | 0.0797 | 0.0815 | 0.0922 | 0.0922 | -0.029300000000000007 | 0.011900000000000008 | 0.0021999999999999936 | 0.002699999999999994 | 0.004500000000000004 | 0.00180000000000001 | 0.010700000000000001 | 0.0411707 | 0.060781400000000006 | 0.0612298 | -0.040503091025367643 | 0.11334721909479861 | 0.18537642930580467
1978: Q2 | 0.0673 | 0.08380000000000001 | 0.0848 | 0.085 | 0.0862 | 0.096 | 0.096 | -0.028700000000000003 | 0.016500000000000015 | 0.000999999999999987 | 0.00020000000000000573 | 0.0013999999999999985 | 0.0011999999999999927 | 0.009800000000000003 | 0.060781400000000006 | 0.0524578 | 0.05267662500000001 | 0.11334721909479861 | 0.07674585295924641 | 0.09591370107862174
1978: Q3 | 0.0785 | 0.08810000000000001 | 0.087 | 0.085 | 0.08560000000000001 | 0.0942 | 0.0942 | -0.015700000000000006 | 0.009600000000000011 | -0.0011000000000000176 | -0.001999999999999988 | -0.0013999999999999846 | 0.0006000000000000033 | 0.008599999999999997 | 0.0524578 | 0.066581 | 0.045537 | 0.07674585295924641 | -0.06277670837343607 | 0.10064189265919365
1978: Q4 | 0.0908 | 0.1057 | 0.0998 | 0.0932 | 0.0915 | 0.09939999999999999 | 0.09939999999999999 | -0.008599999999999983 | 0.014899999999999997 | -0.0059000000000000025 | -0.006599999999999995 | -0.008300000000000002 | -0.001700000000000007 | 0.00789999999999999 | 0.066581 | 0.065099 | 0.03210315 | -0.06277670837343607 | 0.05504109874102592 | 0.1809880124442309
1979: Q1 | 0.09480000000000001 | 0.1017 | 0.09720000000000001 | 0.0919 | 0.0911 | 0.1026 | 0.1026 | -0.0077999999999999875 | 0.0068999999999999895 | -0.00449999999999999 | -0.005300000000000013 | -0.006100000000000008 | -0.0007999999999999952 | 0.011499999999999996 | 0.065099 | 0.0265687 | 0.01938035 | 0.05504109874102592 | 0.029320679320679277 | 0.10224299954066018
1979: Q2 | 0.0906 | 0.094 | 0.0897 | 0.0874 | 0.08810000000000001 | 0.1038 | 0.1038 | -0.013200000000000003 | 0.0034000000000000002 | -0.004299999999999998 | -0.0022999999999999965 | -0.0015999999999999903 | 0.0007000000000000062 | 0.015699999999999992 | 0.0265687 | 0.023899300000000002 | 0.0108005 | 0.029320679320679277 | 0.0813913470993115 | 0.18728799168983712
1979: Q3 | 0.1026 | 0.10800000000000001 | 0.10099999999999999 | 0.09480000000000001 | 0.0944 | 0.1054 | 0.1054 | -0.002799999999999997 | 0.005400000000000016 | -0.00700000000000002 | -0.006199999999999983 | -0.006599999999999995 | -0.00040000000000001146 | 0.010999999999999996 | 0.023899300000000002 | 0.012845599999999999 | 0.0007661499999999993 | 0.0813913470993115 | 0.005639963167587414 | 0.2264727666550579
1979: Q4 | 0.1204 | 0.11699999999999999 | 0.11230000000000001 | 0.1038 | 0.1033 | 0.1206 | 0.1206 | -0.00020000000000000573 | -0.0034000000000000002 | -0.004699999999999982 | -0.008500000000000008 | -0.009000000000000008 | -0.0005000000000000004 | 0.017299999999999996 | 0.012845599999999999 | 0.0142078 | -0.0025431000000000004 | 0.005639963167587414 | -0.015306122448979553 | 0.30192896628373234
1980: Q1 | 0.152 | 0.158 | 0.1463 | 0.1331 | 0.1264 | 0.1445 | 0.1445 | 0.007500000000000007 | 0.006000000000000005 | -0.011699999999999988 | -0.013200000000000017 | -0.0199 | -0.006699999999999984 | 0.018099999999999977 | 0.0142078 | -0.0077507 | -0.0020951000000000008 | -0.015306122448979553 | 0.10873925501432646 | 0.3347441148072996
1980: Q2 | 0.0707 | 0.0849 | 0.0897 | 0.09480000000000001 | 0.1009 | 0.12710000000000002 | 0.12710000000000002 | -0.05640000000000002 | 0.014200000000000004 | 0.004799999999999999 | 0.005100000000000007 | 0.011200000000000002 | 0.006099999999999994 | 0.026200000000000015 | -0.0077507 | -0.0162381 | 0.0072643000000000004 | 0.10873925501432646 | 0.11708115183246082 | 0.21014339328146958
1980: Q3 | 0.1027 | 0.1229 | 0.1213 | 0.1188 | 0.1186 | 0.13699999999999998 | 0.13699999999999998 | -0.03429999999999998 | 0.020199999999999996 | -0.0015999999999999903 | -0.0025000000000000022 | -0.002700000000000008 | -0.00020000000000000573 | 0.018399999999999986 | -0.0162381 | -0.0003914 | 0.022138225 | 0.11708115183246082 | 0.06750988142292491 | -0.0179805275933973
1980: Q4 | 0.1549 | 0.1386 | 0.1306 | 0.1259 | 0.1243 | 0.1514 | 0.1514 | 0.003500000000000003 | -0.01630000000000001 | -0.008000000000000007 | -0.004699999999999982 | -0.0063 | -0.001600000000000018 | 0.027100000000000013 | -0.0003914 | 0.015999799999999998 | 0.02548585 | 0.06750988142292491 | 0.009513108614232157 | -0.02442630837094595
1981: Q1 | 0.1336 | 0.1305 | 0.1317 | 0.13390000000000002 | 0.1313 | 0.1534 | 0.1534 | -0.019800000000000012 | -0.0030999999999999917 | 0.0012000000000000066 | 0.0022000000000000075 | -0.00040000000000001146 | -0.002600000000000019 | 0.02210000000000001 | 0.015999799999999998 | 0.029686900000000002 | 0.01601005 | 0.009513108614232157 | 0.005236486486486669 | -0.12198329162019894
1981: Q2 | 0.14730000000000001 | 0.1487 | 0.1466 | 0.1425 | 0.1386 | 0.158 | 0.158 | -0.010699999999999987 | 0.0013999999999999846 | -0.0020999999999999908 | -0.00410000000000002 | -0.008000000000000007 | -0.003899999999999987 | 0.0194 | 0.029686900000000002 | 0.0432576 | 0.006061949999999998 | 0.005236486486486669 | -0.09349962207105078 | -0.12180752071025569
1981: Q3 | 0.147 | 0.1664 | 0.16690000000000002 | 0.16269999999999998 | 0.15839999999999999 | 0.16920000000000002 | 0.16920000000000002 | -0.022200000000000025 | 0.0194 | 0.0005000000000000282 | -0.004200000000000037 | -0.008500000000000035 | -0.004299999999999998 | 0.010800000000000032 | 0.0432576 | 0.0129991 | -0.0111422 | -0.09349962207105078 | 0.06050295857988175 | 0.09605064049119405
1981: Q4 | 0.1085 | 0.1335 | 0.1363 | 0.13970000000000002 | 0.1398 | 0.1655 | 0.1655 | -0.05700000000000001 | 0.02500000000000001 | 0.002799999999999997 | 0.003400000000000014 | 0.003500000000000003 | 9.999999999998899e-05 | 0.0257 | 0.0129991 | -0.0219034 | -0.01799985 | 0.06050295857988175 | -0.09143780290791592 | 0.19156624509203213
1982: Q1 | 0.1268 | 0.14300000000000002 | 0.1452 | 0.1439 | 0.1418 | 0.16820000000000002 | 0.16820000000000002 | -0.04140000000000002 | 0.01620000000000002 | 0.0021999999999999797 | -0.0012999999999999956 | -0.0033999999999999864 | -0.0020999999999999908 | 0.026400000000000007 | -0.0219034 | -0.0101055 | -0.00894535 | -0.09143780290791592 | 0.00543772563176903 | 0.4453389898202891
1982: Q2 | 0.1247 | 0.1434 | 0.1466 | 0.1465 | 0.1444 | 0.16920000000000002 | 0.16920000000000002 | -0.04450000000000001 | 0.018699999999999994 | 0.0032000000000000084 | -0.00010000000000001674 | -0.0022000000000000075 | -0.0020999999999999908 | 0.024800000000000016 | -0.0101055 | -0.025559 | 0.0017523500000000015 | 0.00543772563176903 | 0.1313810391978123 | 0.5911638236590551
1982: Q3 | 0.07919999999999999 | 0.1026 | 0.11230000000000001 | 0.11689999999999999 | 0.1173 | 0.1563 | 0.1563 | -0.0771 | 0.023400000000000004 | 0.009700000000000014 | 0.004599999999999979 | 0.0049999999999999906 | 0.00040000000000001146 | 0.03899999999999999 | -0.025559 | -0.0144315 | 0.022485025 | 0.1313810391978123 | 0.152920751633987 | 0.42794300797147944
1982: Q4 | 0.0794 | 0.0868 | 0.09480000000000001 | 0.1009 | 0.1036 | 0.1414 | 0.1414 | -0.062 | 0.007400000000000004 | 0.008000000000000007 | 0.006099999999999994 | 0.008799999999999988 | 0.002699999999999994 | 0.0378 | -0.0144315 | 0.0143146 | 0.04584285 | 0.152920751633987 | 0.10206241032998564 | 0.23093267071283363
1983: Q1 | 0.08349999999999999 | 0.0934 | 0.0987 | 0.1027 | 0.10619999999999999 | 0.1361 | 0.1361 | -0.05260000000000001 | 0.009900000000000006 | 0.005299999999999999 | 0.0040000000000000036 | 0.007499999999999993 | 0.0034999999999999892 | 0.02990000000000001 | 0.0143146 | 0.0326853 | 0.063709875 | 0.10206241032998564 | 0.10687952600395012 | 0.0815727062212035
1983: Q2 | 0.08789999999999999 | 0.09699999999999999 | 0.1023 | 0.1076 | 0.1096 | 0.13369999999999999 | 0.13369999999999999 | -0.045799999999999993 | 0.009099999999999997 | 0.005300000000000013 | 0.005299999999999999 | 0.007300000000000001 | 0.0020000000000000018 | 0.024099999999999983 | 0.0326853 | 0.0573717 | 0.07553030000000001 | 0.10687952600395012 | 0.015324519230769162 | -0.03821245279640306
1983: Q3 | 0.09 | 0.0989 | 0.10529999999999999 | 0.11199999999999999 | 0.1144 | 0.1355 | 0.1355 | -0.04550000000000001 | 0.008900000000000005 | 0.006399999999999989 | 0.006699999999999998 | 0.00910000000000001 | 0.0024000000000000132 | 0.021100000000000008 | 0.0573717 | 0.07899980000000001 | 0.078439475 | 0.015324519230769162 | -0.006145334928229551 | 0.039121100103783224
1983: Q4 | 0.09 | 0.1008 | 0.1085 | 0.1157 | 0.1182 | 0.1375 | 0.1375 | -0.047500000000000014 | 0.010800000000000004 | 0.0076999999999999985 | 0.007199999999999998 | 0.0097 | 0.0025000000000000022 | 0.01930000000000001 | 0.07899980000000001 | 0.0857827 | 0.072629025 | -0.006145334928229551 | -0.03166058394160587 | 0.047324579573615466
1984: Q1 | 0.09519999999999999 | 0.10800000000000001 | 0.11599999999999999 | 0.12279999999999999 | 0.1253 | 0.1399 | 0.1399 | -0.044700000000000004 | 0.01280000000000002 | 0.00799999999999998 | 0.0068000000000000005 | 0.009300000000000003 | 0.0025000000000000022 | 0.014600000000000002 | 0.0857827 | 0.079967 | 0.062571125 | -0.03166058394160587 | -0.01570838627700144 | 0.19212423792548683
1984: Q2 | 0.0987 | 0.12300000000000001 | 0.1317 | 0.13720000000000002 | 0.1384 | 0.1505 | 0.1505 | -0.0518 | 0.024300000000000016 | 0.0087 | 0.005500000000000005 | 0.006699999999999984 | 0.0011999999999999789 | 0.0121 | 0.079967 | 0.0690084 | 0.051789949999999994 | -0.01570838627700144 | 0.09696276943174387 | 0.28834840361698766
1984: Q3 | 0.10369999999999999 | 0.1143 | 0.1207 | 0.12480000000000001 | 0.1247 | 0.1435 | 0.1435 | -0.0398 | 0.010600000000000012 | 0.006400000000000003 | 0.004100000000000006 | 0.0040000000000000036 | -0.00010000000000000286 | 0.018799999999999983 | 0.0690084 | 0.055758 | 0.045194 | 0.09696276943174387 | 0.0017007826610475618 | 0.1568112256769867
1984: Q4 | 0.0806 | 0.0922 | 0.1002 | 0.1108 | 0.1155 | 0.134 | 0.134 | -0.0534 | 0.0116 | 0.007999999999999993 | 0.010599999999999998 | 0.015300000000000008 | 0.00470000000000001 | 0.018500000000000003 | 0.055758 | 0.0455511 | 0.0417101 | 0.0017007826610475618 | 0.10221884498480249 | 0.31276818598790435
1985: Q1 | 0.0852 | 0.0949 | 0.1043 | 0.11289999999999999 | 0.1165 | 0.1369 | 0.1369 | -0.051699999999999996 | 0.0097 | 0.009400000000000006 | 0.008599999999999983 | 0.012200000000000003 | 0.00360000000000002 | 0.020399999999999988 | 0.0455511 | 0.0368423 | 0.040686125000000004 | 0.10221884498480249 | 0.06374024526198441 | 0.3461779282545594
1985: Q2 | 0.0695 | 0.0771 | 0.0867 | 0.0965 | 0.1025 | 0.124 | 0.124 | -0.05449999999999999 | 0.007599999999999996 | 0.009599999999999997 | 0.009800000000000003 | 0.015799999999999995 | 0.0059999999999999915 | 0.021500000000000005 | 0.0368423 | 0.0426246 | 0.040729375 | 0.06374024526198441 | -0.01503440974060355 | 0.3473663073840729
1985: Q3 | 0.071 | 0.0799 | 0.0888 | 0.0973 | 0.10310000000000001 | 0.12480000000000001 | 0.12480000000000001 | -0.053800000000000014 | 0.008900000000000005 | 0.008900000000000005 | 0.008499999999999994 | 0.014300000000000007 | 0.0058000000000000135 | 0.021699999999999997 | 0.0426246 | 0.0418224 | 0.037871300000000004 | -0.01503440974060355 | 0.13674633351439436 | 0.34037017100009703
1985: Q4 | 0.071 | 0.076 | 0.07980000000000001 | 0.0849 | 0.09 | 0.1158 | 0.1158 | -0.044800000000000006 | 0.0050000000000000044 | 0.0038000000000000117 | 0.005099999999999993 | 0.010199999999999987 | 0.005099999999999993 | 0.025800000000000003 | 0.0418224 | 0.041455200000000005 | 0.034686075000000004 | 0.13674633351439436 | 0.13027013989387348 | 0.24033646243301177
1986: Q1 | 0.06559999999999999 | 0.0672 | 0.0692 | 0.0719 | 0.0739 | 0.105 | 0.105 | -0.039400000000000004 | 0.0016000000000000042 | 0.0020000000000000018 | 0.002700000000000008 | 0.004699999999999996 | 0.001999999999999988 | 0.031100000000000003 | 0.041455200000000005 | 0.0370153 | 0.031112599999999997 | 0.13027013989387348 | 0.06467929401635808 | 0.30036946070787973
1986: Q2 | 0.0621 | 0.0641 | 0.0681 | 0.0723 | 0.0735 | 0.10339999999999999 | 0.10339999999999999 | -0.04129999999999999 | 0.0020000000000000018 | 0.00399999999999999 | 0.004200000000000009 | 0.005400000000000002 | 0.0011999999999999927 | 0.029899999999999996 | 0.0370153 | 0.0311923 | 0.030255825 | 0.06467929401635808 | -0.02014879739094988 | 0.26742918985669517
1986: Q3 | 0.0521 | 0.0582 | 0.0638 | 0.0698 | 0.0745 | 0.102 | 0.102 | -0.04989999999999999 | 0.006100000000000001 | 0.005599999999999994 | 0.006000000000000005 | 0.010700000000000001 | 0.004699999999999996 | 0.027499999999999997 | 0.0311923 | 0.0290815 | 0.03062595 | -0.02014879739094988 | 0.051909357952161006 | 0.3770276915180739
1986: Q4 | 0.0553 | 0.059500000000000004 | 0.0635 | 0.0681 | 0.0723 | 0.09970000000000001 | 0.09970000000000001 | -0.04440000000000001 | 0.004200000000000002 | 0.003999999999999997 | 0.004599999999999993 | 0.008800000000000002 | 0.004200000000000009 | 0.027400000000000008 | 0.0290815 | 0.027161300000000003 | 0.034553825 | 0.051909357952161006 | 0.18497586484312145 | -0.0010348753074057582
1987: Q1 | 0.0559 | 0.061500000000000006 | 0.0654 | 0.0702 | 0.0751 | 0.09609999999999999 | 0.09609999999999999 | -0.04019999999999999 | 0.005600000000000008 | 0.0038999999999999937 | 0.004799999999999999 | 0.0097 | 0.004900000000000002 | 0.02099999999999999 | 0.027161300000000003 | 0.0335882 | 0.0383692 | 0.18497586484312145 | 0.03770940170940151 | -0.06274604862590993
1987: Q2 | 0.0567 | 0.0677 | 0.0748 | 0.0802 | 0.08380000000000001 | 0.1052 | 0.1052 | -0.0485 | 0.010999999999999996 | 0.007100000000000009 | 0.005399999999999988 | 0.009000000000000008 | 0.00360000000000002 | 0.02139999999999999 | 0.0335882 | 0.0326728 | 0.041183649999999995 | 0.03770940170940151 | 0.06458195089581964 | -0.07196457980664661
1987: Q3 | 0.064 | 0.07919999999999999 | 0.086 | 0.09210000000000002 | 0.09630000000000001 | 0.1131 | 0.1131 | -0.049100000000000005 | 0.015199999999999991 | 0.0068000000000000005 | 0.006100000000000022 | 0.010300000000000017 | 0.004199999999999995 | 0.016799999999999995 | 0.0326728 | 0.044793 | 0.0434975 | 0.06458195089581964 | -0.2368920614998431 | -0.1293418551916452
1987: Q4 | 0.057699999999999994 | 0.071 | 0.07769999999999999 | 0.0833 | 0.0883 | 0.11289999999999999 | 0.11289999999999999 | -0.05519999999999999 | 0.0133 | 0.006699999999999998 | 0.005600000000000008 | 0.010600000000000012 | 0.0050000000000000044 | 0.024599999999999983 | 0.044793 | 0.042422800000000004 | 0.04179650000000001 | -0.2368920614998431 | 0.11177385892116187 | 0.18750051263167977
1988: Q1 | 0.057 | 0.0676 | 0.0741 | 0.08039999999999999 | 0.0857 | 0.1057 | 0.1057 | -0.0487 | 0.010599999999999991 | 0.006500000000000006 | 0.006299999999999986 | 0.0116 | 0.005300000000000013 | 0.020000000000000004 | 0.042422800000000004 | 0.044846000000000004 | 0.041978825000000004 | 0.11177385892116187 | 0.027502822732405008 | 0.1403607027841618
1988: Q2 | 0.0646 | 0.075 | 0.0802 | 0.08410000000000001 | 0.0882 | 0.11 | 0.11 | -0.045399999999999996 | 0.010399999999999993 | 0.005199999999999996 | 0.0039000000000000146 | 0.008000000000000007 | 0.0040999999999999925 | 0.0218 | 0.044846000000000004 | 0.0419282 | 0.040138075 | 0.027502822732405008 | -0.0012375323236053504 | 0.2372104748818633
1988: Q3 | 0.0724 | 0.08130000000000001 | 0.0843 | 0.0861 | 0.08869999999999999 | 0.109 | 0.109 | -0.036599999999999994 | 0.008900000000000005 | 0.002999999999999989 | 0.001799999999999996 | 0.004399999999999987 | 0.002599999999999991 | 0.020300000000000012 | 0.0419282 | 0.037989 | 0.039426325000000005 | -0.0012375323236053504 | 0.04081156716417911 | 0.33932200486075037
1988: Q4 | 0.08070000000000001 | 0.0902 | 0.09140000000000001 | 0.09140000000000001 | 0.09140000000000001 | 0.1065 | 0.1065 | -0.02579999999999999 | 0.009499999999999995 | 0.0012000000000000066 | 0 | 0 | 0 | 0.015099999999999988 | 0.037989 | 0.043152100000000006 | 0.036788600000000005 | 0.04081156716417911 | 0.06764014466546109 | 0.30186697257729134
1989: Q1 | 0.0882 | 0.0964 | 0.0973 | 0.0953 | 0.09300000000000001 | 0.1067 | 0.1067 | -0.018500000000000003 | 0.008199999999999999 | 0.000899999999999998 | -0.0020000000000000018 | -0.004299999999999984 | -0.0022999999999999826 | 0.01369999999999999 | 0.043152100000000006 | 0.037483 | 0.033053825 | 0.06764014466546109 | 0.11476768021865391 | 0.19381737267755317
1989: Q2 | 0.0815 | 0.0812 | 0.0808 | 0.0803 | 0.081 | 0.1003 | 0.1003 | -0.018799999999999997 | -0.0003000000000000086 | -0.0003999999999999976 | -0.0005000000000000004 | 0.00020000000000000573 | 0.0007000000000000062 | 0.019299999999999998 | 0.037483 | 0.039081199999999996 | 0.029714975000000005 | 0.11476768021865391 | 0.08119400679641653 | 0.14952269603611157
1989: Q3 | 0.0775 | 0.0848 | 0.08460000000000001 | 0.0836 | 0.08310000000000001 | 0.09910000000000001 | 0.09910000000000001 | -0.021600000000000008 | 0.007300000000000001 | -0.00019999999999999185 | -0.0010000000000000148 | -0.0015000000000000013 | -0.0004999999999999866 | 0.016 | 0.039081199999999996 | 0.0274381 | 0.024262699999999998 | 0.08119400679641653 | 0.011704578174488889 | -0.06077441171467868
1989: Q4 | 0.07629999999999999 | 0.0776 | 0.0787 | 0.0786 | 0.0793 | 0.09820000000000001 | 0.09820000000000001 | -0.021900000000000017 | 0.0013000000000000095 | 0.0011000000000000038 | -0.00010000000000000286 | 0.0005999999999999894 | 0.0006999999999999923 | 0.018900000000000014 | 0.0274381 | 0.028213 | 0.018910374999999997 | 0.011704578174488889 | -0.020969592656339797 | -0.02348003332447024
1990: Q1 | 0.079 | 0.08349999999999999 | 0.0864 | 0.08650000000000001 | 0.08650000000000001 | 0.10210000000000001 | 0.10210000000000001 | -0.02310000000000001 | 0.00449999999999999 | 0.0029000000000000137 | 0.00010000000000000286 | 0.00010000000000000286 | 0 | 0.015600000000000003 | 0.028213 | 0.0241276 | 0.009481624999999999 | -0.020969592656339797 | 0.07340601548188874 | 0.13869241773669883
1990: Q2 | 0.07730000000000001 | 0.0805 | 0.0824 | 0.08349999999999999 | 0.0843 | 0.10220000000000001 | 0.10220000000000001 | -0.024900000000000005 | 0.0031999999999999945 | 0.001899999999999999 | 0.0010999999999999899 | 0.001899999999999999 | 0.000800000000000009 | 0.017900000000000013 | 0.0241276 | 0.0172721 | 0.002102624999999999 | 0.07340601548188874 | -0.11660284691584111 | 0.08660281291422445
1990: Q3 | 0.0736 | 0.07690000000000001 | 0.0802 | 0.08470000000000001 | 0.0882 | 0.10640000000000001 | 0.10640000000000001 | -0.03280000000000001 | 0.0033000000000000113 | 0.0032999999999999835 | 0.004500000000000018 | 0.008000000000000007 | 0.0034999999999999892 | 0.018200000000000008 | 0.0172721 | 0.0060288 | -0.0024722000000000004 | -0.11660284691584111 | 0.05187692210139172 | 0.2689810510200139
1990: Q4 | 0.0674 | 0.0682 | 0.07150000000000001 | 0.0768 | 0.0808 | 0.1043 | 0.1043 | -0.0369 | 0.0007999999999999952 | 0.0033000000000000113 | 0.005299999999999985 | 0.009299999999999989 | 0.0040000000000000036 | 0.023500000000000007 | 0.0060288 | -0.009502 | -0.0010633500000000002 | 0.05187692210139172 | 0.1416197718631178 | 0.21998132118794755
1991: Q1 | 0.0591 | 0.06280000000000001 | 0.0702 | 0.07730000000000001 | 0.0805 | 0.1009 | 0.1009 | -0.041800000000000004 | 0.003700000000000009 | 0.00739999999999999 | 0.007100000000000009 | 0.010300000000000004 | 0.0031999999999999945 | 0.0204 | -0.009502 | -0.0053884 | 0.008458775 | 0.1416197718631178 | 0.024302944020629935 | 0.12896161689746433
1991: Q2 | 0.0557 | 0.0632 | 0.069 | 0.079 | 0.0824 | 0.09960000000000001 | 0.09960000000000001 | -0.04390000000000001 | 0.007500000000000007 | 0.0058 | 0.009999999999999995 | 0.013399999999999995 | 0.0034000000000000002 | 0.017200000000000007 | -0.0053884 | -0.0010272 | 0.0177298 | 0.024302944020629935 | 0.03166882550424277 | 0.11297106958174807
1991: Q3 | 0.052199999999999996 | 0.0542 | 0.0599 | 0.0692 | 0.0747 | 0.0951 | 0.0951 | -0.04290000000000001 | 0.0020000000000000018 | 0.005700000000000004 | 0.009299999999999996 | 0.0148 | 0.005500000000000005 | 0.0204 | -0.0010272 | 0.0116642 | 0.027149975 | 0.03166882550424277 | 0.01126033057851239 | 0.11397667838103764
1991: Q4 | 0.0407 | 0.0412 | 0.04769999999999999 | 0.0593 | 0.06709999999999999 | 0.0926 | 0.0926 | -0.0519 | 0.0005000000000000004 | 0.006499999999999992 | 0.011600000000000006 | 0.0194 | 0.0077999999999999944 | 0.02550000000000001 | 0.0116642 | 0.0285865 | 0.035191375000000004 | 0.01126033057851239 | 0.056446423515482236 | 0.15489679678953405
1992: Q1 | 0.0404 | 0.0454 | 0.055999999999999994 | 0.0694 | 0.0754 | 0.0925 | 0.0925 | -0.0521 | 0.0050000000000000044 | 0.010599999999999991 | 0.013400000000000009 | 0.0194 | 0.0059999999999999915 | 0.017100000000000004 | 0.0285865 | 0.0316957 | 0.036347025 | 0.056446423515482236 | 0.009794776119402826 | 0.13745574197867616
1992: Q2 | 0.0366 | 0.0405 | 0.0483 | 0.0629 | 0.07139999999999999 | 0.09050000000000001 | 0.09050000000000001 | -0.05390000000000001 | 0.0039000000000000007 | 0.007800000000000001 | 0.014599999999999995 | 0.02309999999999999 | 0.008499999999999994 | 0.01910000000000002 | 0.0316957 | 0.0366535 | 0.035442774999999996 | 0.009794776119402826 | 0.03260097484507818 | 0.1290000239513316
1992: Q3 | 0.0291 | 0.030600000000000002 | 0.038 | 0.0533 | 0.0637 | 0.0862 | 0.0862 | -0.0571 | 0.0015000000000000013 | 0.007399999999999997 | 0.015300000000000001 | 0.025700000000000008 | 0.010400000000000006 | 0.022499999999999992 | 0.0366535 | 0.0438298 | 0.031998675 | 0.03260097484507818 | 0.04840733129420749 | 0.12827481440281496
1992: Q4 | 0.0322 | 0.0361 | 0.045599999999999995 | 0.0604 | 0.067 | 0.08810000000000001 | 0.08810000000000001 | -0.05590000000000001 | 0.0039000000000000007 | 0.009499999999999995 | 0.014800000000000008 | 0.02140000000000001 | 0.006600000000000002 | 0.021100000000000008 | 0.0438298 | 0.0332091 | 0.027562625 | 0.04840733129420749 | 0.04049214948122315 | 0.09927395970576547
1993: Q1 | 0.029500000000000002 | 0.0332 | 0.039599999999999996 | 0.0524 | 0.0603 | 0.0815 | 0.0815 | -0.052000000000000005 | 0.0036999999999999984 | 0.006399999999999996 | 0.012800000000000006 | 0.020700000000000003 | 0.007899999999999997 | 0.021200000000000004 | 0.0332091 | 0.028078699999999998 | 0.0278377 | 0.04049214948122315 | 0.002288075350986185 | 0.058846662864421306
1993: Q2 | 0.030699999999999998 | 0.0345 | 0.0403 | 0.050499999999999996 | 0.057999999999999996 | 0.08070000000000001 | 0.08070000000000001 | -0.05000000000000001 | 0.0038000000000000048 | 0.0058 | 0.010199999999999994 | 0.017699999999999994 | 0.0075 | 0.022700000000000012 | 0.028078699999999998 | 0.0228771 | 0.031381650000000004 | 0.002288075350986185 | 0.031937686916930774 | 0.04328702624469072
1993: Q3 | 0.029500000000000002 | 0.0339 | 0.038900000000000004 | 0.0479 | 0.054000000000000006 | 0.07339999999999999 | 0.07339999999999999 | -0.043899999999999995 | 0.004399999999999998 | 0.0050000000000000044 | 0.008999999999999994 | 0.015100000000000002 | 0.006100000000000008 | 0.019399999999999987 | 0.0228771 | 0.0260856 | 0.036504 | 0.031937686916930774 | 0.021459367650901395 | 0.04514036015865619
1993: Q4 | 0.030600000000000002 | 0.0363 | 0.0425 | 0.0521 | 0.0583 | 0.07690000000000001 | 0.07690000000000001 | -0.04630000000000001 | 0.005699999999999997 | 0.006200000000000004 | 0.009599999999999997 | 0.015799999999999995 | 0.006199999999999997 | 0.018600000000000012 | 0.0260856 | 0.034309400000000004 | 0.040272 | 0.021459367650901395 | 0.002226633758987129 | 0.0046079411879340615
1994: Q1 | 0.035 | 0.045 | 0.0521 | 0.0623 | 0.0677 | 0.08130000000000001 | 0.08130000000000001 | -0.04630000000000001 | 0.009999999999999995 | 0.007100000000000002 | 0.0102 | 0.015599999999999996 | 0.005399999999999995 | 0.013600000000000015 | 0.034309400000000004 | 0.0422545 | 0.04039745 | 0.002226633758987129 | -0.012440438972855294 | 0.09321833909924804
1994: Q2 | 0.0414 | 0.055099999999999996 | 0.061900000000000004 | 0.0697 | 0.07339999999999999 | 0.08650000000000001 | 0.08650000000000001 | -0.04510000000000001 | 0.013699999999999997 | 0.006800000000000007 | 0.0077999999999999944 | 0.01149999999999999 | 0.003699999999999995 | 0.013100000000000014 | 0.0422545 | 0.043366499999999995 | 0.03583945 | -0.012440438972855294 | 0.03377085944198943 | 0.21819382044955127
1994: Q3 | 0.0462 | 0.0596 | 0.0662 | 0.0728 | 0.0762 | 0.0898 | 0.0898 | -0.04360000000000001 | 0.013400000000000002 | 0.006599999999999995 | 0.006600000000000009 | 0.010000000000000009 | 0.0034000000000000002 | 0.013600000000000001 | 0.043366499999999995 | 0.041157599999999996 | 0.031680875000000004 | 0.03377085944198943 | -0.018154659928045103 | 0.2719426062533672
1994: Q4 | 0.055999999999999994 | 0.07200000000000001 | 0.07690000000000001 | 0.0783 | 0.0784 | 0.091 | 0.091 | -0.035 | 0.016000000000000014 | 0.004900000000000002 | 0.0013999999999999846 | 0.0014999999999999875 | 0.00010000000000000286 | 0.0126 | 0.041157599999999996 | 0.0348112 | 0.02689065 | -0.018154659928045103 | 0.09062699092686577 | 0.38330896957837335
1995: Q1 | 0.057300000000000004 | 0.0649 | 0.068 | 0.0708 | 0.07200000000000001 | 0.087 | 0.087 | -0.02969999999999999 | 0.007599999999999996 | 0.0031000000000000055 | 0.002799999999999997 | 0.0040000000000000036 | 0.0012000000000000066 | 0.014999999999999986 | 0.0348112 | 0.0240225 | 0.024690625 | 0.09062699092686577 | 0.10045625063368169 | 0.3427102872668568
1995: Q2 | 0.0547 | 0.0565 | 0.0579 | 0.059800000000000006 | 0.0621 | 0.079 | 0.079 | -0.024300000000000002 | 0.001800000000000003 | 0.0013999999999999985 | 0.0019000000000000059 | 0.004200000000000002 | 0.0022999999999999965 | 0.0169 | 0.0240225 | 0.0267322 | 0.02869015 | 0.10045625063368169 | 0.07938259015481597 | 0.2672758646032525
1995: Q3 | 0.0528 | 0.0565 | 0.0583 | 0.0601 | 0.0617 | 0.0793 | 0.0793 | -0.026499999999999996 | 0.003700000000000002 | 0.001799999999999996 | 0.001800000000000003 | 0.0034000000000000002 | 0.0015999999999999973 | 0.017599999999999998 | 0.0267322 | 0.021996699999999998 | 0.03213165 | 0.07938259015481597 | 0.06781191146742249 | 0.19171662491671104
1995: Q4 | 0.051399999999999994 | 0.0518 | 0.0518 | 0.0538 | 0.0558 | 0.07490000000000001 | 0.07490000000000001 | -0.023500000000000014 | 0.0004000000000000045 | 0 | 0.0020000000000000018 | 0.0040000000000000036 | 0.0020000000000000018 | 0.019100000000000006 | 0.021996699999999998 | 0.0260111 | 0.037685525000000004 | 0.06781191146742249 | 0.05861822086987645 | 0.23525820057102154
1996: Q1 | 0.0496 | 0.0541 | 0.0579 | 0.061 | 0.0634 | 0.0803 | 0.0803 | -0.030699999999999998 | 0.004500000000000004 | 0.003799999999999998 | 0.0030999999999999986 | 0.005499999999999998 | 0.0023999999999999994 | 0.0169 | 0.0260111 | 0.0400206 | 0.0419679 | 0.05861822086987645 | 0.03863183272288917 | 0.24955566911192917
1996: Q2 | 0.0509 | 0.057 | 0.0611 | 0.0647 | 0.0673 | 0.084 | 0.084 | -0.033100000000000004 | 0.006100000000000001 | 0.0040999999999999995 | 0.003599999999999992 | 0.006199999999999997 | 0.002600000000000005 | 0.016700000000000007 | 0.0400206 | 0.040498200000000005 | 0.042732925000000005 | 0.03863183272288917 | 0.015026178010471236 | 0.33660543533439236
1996: Q3 | 0.0509 | 0.0571 | 0.061 | 0.0646 | 0.0672 | 0.08349999999999999 | 0.08349999999999999 | -0.03259999999999999 | 0.006199999999999997 | 0.0039000000000000007 | 0.003600000000000006 | 0.006199999999999997 | 0.002599999999999991 | 0.016299999999999995 | 0.040498200000000005 | 0.0442122 | 0.0442931 | 0.015026178010471236 | 0.10682639876718825 | 0.41383805625355863
1996: Q4 | 0.049100000000000005 | 0.055099999999999996 | 0.0588 | 0.0621 | 0.0643 | 0.0789 | 0.0789 | -0.029799999999999993 | 0.0059999999999999915 | 0.003700000000000002 | 0.0033000000000000043 | 0.005499999999999998 | 0.0021999999999999936 | 0.014600000000000002 | 0.0442122 | 0.043140599999999994 | 0.0444597 | 0.10682639876718825 | 0.07087117389841913 | 0.31722073159358755
1997: Q1 | 0.051399999999999994 | 0.0602 | 0.0645 | 0.0677 | 0.0692 | 0.0818 | 0.0818 | -0.030400000000000003 | 0.008800000000000002 | 0.004300000000000005 | 0.0031999999999999945 | 0.004699999999999996 | 0.0015000000000000013 | 0.0126 | 0.043140599999999994 | 0.0430807 | 0.04581277500000001 | 0.07087117389841913 | 0.11098767925671571 | 0.38133965210630216
1997: Q2 | 0.0493 | 0.0567 | 0.0608 | 0.064 | 0.06509999999999999 | 0.0802 | 0.0802 | -0.030899999999999997 | 0.007400000000000004 | 0.0040999999999999995 | 0.0032000000000000015 | 0.004299999999999991 | 0.0010999999999999899 | 0.015100000000000002 | 0.0430807 | 0.0467389 | 0.045282525000000004 | 0.11098767925671571 | 0.07367709319973992 | 0.2843881365880574
1997: Q3 | 0.0495 | 0.0547 | 0.057999999999999996 | 0.06 | 0.061200000000000004 | 0.077 | 0.077 | -0.027499999999999997 | 0.005199999999999996 | 0.0032999999999999974 | 0.0020000000000000018 | 0.0032000000000000084 | 0.0012000000000000066 | 0.015799999999999995 | 0.0467389 | 0.044878600000000005 | 0.04384215000000001 | 0.07367709319973992 | 0.031189302256088514 | 0.10590071658062183
1997: Q4 | 0.0516 | 0.055099999999999996 | 0.056600000000000004 | 0.0571 | 0.0575 | 0.0732 | 0.0732 | -0.0216 | 0.003499999999999996 | 0.0015000000000000083 | 0.0004999999999999935 | 0.000899999999999998 | 0.0004000000000000045 | 0.0157 | 0.044878600000000005 | 0.0485529 | 0.044820275 | 0.031189302256088514 | 0.12299843095690854 | 0.25471720758377137
1998: Q1 | 0.050300000000000004 | 0.0541 | 0.055999999999999994 | 0.0564 | 0.0567 | 0.0732 | 0.0732 | -0.022899999999999997 | 0.003799999999999998 | 0.001899999999999992 | 0.0004000000000000045 | 0.0007000000000000062 | 0.00030000000000000165 | 0.0165 | 0.0485529 | 0.0409597 | 0.044742225 | 0.12299843095690854 | 0.03301124597197336 | 0.20716220260223994
1998: Q2 | 0.049800000000000004 | 0.0538 | 0.054900000000000004 | 0.0547 | 0.054400000000000004 | 0.0713 | 0.0713 | -0.0215 | 0.003999999999999997 | 0.0011000000000000038 | -0.00020000000000000573 | -0.0005000000000000004 | -0.0002999999999999947 | 0.0169 | 0.0409597 | 0.0409774 | 0.04615572499999999 | 0.03301124597197336 | -0.07552846922112266 | 0.20961789251386143
1998: Q3 | 0.0461 | 0.0441 | 0.043 | 0.042300000000000004 | 0.0444 | 0.0709 | 0.0709 | -0.024800000000000003 | -0.0020000000000000018 | -0.0011000000000000038 | -0.0006999999999999923 | 0.0014000000000000054 | 0.0020999999999999977 | 0.026500000000000003 | 0.0409774 | 0.0487911 | 0.04771235 | -0.07552846922112266 | 0.16995218686314462 | 0.30822490252590007
1998: Q4 | 0.043899999999999995 | 0.0453 | 0.0454 | 0.045599999999999995 | 0.04650000000000001 | 0.0723 | 0.0723 | -0.02840000000000001 | 0.0014000000000000054 | 0.00010000000000000286 | 0.00019999999999999185 | 0.0011000000000000038 | 0.0009000000000000119 | 0.025799999999999997 | 0.0487911 | 0.0482407 | 0.0475312 | 0.16995218686314462 | 0.08043569597916056 | 0.2154703261481996
1999: Q1 | 0.0444 | 0.0472 | 0.0499 | 0.0512 | 0.0525 | 0.0753 | 0.0753 | -0.030900000000000004 | 0.002799999999999997 | 0.002700000000000001 | 0.0013000000000000025 | 0.002599999999999998 | 0.0012999999999999956 | 0.022800000000000008 | 0.0482407 | 0.0466137 | 0.045969975 | 0.08043569597916056 | 0.03511266638578081 | 0.13893485647646986
1999: Q2 | 0.045700000000000005 | 0.0507 | 0.0553 | 0.0567 | 0.0581 | 0.0802 | 0.0802 | -0.03449999999999999 | 0.0049999999999999975 | 0.0046 | 0.0013999999999999985 | 0.002799999999999997 | 0.0013999999999999985 | 0.022099999999999995 | 0.0466137 | 0.0472039 | 0.0475609 | 0.03511266638578081 | -0.0001663453177571661 | 0.1185533954166893
1999: Q3 | 0.046799999999999994 | 0.052199999999999996 | 0.056299999999999996 | 0.057800000000000004 | 0.059000000000000004 | 0.08199999999999999 | 0.08199999999999999 | -0.035199999999999995 | 0.005400000000000002 | 0.0040999999999999995 | 0.0015000000000000083 | 0.002700000000000008 | 0.0011999999999999997 | 0.022999999999999986 | 0.0472039 | 0.048066500000000005 | 0.04594825 | -0.0001663453177571661 | 0.08700129725300987 | 0.12652764756217372
1999: Q4 | 0.052000000000000005 | 0.059800000000000006 | 0.062400000000000004 | 0.0636 | 0.0645 | 0.0819 | 0.0819 | -0.029899999999999996 | 0.007800000000000001 | 0.002599999999999998 | 0.0011999999999999997 | 0.0020999999999999977 | 0.000899999999999998 | 0.0174 | 0.048066500000000005 | 0.0419958 | 0.041365324999999994 | 0.08700129725300987 | 0.012403057367640136 | -0.05756501969548189
2000: Q1 | 0.056900000000000006 | 0.06280000000000001 | 0.065 | 0.0632 | 0.0603 | 0.0837 | 0.0837 | -0.02679999999999999 | 0.0059000000000000025 | 0.0021999999999999936 | -0.001799999999999996 | -0.004700000000000003 | -0.0029000000000000067 | 0.023399999999999997 | 0.0419958 | 0.0529774 | 0.03664065 | 0.012403057367640136 | 0.01658912363664089 | -0.16779137519812737
2000: Q2 | 0.056900000000000006 | 0.0608 | 0.0638 | 0.061799999999999994 | 0.0603 | 0.0848 | 0.0848 | -0.027899999999999994 | 0.0038999999999999937 | 0.0029999999999999957 | -0.0020000000000000018 | -0.003499999999999996 | -0.0014999999999999944 | 0.0245 | 0.0529774 | 0.0407533 | 0.026039399999999997 | 0.01658912363664089 | 0.006961544775506923 | -0.1421730156124168
2000: Q3 | 0.06 | 0.060700000000000004 | 0.059800000000000006 | 0.058499999999999996 | 0.057999999999999996 | 0.08349999999999999 | 0.08349999999999999 | -0.023499999999999993 | 0.0007000000000000062 | -0.000899999999999998 | -0.0013000000000000095 | -0.00180000000000001 | -0.0005000000000000004 | 0.025499999999999995 | 0.0407533 | 0.0297348 | 0.017110049999999998 | 0.006961544775506923 | -0.09063213105820633 | -0.27886483522764294
2000: Q4 | 0.057699999999999994 | 0.053200000000000004 | 0.051100000000000007 | 0.0499 | 0.0512 | 0.0802 | 0.0802 | -0.0225 | -0.00449999999999999 | -0.0020999999999999977 | -0.0012000000000000066 | 9.999999999999593e-05 | 0.0013000000000000025 | 0.02899999999999999 | 0.0297348 | 0.0230971 | 0.010060075 | -0.09063213105820633 | -0.10600670208050011 | -0.12787363395936224
2001: Q1 | 0.044199999999999996 | 0.0409 | 0.0418 | 0.0462 | 0.0493 | 0.0784 | 0.0784 | -0.0342 | -0.0032999999999999974 | 0.000899999999999998 | 0.004400000000000001 | 0.0075 | 0.0030999999999999986 | 0.0291 | 0.0230971 | 0.0105724 | 0.007581499999999999 | -0.10600670208050011 | 0.04788337479445137 | -0.013559960544336835
2001: Q2 | 0.0349 | 0.037200000000000004 | 0.0425 | 0.049699999999999994 | 0.0542 | 0.0797 | 0.0797 | -0.04479999999999999 | 0.0023000000000000034 | 0.005299999999999999 | 0.007199999999999991 | 0.011699999999999995 | 0.004500000000000004 | 0.025499999999999995 | 0.0105724 | 0.005035899999999999 | 0.008287425 | 0.04788337479445137 | -0.1534943610691768 | -0.1694007253884604
2001: Q3 | 0.0264 | 0.024900000000000002 | 0.0286 | 0.0393 | 0.046 | 0.0803 | 0.0803 | -0.053899999999999997 | -0.0014999999999999979 | 0.0036999999999999984 | 0.010700000000000001 | 0.0174 | 0.006699999999999998 | 0.0343 | 0.005035899999999999 | 0.0015348999999999998 | 0.012564375000000001 | -0.1534943610691768 | 0.09977121304947145 | -0.15644751521432532
2001: Q4 | 0.0169 | 0.0217 | 0.030699999999999998 | 0.0438 | 0.0507 | 0.0805 | 0.0805 | -0.0636 | 0.004800000000000002 | 0.008999999999999998 | 0.0131 | 0.020000000000000004 | 0.006900000000000003 | 0.0298 | 0.0015348999999999998 | 0.0131828 | 0.017417000000000002 | 0.09977121304947145 | 0.011173172158996492 | -0.2016968593256434
2002: Q1 | 0.0179 | 0.027000000000000003 | 0.037200000000000004 | 0.049100000000000005 | 0.0542 | 0.08109999999999999 | 0.08109999999999999 | -0.06319999999999999 | 0.009100000000000004 | 0.0102 | 0.0119 | 0.016999999999999994 | 0.005099999999999993 | 0.026899999999999993 | 0.0131828 | 0.0133961 | 0.018548625 | 0.011173172158996492 | -0.11766439300045939 | -0.25309660121478605
2002: Q2 | 0.017 | 0.0206 | 0.028999999999999998 |
