Source: http://www.stern.nyu.edu/~adamodar/pc/blog/IndustryBreakdownMar27.xlsx

Sheet: Raw Data
Industry | count | sum(Market Capitalization [My Setting] [02/14/2020] ($USDmm, Historical rate)) | sum(Market Capitalization [My Setting] [02/21/2020] ($USDmm, Historical rate)) | sum(Market Capitalization [My Setting] [02/28/2020] ($USDmm, Historical rate)) | sum(Market Capitalization [My Setting] [03/06/2020] ($USDmm, Historical rate)) | sum(Market Capitalization [My Setting] [03/13/2020] ($USDmm, Historical rate)) | sum(Market Capitalization [My Setting] [03/20/2020] ($USDmm, Historical rate)) | sum(Market Capitalization [My Setting] [03/27/2020] ($USDmm, Historical rate)) | q1(% Market Cap Change (3/20-3/27)) | median(% Market Cap Change (3/20-3/27)) | q3(% Market Cap Change (3/20-3/27)) | q1(% Market Cap Change (2/14-3/27)) | median(% Market Cap Change (2/14-3/27)) | q3(% Market Cap Change (2/14-3/27))
Advertising | 254 | 176692.4200000002 | 180493.1400000001 | 159781.2499999998 | 158258.65 | 130835.01 | 114609.27 | 120255.6199999999 | -0.01115241635687725 | 0.06504065040650397 | 0.1769911504424779 | -0.425755033557047 | -0.316807738814994 | -0.1592356687898089
Aerospace/Defense | 214 | 1280582.519999999 | 1267994.21 | 1106847.109999999 | 1087633.42 | 880076.8699999999 | 708411.0600000005 | 844061.7500000002 | -0.01734104046242779 | 0.06137788396516686 | 0.1995752212389381 | -0.4259259259259259 | -0.307388263910003 | -0.1584894979841854
Air Transport | 152 | 559009.9800000004 | 549364.7999999998 | 465424.6099999996 | 457135.52 | 382618.6599999998 | 316419.7700000001 | 341572.3999999998 | -0.01220298073768566 | 0.060012634238787 | 0.1836612999403697 | -0.5481798715203425 | -0.396667609248907 | -0.2541528239202658
Apparel | 849 | 1067306.770000004 | 1053432.770000001 | 962148.1800000004 | 964330.5300000018 | 800996.689999999 | 757352.3999999996 | 833136.0300000006 | -0.03355463843531303 | 0.01954831386776135 | 0.1136801541425818 | -0.384 | -0.2335766423357665 | -0.0927152317880795
Auto & Truck | 129 | 1200060.890000001 | 1221306.529999999 | 1095480.689999999 | 1098842.44 | 924785.6299999993 | 808752.5400000003 | 909505.6600000001 | -0.01123595505617969 | 0.03703365032918793 | 0.1141309585766881 | -0.3918322295805738 | -0.2676194295900178 | -0.1149296675191815
Auto Parts | 628 | 530880.8399999992 | 532012.3599999992 | 488451.0400000002 | 478787.6399999996 | 410368.2299999996 | 354688.8400000002 | 385226.0100000003 | -0.02503663898387887 | 0.04487718919696482 | 0.1437216338880485 | -0.4212281592111941 | -0.2978177150192555 | -0.146383904295813
Bank (Money Center) | 628 | 6841402.760000006 | 6742371.759999998 | 6191565.230000003 | 5984917.850000006 | 5233617.719999999 | 4667890.460000001 | 4854941.539999999 | -0.04465709728867628 | 0.01477819666575508 | 0.07125034654837803 | -0.4176037223730128 | -0.2967865971692045 | -0.1608917652497321
Banks (Regional) | 867 | 1017728.22 | 1005475.5 | 898886.4800000004 | 854343.2599999986 | 756727.9199999983 | 665089.9500000005 | 712465.1799999994 | -0.02353732347007398 | 0.03705410275830434 | 0.1189024390243905 | -0.3777686536856621 | -0.2812279345011937 | -0.1637239165329052
Beverage (Alcoholic) | 185 | 1145299.570000001 | 1150649.87 | 1032364.060000001 | 1073818.449999998 | 939550.6499999997 | 873872.3899999998 | 940424.3399999997 | -0.001784569824747506 | 0.03731884057971024 | 0.099434114793856 | -0.3191489361702128 | -0.2117290748898678 | -0.07607782101167315
Beverage (Soft) | 73 | 702040.9099999998 | 701079.5700000002 | 631376.6599999997 | 650018.9900000001 | 577550.8699999999 | 481396.0699999999 | 530323.9800000002 | 0.00320170757737448 | 0.04335228849473438 | 0.1096317138119882 | -0.3341836734693878 | -0.2557303763642267 | -0.1554070025114492
Broadcasting | 124 | 164676.01 | 156656.92 | 139937.8499999998 | 133219.5900000001 | 113424.442 | 94206.84000000005 | 100672.19 | -0.02309468822170901 | 0.0216644777476821 | 0.1229314420803784 | -0.4238227146814404 | -0.2953169412478957 | -0.1647254575707154
Brokerage & Investment Banking | 387 | 838165.6599999992 | 866603.5199999985 | 786015.6100000006 | 797030.5000000005 | 740100.0699999996 | 650804.7499999994 | 685773.2599999995 | -0.02967359050445106 | 0.01518386714116238 | 0.1135791366906473 | -0.3480432972522898 | -0.2037430315901247 | -0.08429848995748424
Building Materials | 365 | 405915.7400000002 | 406873.1599999998 | 370917.27 | 378541.0899999997 | 318984.0400000003 | 280249.8100000003 | 306947.7200000003 | -0.017154105736783 | 0.04695056505234774 | 0.1391752577319589 | -0.3753501400560224 | -0.2402730914922996 | -0.1131692463841665
Business & Consumer Services | 724 | 914125.2600000015 | 902148.5400000013 | 815058.1800000021 | 822103.0600000005 | 687537.5600000009 | 594675.1300000006 | 663705.8600000001 | -0.003085059497576093 | 0.06226736518380305 | 0.1623164763458402 | -0.4134804887662593 | -0.288714749359866 | -0.146788990825688
Cable TV | 58 | 568815.8 | 570256.4000000001 | 509313.6799999998 | 507456.1699999999 | 463637.6199999999 | 404637.0999999998 | 440430.8800000002 | -0.01895439628833318 | 0.02972939176195899 | 0.1247790738776953 | -0.3656584487801742 | -0.2444368262605055 | -0.1365853658536585
Chemical (Basic) | 704 | 715439.41 | 721382.8999999997 | 664848.56 | 679202.4199999998 | 573612.4600000002 | 532696.97 | 554866.0099999994 | -0.03840063341250988 | 0.008553051526649869 | 0.09776207302709072 | -0.3528301886792453 | -0.2111801242236025 | -0.07854077253218894
Chemical (Diversified) | 71 | 211957.64 | 206367.26 | 188075.78 | 188128.89 | 149503.7 | 139690.1399999999 | 147350.8599999999 | -0.01324503311258274 | 0.0766129032258065 | 0.1749191519942508 | -0.344632768361582 | -0.2564004585403133 | -0.1538461538461539
Chemical (Specialty) | 699 | 1327748.099999999 | 1321076.140000002 | 1188484.159999999 | 1215338.870000002 | 1067961.810000001 | 971039.2500000005 | 1034064.769999999 | -0.02231478726569469 | 0.0372340425531914 | 0.1166666666666667 | -0.3542448405253283 | -0.2174396259783159 | -0.0820795720494818
Coal & Related Energy | 171 | 167718.0500000001 | 168352.4599999998 | 159933.6799999998 | 163099.9399999999 | 150021.0300000001 | 139035.18 | 142580.33 | -0.01195814648729465 | 0.0268599392265424 | 0.1500000000000001 | -0.3571428571428571 | -0.2326127819548872 | -0.08683853459972868
Computer Services | 786 | 1113854.93 | 1109881.360000003 | 995804.1300000008 | 1002280.35 | 868068.5100000001 | 783985.639999999 | 853247.6000000001 | -0.002092050209204888 | 0.07648991083998125 | 0.1666666666666667 | -0.3632958801498127 | -0.2475436365738065 | -0.117936117936118
Computers/Peripherals | 303 | 2220681.776999997 | 2143402.405000001 | 1905422.508000001 | 1995000.943000001 | 1846189.925 | 1570556.53 | 1702284.82 | 0.003054989816700493 | 0.06406685236768817 | 0.161764705882353 | -0.3423694779116466 | -0.22966412153758 | -0.124031007751938
Construction Supplies | 668 | 1045524.4 | 1039319.049999999 | 970364.7799999997 | 977938.4759999997 | 845644.489999999 | 759410.7849999997 | 808664.6200000005 | -0.03295987493486197 | 0.01856776566103102 | 0.1084089035449298 | -0.4053013843193246 | -0.2726976018163758 | -0.1038483088834555
Diversified | 293 | 1725445.579999999 | 1709243.879999999 | 1551207.869999999 | 1540942.87 | 1362972.58 | 1191621.26 | 1287109.72 | -0.03817442495599932 | 0.03202902508485161 | 0.1066666666666667 | -0.3872578794627792 | -0.2800589217576571 | -0.1767700875099444
Drugs (Biotechnology) | 910 | 1414870.029999999 | 1425584.39 | 1327537.800000003 | 1386384.68 | 1233090.55 | 1145720.570000001 | 1225453.319999997 | 0.01131182211529147 | 0.08359133126934992 | 0.1866521975040694 | -0.3517241379310344 | -0.2413437429794743 | -0.1112915129151291
Drugs (Pharmaceutical) | 1063 | 3630719.82 | 3614572.140000002 | 3308348.259999994 | 3454066.769999997 | 3069974.379999996 | 2895935.315999991 | 3093245.689999997 | -0.004086933933673986 | 0.05945394233222756 | 0.1852237523754978 | -0.3288274605103281 | -0.202240175959696 | -0.07420844327176779
Education | 185 | 192458.2400000001 | 195727.3099999999 | 185258.52 | 186464.34 | 168807.69 | 150512.31 | 161681.6200000002 | -0.01276595744680853 | 0.05928853754940722 | 0.1533563279384451 | -0.346932321315623 | -0.1991991991991992 | -0.09047210300429187
Electrical Equipment | 767 | 899875.23 | 929075.5399999998 | 841494.5800000007 | 868191.9499999984 | 755790.5900000002 | 682047.2599999988 | 724770.4499999998 | -0.04036281179138324 | 0.01660735468564667 | 0.1208848728615113 | -0.3358813991197591 | -0.2050632911392405 | -0.0506588579795022
Electronics (Consumer & Office) | 123 | 216535.66 | 218053.7999999999 | 199848.1999999999 | 205216.5999999999 | 173689.3099999999 | 161083.9099999998 | 177128.45 | -0.01687763713080159 | 0.05882352941176483 | 0.1376518218623484 | -0.3579881656804733 | -0.2487690403604742 | -0.143324607329843
Electronics (General) | 1208 | 1468153.83 | 1504344.609999998 | 1382778.160000001 | 1409519.360000002 | 1248128.649999997 | 1106620.460000001 | 1174930.560000001 | -0.01759848382293216 | 0.05761940864291115 | 0.1398891966759004 | -0.3462897526501767 | -0.2412330187260039 | -0.1272893772893774
Engineering/Construction | 1026 | 739351.5499999976 | 733227.3200000013 | 683011.0999999997 | 694402.880000001 | 594379.6899999994 | 543076.3800000004 | 581734.9999999994 | -0.02158001009591115 | 0.03720930232558151 | 0.1308411214953271 | -0.3694670280036134 | -0.2246711041975666 | -0.08450704225352113
Entertainment | 499 | 1114630.920000001 | 1109281.719999997 | 1009894.789999999 | 1019355.729999999 | 906754.3500000006 | 843646.0600000005 | 910757.8500000009 | 0 | 0.07396552472754103 | 0.1741176470588235 | -0.3612689393939393 | -0.2398306704380399 | -0.1102441685990997
Environmental & Waste Services | 249 | 272402.7999999996 | 274074.5999999999 | 252112.11 | 270596.1799999999 | 240500.7100000001 | 218391.5799999998 | 220775.3899999999 | -0.03061808584272785 | 0.02222222222222237 | 0.1054131054131053 | -0.3540372670807453 | -0.1963076923076923 | -0.06531531531531531
Farming/Agriculture | 318 | 314397.9399999997 | 312153.2399999998 | 290988.5599999999 | 301454.0900000001 | 264317.4300000001 | 238203.8100000001 | 254808.6499999999 | -0.01904761904761898 | 0.03871712498562374 | 0.1115879828326178 | -0.3612198640016485 | -0.236548218990225 | -0.09563473700447322
Financial Svcs. (Non-bank & Insurance) | 828 | 1656124.184000002 | 1641615.130000001 | 1469007.548999997 | 1459089.808999998 | 1263123.651999999 | 1050468.050999998 | 1154197.980000001 | -0.0411819021237303 | 0.02566160431328979 | 0.09956709956709942 | -0.4401074306177261 | -0.2787546077071762 | -0.1602434077079107
Food Processing | 1057 | 1794078.249999997 | 1798473.229999994 | 1673073.560000003 | 1741124.840000001 | 1565215.779999998 | 1508894.209999999 | 1586790.34 | -0.01624255549539799 | 0.04201676079862426 | 0.1130744714956533 | -0.3172123760889155 | -0.1814488828706837 | -0.0501802333869622
Food Wholesalers | 120 | 93311.76999999997 | 91111.1 | 80189.10999999991 | 79988.60999999999 | 60391.99 | 50261.75000000001 | 61765.19999999998 | -0.01351351351351349 | 0.05528454412899908 | 0.1457165732586068 | -0.3394736842105263 | -0.1791986334212419 | -0.05787781350482313
Furn/Home Furnishings | 290 | 323879.5700000001 | 328045.1699999996 | 306800.4600000001 | 317217.1500000004 | 281667.0000000001 | 249222.95 | 262446.6799999997 | -0.01398601398601407 | 0.02597402597402598 | 0.09908883826879267 | -0.3879197557784562 | -0.2385964912280703 | -0.09728867623604465
Green & Renewable Energy | 180 | 229494.2500000001 | 231695.2500000001 | 214739.6500000001 | 223131.35 | 196307.8800000001 | 181415.1200000001 | 189401.7100000001 | -0.03091387739751783 | 0.0242062598513848 | 0.09340211783871832 | -0.3318589694705 | -0.2113979490101126 | -0.1008902077151336
Healthcare Products | 632 | 1831540.045 | 1815697.059999997 | 1651213.037999999 | 1689139.039999997 | 1508690.5 | 1351981.819999998 | 1515570.939999997 | 0.01947463768115942 | 0.08964369255237781 | 0.1785714285714286 | -0.3568965517241379 | -0.2257495590828925 | -0.04595773230459588
Healthcare Support Services | 322 | 1083040.460000001 | 1081111.999999999 | 944089.3800000002 | 1003843.989999999 | 926496.0199999998 | 764226.2500000001 | 857425.6900000001 | 0 | 0.05912040374909888 | 0.1505728314238952 | -0.3402155817335047 | -0.2019115890083631 | -0.08043742405832321
Heathcare Information and Technology | 317 | 772801.3699999998 | 768746.5799999993 | 702160.4900000002 | 732712.8000000004 | 651451.5100000008 | 607607.6400000006 | 646457.2300000006 | 0.0131233595800524 | 0.08191964285714293 | 0.1772727272727272 | -0.3520823728292607 | -0.2171940708056063 | -0.0728101130120159
Homebuilding | 148 | 247354.6000000001 | 246771.0199999999 | 215598.5100000001 | 215854.18 | 162544.8999999999 | 127623.34 | 150683.5500000002 | 0.04907975460122693 | 0.1377470355731225 | 0.2405573275138491 | -0.4663120567375887 | -0.3375394321766562 | -0.2108888028723589
Hospitals/Healthcare Facilities | 187 | 249064.6499999998 | 248796.18 | 225270.86 | 229038.7299999999 | 192277.9899999999 | 163058.45 | 178304.9899999998 | -0.03869047619047616 | 0.02100336566862537 | 0.1124848512220642 | -0.4115959844294202 | -0.293340155716726 | -0.1488833746898263
Hotel/Gaming | 538 | 717025.7300000001 | 705647.7499999998 | 614310.7499999998 | 590214.6399999994 | 478925.9300000004 | 397218.2099999991 | 430694.0400000003 | -0.04417910447761197 | 0.03314166896522464 | 0.1413612565445026 | -0.4902234636871508 | -0.3287677375637755 | -0.1686232657417288
Household Products | 424 | 1463387.350000001 | 1449046.170000001 | 1318235.769999999 | 1392990.110000002 | 1250657.79 | 1196683.270000003 | 1269124.519999999 | -0.01604729729729737 | 0.05785489794253618 | 0.1467780429594272 | -0.3382248183501924 | -0.2105263157894737 | -0.08415435139573069
Information Services | 178 | 1686545.589999999 | 1671410.71 | 1473339.399999999 | 1466039.730000001 | 1359150.419999999 | 1091004.12 | 1235728.050000001 | -0.005063291139240533 | 0.0745674717687208 | 0.1614906832298135 | -0.4220532319391636 | -0.2833870596361962 | -0.1493506493506493
Insurance (General) | 192 | 832449.1999999994 | 822600.6400000004 | 729401.84 | 725482.9199999995 | 591996.2900000005 | 507308.0899999999 | 569281.6199999996 | -0.0149253731343284 | 0.03932469112684633 | 0.1245280519308472 | -0.3496732026143792 | -0.250432879062816 | -0.140495867768595
Insurance (Life) | 130 | 1208319.21 | 1187118.950000001 | 1074424.860000001 | 1059471.550000001 | 907911.8199999996 | 790526.08 | 881530.1800000006 | -0.01694915254237295 | 0.04505476717207135 | 0.1802814857806152 | -0.3808580858085808 | -0.2801630982052032 | -0.1718120805369127
Insurance (Prop/Cas.) | 204 | 655725.6799999998 | 648491.1100000002 | 582137.2999999998 | 591476.81 | 510899.4199999999 | 433971.7799999996 | 484126.7599999998 | -0.01470588235294112 | 0.03568188939202799 | 0.1199124726477023 | -0.3145465495926711 | -0.2365079365079366 | -0.1385305664610207
Investments & Asset Management | 787 | 880242.2400000007 | 878564.6699999982 | 766675.2700000007 | 758571.820000001 | 655448.8200000001 | 554166.8299999993 | 613683.4999999994 | 0 | 0.03819997619440019 | 0.1170626707508899 | -0.3938172043010753 | -0.2595870206489674 | -0.07712836936215628
Machinery | 1167 | 1221161.299999997 | 1213326.605999995 | 1107313.750000002 | 1101329.540000003 | 954149.5100000001 | 846732.2200000013 | 935106.2800000005 | -0.01147028154327434 | 0.05160281469898353 | 0.1438082556591211 | -0.3524370648098553 | -0.219356065551437 | -0.08998302207130726
Metals & Mining | 810 | 845454.1699999985 | 839290.1699999999 | 734494.7800000001 | 736821.299999999 | 610582.1500000007 | 548641.1999999991 | 596990.800000001 | -0.01976284584980237 | 0.05289255278631344 | 0.162324649298597 | -0.4420310296191819 | -0.3373702422145329 | -0.1923562855337967
Office Equipment & Services | 111 | 46220.7 | 45134.34999999999 | 41315.86000000006 | 41369.51999999997 | 35212.47999999997 | 31629.15999999999 | 35357.19 | 0.007847533632286963 | 0.0725593667546176 | 0.1672240802675586 | -0.3922651933701657 | -0.2588376134294627 | -0.120253164556962
Oil/Gas (Integrated) | 49 | 3679286.400000001 | 3687185 | 3430778.000000002 | 3357596.9 | 2749752.200000001 | 2620761.7 | 2775703 | -0.005175479236705915 | 0.04208749178270477 | 0.1570291877931598 | -0.4864184795623262 | -0.3627380877710176 | -0.2190289182434846
Oil/Gas (Production and Exploration) | 441 | 692337.0359999993 | 691662.0199999989 | 586845.999999999 | 538779.2800000003 | 375184.5600000005 | 318466.5200000001 | 342644.5800000002 | -0.04719638132627801 | 0.03808321012140403 | 0.1278688524590164 | -0.6563118492384477 | -0.5 | -0.3279352226720648
Oil/Gas Distribution | 189 | 653558.4399999992 | 649793.6300000002 | 580325.8899999991 | 554848.2500000003 | 425359.4200000003 | 361358.6399999998 | 375362.0700000001 | -0.04444444444444451 | 0.02396423770583622 | 0.1363140676117776 | -0.4929056138186304 | -0.3264405458177903 | -0.1510297482837528
Oilfield Svcs/Equip. | 414 | 743251.5899999994 | 732670.1899999995 | 638919.29 | 599526.7700000004 | 474953.0900000001 | 419308.3799999999 | 447056.1600000003 | -0.05406072574672927 | 0.01652892561983488 | 0.09999999999999987 | -0.5353982300884956 | -0.3964104477093181 | -0.1956521739130436
Packaging & Container | 334 | 280872.4799999999 | 280326.22 | 251563.5699999999 | 255761.5800000001 | 221373.6299999999 | 201584.8700000001 | 216130.85 | -0.02453987730061347 | 0.02931596091205213 | 0.1147540983606559 | -0.3231707317073171 | -0.2269230769230769 | -0.1138032305433186
Paper/Forest Products | 235 | 171695.11 | 173933.77 | 158175.9 | 161402.57 | 136125.2400000002 | 123032.32 | 132653.3900000001 | -0.02732240437158473 | 0.02453271028037385 | 0.1046995835812017 | -0.3958333333333334 | -0.2533944609189757 | -0.1028858218318695
Power | 518 | 2209902.599999998 | 2221785.830000003 | 2015320.370000002 | 2101726.599999998 | 1768508.990000002 | 1598760.660000002 | 1744662.040000001 | -0.0135931870291518 | 0.02463151088328308 | 0.08708651701390546 | -0.3341446670411283 | -0.2141503307211795 | -0.09548136371665783
Precious Metals | 481 | 419170.7399999999 | 449949.7300000002 | 386092.6600000004 | 420242.09 | 315035.86 | 298251.5100000003 | 347841.9199999995 | 0.03773584905660377 | 0.1396468699839486 | 0.2519685039370079 | -0.3539682539682539 | -0.263399360491674 | -0.1220935936426959
Publishing & Newspapers | 285 | 147977.3199999999 | 148178.3199999999 | 136311.5600000003 | 137348.3700000001 | 119884.21 | 109170.43 | 116234.8500000001 | -0.0131078647188313 | 0.04480043442845516 | 0.1386430678466075 | -0.3361702127659575 | -0.2084831056793673 | -0.1090139928408721
R.E.I.T. | 775 | 2212725.120000001 | 2208000.349999996 | 1967865.809999998 | 2039462.810000001 | 1739664.720000002 | 1330240.020000002 | 1526609.56 | -0.001757057514349292 | 0.07647253834869039 | 0.2050967147681917 | -0.4492029959669676 | -0.3300136640739962 | -0.2132990395337963
Real Estate (Development) | 725 | 810148.5799999994 | 792937.4799999999 | 768311.6099999996 | 794911.6699999991 | 720765.9600000001 | 644146.2799999997 | 671791.9299999995 | -0.0267379679144385 | 0.01666666666666661 | 0.08363636363636373 | -0.3610289769367239 | -0.2110266159695817 | -0.09573241061130333
Real Estate (General/Diversified) | 343 | 497597.7500000002 | 493764.5800000007 | 467555.9199999999 | 472630.6799999994 | 411122.5500000006 | 367426.3600000003 | 396184.2700000001 | -0.02740303541315348 | 0.03565533567887835 | 0.1100917431192663 | -0.3390410958904109 | -0.2177584065229682 | -0.1122554067971163
Real Estate (Operations & Services) | 592 | 617551.3400000003 | 621505.210000001 | 568770.4599999997 | 580285.3799999999 | 479687.6299999998 | 410230.59 | 441369.4199999998 | -0.01558441558441559 | 0.03295013614195652 | 0.1106719367588933 | -0.3749849331029773 | -0.2401332839689004 | -0.1175496688741722
Recreation | 272 | 261140.0699999998 | 253013.01 | 230151.1200000002 | 230886.3200000001 | 198150.7200000002 | 183917.19 | 203675.8200000001 | -0.02068126520681268 | 0.06927044952100225 | 0.1648156102350125 | -0.3913043478260869 | -0.2520988120195667 | -0.125
Reinsurance | 34 | 180564.52 | 174148.3 | 151597.36 | 149570.2500000001 | 114564.56 | 98213.87000000001 | 114858.3 | 0 | 0.07479404608143336 | 0.1991525423728813 | -0.3604938271604938 | -0.2852233676975945 | -0.1578947368421053
Restaurant/Dining | 322 | 676747.1699999997 | 674818.0599999992 | 595710.9999999992 | 586917.5800000003 | 504634.8600000003 | 424820.0100000004 | 475036.0599999998 | -0.0060606060606061 | 0.06991958566171452 | 0.1596958174904943 | -0.4398715117446296 | -0.2927380852667728 | -0.1428571428571429
Retail (Automotive) | 168 | 194547.3399999999 | 196403.2700000001 | 182514.02 | 179743.2400000001 | 159128.5400000001 | 123250.08 | 141192.2600000002 | -0.03401191658391256 | 0.04707214493691336 | 0.1695402298850577 | -0.4248062015503876 | -0.2862745098039216 | -0.147084270635058
Retail (Building Supply) | 84 | 453411.0999999998 | 450912.2 | 396926.7 | 406879.64 | 361692.34 | 270238.2200000001 | 329499.59 | -0.03608847497089651 | 0.0879204892966361 | 0.1644820295983085 | -0.4699646643109541 | -0.3568820412795918 | -0.24263431542461
Retail (Distributors) | 729 | 603331.1099999995 | 602007.1900000008 | 552154.5100000001 | 550976.280000001 | 466041.98 | 414134.0699999995 | 460486.7999999996 | -0.01727176594994706 | 0.04111014744145725 | 0.1410459587955626 | -0.3540419676642587 | -0.2081218274111675 | -0.08630952380952384
Retail (General) | 208 | 1059805.210000001 | 1068775.97 | 961882.0400000005 | 1007505.040000001 | 935521.7800000003 | 893502.09 | 893230.3499999993 | -0.02942497753818496 | 0.02652342979436006 | 0.09166666666666656 | -0.3644859813084113 | -0.1666906754634898 | -0.02002464571780649
Retail (Grocery and Food) | 155 | 479895.1199999998 | 477055.84 | 441145.2899999995 | 462112.1399999999 | 405813.4899999999 | 398123.5599999997 | 415280.1499999999 | 0 | 0.05813069653247238 | 0.1335145804625526 | -0.2234871180347513 | -0.1123560551462391 | -0.007025180938224573
Retail (Online) | 248 | 2458186.774999998 | 2409268.330000002 | 2216010.82 | 2226955.940000001 | 2043554.21 | 1992079.03 | 2099012.510000003 | 0.005730659025787954 | 0.1032300450241395 | 0.1933484461534045 | -0.4275312066574202 | -0.2912772585669782 | -0.1039643197045235
Retail (Special Lines) | 421 | 815583.9600000005 | 808236.5699999998 | 733645.48 | 735969.9900000008 | 625124.4400000003 | 549188.8400000002 | 600886.8299999996 | -0.01440922190201732 | 0.06724712848920744 | 0.1459653408657149 | -0.4605288932419197 | -0.2917843884490292 | -0.1190695124754647
Rubber& Tires | 78 | 106481.12 | 107561.34 | 99105.93999999999 | 98674.30999999998 | 85148.48999999998 | 78517.82999999994 | 83156.04999999997 | -0.04141433873803479 | 0.008337463398283673 | 0.08238636363636376 | -0.415704387990762 | -0.244440887649413 | -0.1164299568792779
Semiconductor | 509 | 2074303.160000001 | 2040425.73 | 1855929.770000001 | 1858449.42 | 1691246.810000002 | 1478330.559999998 | 1613339.120000001 | 0.00883501130059594 | 0.07399103139013441 | 0.1481481481481481 | -0.357 | -0.2626262626262627 | -0.1689438267263269
Semiconductor Equip | 290 | 527897.6999999998 | 515066.6699999997 | 462060.3099999999 | 471057.4599999998 | 403445.3499999996 | 346033.0800000001 | 398621.2899999999 | 0.05270457697642184 | 0.1480865224625623 | 0.2249968470172783 | -0.3962627624735119 | -0.3235602094240838 | -0.2293906810035842
Shipbuilding & Marine | 311 | 275546.7 | 277017.4300000003 | 255741.83 | 258326.8999999998 | 233457.11 | 212613.83 | 223770.8100000001 | -0.01004304160688674 | 0.03693379790940776 | 0.1285811131448715 | -0.3702349869451698 | -0.2410413322632424 | -0.1333333333333333
Shoe | 67 | 258814.8 | 254247.7900000001 | 226839.05 | 225557.51 | 191865.18 | 168393.0099999999 | 200870.89 | -0.02699999999999991 | 0.04042356588569906 | 0.1389047975681748 | -0.3594038596267753 | -0.2557883131201765 | -0.1447368421052632
Software (Entertainment) | 230 | 2573837.340000001 | 2513937.419999997 | 2305473.700000004 | 2250907.039999999 | 2082068.880000001 | 1871566.184000002 | 1980998.369999999 | -0.005267158992180665 | 0.09291556588196437 | 0.1881188118811881 | -0.4214130434782609 | -0.2989303210339795 | -0.1793193717277487
Software (Internet) | 103 | 226095.2100000001 | 221726.85 | 201800.6900000001 | 203905.3399999999 | 176346.1600000001 | 165613.17 | 183529.13 | -0.006843672771053799 | 0.08568216223303093 | 0.1634215008990252 | -0.3535791757049892 | -0.2294305332792996 | -0.1626794258373205
Software (System & Application) | 1027 | 3764325.860000002 | 3690755.069999999 | 3358261.489999997 | 3320439.440000004 | 3080885.149999999 | 2791863.140000001 | 3035843.62 | 0 | 0.07524623662262542 | 0.1714285714285713 | -0.3875000000000001 | -0.2868421052631579 | -0.1501164224078894
Steel | 583 | 540456.1999999994 | 532104.0899999995 | 480253.2999999991 | 477767.6199999998 | 418974.8900000006 | 377730.5100000001 | 393095.83 | -0.03174603174603174 | 0.02488577701299488 | 0.1151795236402418 | -0.4206121472979435 | -0.3004065040650407 | -0.1339712918660286
Telecom (Wireless) | 98 | 1084937.590000001 | 1089743.29 | 1009041.15 | 1022361.92 | 897835.5999999997 | 856771.1999999996 | 928767.0399999999 | -0.00812292696134842 | 0.03767388512553049 | 0.07552777208444361 | -0.3666139597921844 | -0.2023614523614524 | -0.09784240150093804
Telecom. Equipment | 391 | 554013.1099999989 | 563231.3500000004 | 512928.7799999993 | 521567.1200000004 | 485848.9199999998 | 452440.6900000002 | 472016.9500000002 | -0.03425661600185159 | 0.038284545570753 | 0.12647838169715 | -0.3430962343096234 | -0.2275298554368321 | -0.07575194949870034
Telecom. Services | 251 | 1592062.280000001 | 1595283.98 | 1478238.35 | 1524022.859999998 | 1350721.040000002 | 1267820.170000002 | 1317267.25 | -0.01376090428799603 | 0.04347826086956541 | 0.1033360455655004 | -0.3439667128987517 | -0.2168912250180776 | -0.1047361299052774
Tobacco | 42 | 486135.38 | 485711.8800000001 | 441941.5700000002 | 455786.3000000001 | 406516.872 | 350595.6719999998 | 374483.34 | -0.05332600329851578 | 0.04019093216428249 | 0.09151599626989859 | -0.3262931315634988 | -0.2177213048843458 | -0.1279304347826088
Transportation | 233 | 547416.9300000007 | 546350.5399999995 | 497348.0999999999 | 497482.5400000003 | 444003.6100000001 | 414898.9000000003 | 443526.5700000002 | -0.01854714064914997 | 0.01315864356145413 | 0.0841889117043122 | -0.3317535545023698 | -0.1934688294462252 | -0.0656631762652704
Transportation (Railroads) | 50 | 684011.2800000001 | 672827.6600000004 | 609079.59 | 601802.7100000001 | 537524.9899999998 | 505915.9599999998 | 552766.49 | 0.003044855700316873 | 0.05705161806068593 | 0.1241905433174315 | -0.2777692639908608 | -0.1093926044165106 | 0.000686341798215695
Trucking | 178 | 238216.7600000001 | 240067.36 | 208432.5000000001 | 200181.8399999999 | 163277.64 | 148669.4399999999 | 171708.0099999999 | -0.01388394446422203 | 0.04977375565610842 | 0.1411855719949715 | -0.3789868667917448 | -0.2038665088262943 | -0.1003526771401089
Utility (General) | 54 | 624354.7000000001 | 629442.7000000003 | 570033.7599999998 | 603574.6 | 501369.78 | 441885.45 | 492942.6299999999 | 0.03495440729483268 | 0.103069548397948 | 0.1750592769154733 | -0.2738549618320609 | -0.2126945179828243 | -0.1415313664393721
Utility (Water) | 89 | 144292.71 | 144989.6900000001 | 131454.1400000001 | 140531.7 | 125877.28 | 113037.23 | 122328.7699999999 | -0.007104795737122527 | 0.01724309777733479 | 0.07672531533702909 | -0.2455516014234875 | -0.1399267012715976 | -0.03931768691023474
Missing | 19 | 1072.73 | 4475.08 | 4449.769999999999 | 4361.409999999999 | 4196.18 | 26494.86 | 24982.72 | -0.105781057810578 | 0.01972386587771191 | 0.119298245614035 | -0.284 | -0.1931818181818181 | -0.001930501930501927

Sheet: Sheet1
3/20-3/27 | 2/14 - 3/27 | 3/20-3/27 | 2/14-3/27
Industry | count | Market Cap (2/14/20) | Market Cap (3/20/20) | Market Cap (3/27/20) | $ Change | % Change | $ Change | % Change | First Quartile | Median | Third Quartile | First Quartile | Median | Third Quartile
Advertising | 254 | 176692.4200000002 | 114609.27 | 120255.6199999999 | 5646.349999999889 | 0.04926608467185847 | -56436.800000000294 | -0.3194070237987585 | -0.01115241635687725 | 0.06504065040650397 | 0.1769911504424779 | -0.425755033557047 | -0.316807738814994 | -0.1592356687898089
Aerospace/Defense | 214 | 1280582.519999999 | 708411.0600000005 | 844061.7500000002 | 135650.6899999997 | 0.19148584439096647 | -436520.76999999885 | -0.34087672069738945 | -0.01734104046242779 | 0.06137788396516686 | 0.1995752212389381 | -0.4259259259259259 | -0.307388263910003 | -0.1584894979841854
Air Transport | 152 | 559009.9800000004 | 316419.7700000001 | 341572.3999999998 | 25152.629999999714 | 0.0794913351969117 | -217437.58000000066 | -0.38896904845956504 | -0.01220298073768566 | 0.060012634238787 | 0.1836612999403697 | -0.5481798715203425 | -0.396667609248907 | -0.2541528239202658
Apparel | 849 | 1067306.770000004 | 757352.3999999996 | 833136.0300000006 | 75783.63000000105 | 0.10006389363789049 | -234170.74000000337 | -0.21940340545202622 | -0.03355463843531303 | 0.01954831386776135 | 0.1136801541425818 | -0.384 | -0.2335766423357665 | -0.0927152317880795
Auto & Truck | 129 | 1200060.890000001 | 808752.5400000003 | 909505.6600000001 | 100753.11999999988 | 0.12457842790824478 | -290555.2300000009 | -0.242117072909526 | -0.01123595505617969 | 0.03703365032918793 | 0.1141309585766881 | -0.3918322295805738 | -0.2676194295900178 | -0.1149296675191815
Auto Parts | 628 | 530880.8399999992 | 354688.8400000002 | 385226.0100000003 | 30537.1700000001 | 0.08609566063595371 | -145654.82999999885 | -0.2743644505987428 | -0.02503663898387887 | 0.04487718919696482 | 0.1437216338880485 | -0.4212281592111941 | -0.2978177150192555 | -0.146383904295813
Bank (Money Center) | 628 | 6841402.760000006 | 4667890.460000001 | 4854941.539999999 | 187051.0799999982 | 0.0400718657823856 | -1986461.2200000072 | -0.290358759699744 | -0.04465709728867628 | 0.01477819666575508 | 0.07125034654837803 | -0.4176037223730128 | -0.2967865971692045 | -0.1608917652497321
Banks (Regional) | 867 | 1017728.22 | 665089.9500000005 | 712465.1799999994 | 47375.22999999882 | 0.07123131239616352 | -305263.0400000006 | -0.2999455394879397 | -0.02353732347007398 | 0.03705410275830434 | 0.1189024390243905 | -0.3777686536856621 | -0.2812279345011937 | -0.1637239165329052
Beverage (Alcoholic) | 185 | 1145299.570000001 | 873872.3899999998 | 940424.3399999997 | 66551.94999999995 | 0.07615751540107586 | -204875.23000000126 | -0.17888353000953375 | -0.001784569824747506 | 0.03731884057971024 | 0.099434114793856 | -0.3191489361702128 | -0.2117290748898678 | -0.07607782101167315
Beverage (Soft) | 73 | 702040.9099999998 | 481396.0699999999 | 530323.9800000002 | 48927.91000000032 | 0.10163753517971248 | -171716.9299999996 | -0.2445967571889787 | 0.00320170757737448 | 0.04335228849473438 | 0.1096317138119882 | -0.3341836734693878 | -0.2557303763642267 | -0.1554070025114492
Broadcasting | 124 | 164676.01 | 94206.84000000005 | 100672.19 | 6465.349999999948 | 0.06862930547293535 | -64003.82000000001 | -0.3886651127872239 | -0.02309468822170901 | 0.0216644777476821 | 0.1229314420803784 | -0.4238227146814404 | -0.2953169412478957 | -0.1647254575707154
Brokerage & Investment Banking | 387 | 838165.6599999992 | 650804.7499999994 | 685773.2599999995 | 34968.510000000126 | 0.053731184352911 | -152392.39999999967 | -0.18181656356572734 | -0.02967359050445106 | 0.01518386714116238 | 0.1135791366906473 | -0.3480432972522898 | -0.2037430315901247 | -0.08429848995748424
Building Materials | 365 | 405915.7400000002 | 280249.8100000003 | 306947.7200000003 | 26697.910000000033 | 0.09526468546044689 | -98968.0199999999 | -0.243814196512803 | -0.017154105736783 | 0.04695056505234774 | 0.1391752577319589 | -0.3753501400560224 | -0.2402730914922996 | -0.1131692463841665
Business & Consumer Services | 724 | 914125.2600000015 | 594675.1300000006 | 663705.8600000001 | 69030.72999999952 | 0.11608141406552423 | -250419.40000000142 | -0.27394429511771834 | -0.003085059497576093 | 0.06226736518380305 | 0.1623164763458402 | -0.4134804887662593 | -0.288714749359866 | -0.146788990825688
Cable TV | 58 | 568815.8 | 404637.0999999998 | 440430.8800000002 | 35793.78000000038 | 0.08845896730675559 | -128384.91999999987 | -0.22570561506906078 | -0.01895439628833318 | 0.02972939176195899 | 0.1247790738776953 | -0.3656584487801742 | -0.2444368262605055 | -0.1365853658536585
Chemical (Basic) | 704 | 715439.41 | 532696.97 | 554866.0099999994 | 22169.039999999455 | 0.04161660615415075 | -160573.4000000006 | -0.2244402499437382 | -0.03840063341250988 | 0.008553051526649869 | 0.09776207302709072 | -0.3528301886792453 | -0.2111801242236025 | -0.07854077253218894
Chemical (Diversified) | 71 | 211957.64 | 139690.1399999999 | 147350.8599999999 | 7660.720000000001 | 0.05484080694600211 | -64606.780000000115 | -0.3048098667262011 | -0.01324503311258274 | 0.0766129032258065 | 0.1749191519942508 | -0.344632768361582 | -0.2564004585403133 | -0.1538461538461539
Chemical (Specialty) | 699 | 1327748.099999999 | 971039.2500000005 | 1034064.769999999 | 63025.519999998505 | 0.06490522396494114 | -293683.32999999996 | -0.22118904180695134 | -0.02231478726569469 | 0.0372340425531914 | 0.1166666666666667 | -0.3542448405253283 | -0.2174396259783159 | -0.0820795720494818
Coal & Related Energy | 171 | 167718.0500000001 | 139035.18 | 142580.33 | 3545.149999999994 | 0.025498222823892445 | -25137.720000000118 | -0.14988082678042167 | -0.01195814648729465 | 0.0268599392265424 | 0.1500000000000001 | -0.3571428571428571 | -0.2326127819548872 | -0.08683853459972868
Computer Services | 786 | 1113854.93 | 783985.639999999 | 853247.6000000001 | 69261.96000000113 | 0.08834595490805319 | -260607.32999999984 | -0.23396882572490824 | -0.002092050209204888 | 0.07648991083998125 | 0.1666666666666667 | -0.3632958801498127 | -0.2475436365738065 | -0.117936117936118
Computers/Peripherals | 303 | 2220681.776999997 | 1570556.53 | 1702284.82 | 131728.29000000004 | 0.08387363809184253 | -518396.9569999969 | -0.2334404516527888 | 0.003054989816700493 | 0.06406685236768817 | 0.161764705882353 | -0.3423694779116466 | -0.22966412153758 | -0.124031007751938
Construction Supplies | 668 | 1045524.4 | 759410.7849999997 | 808664.6200000005 | 49253.83500000078 | 0.06485796089925269 | -236859.77999999956 | -0.2265463914567652 | -0.03295987493486197 | 0.01856776566103102 | 0.1084089035449298 | -0.4053013843193246 | -0.2726976018163758 | -0.1038483088834555
Diversified | 293 | 1725445.579999999 | 1191621.26 | 1287109.72 | 95488.45999999996 | 0.0801332295800093 | -438335.85999999894 | -0.25404212400602005 | -0.03817442495599932 | 0.03202902508485161 | 0.1066666666666667 | -0.3872578794627792 | -0.2800589217576571 | -0.1767700875099444
Drugs (Biotechnology) | 910 | 1414870.029999999 | 1145720.570000001 | 1225453.319999997 | 79732.74999999604 | 0.06959179409687649 | -189416.71000000206 | -0.1338756959888409 | 0.01131182211529147 | 0.08359133126934992 | 0.1866521975040694 | -0.3517241379310344 | -0.2413437429794743 | -0.1112915129151291
Drugs (Pharmaceutical) | 1063 | 3630719.82 | 2895935.315999991 | 3093245.689999997 | 197310.37400000636 | 0.06813355702728237 | -537474.1300000027 | -0.14803514362063958 | -0.004086933933673986 | 0.05945394233222756 | 0.1852237523754978 | -0.3288274605103281 | -0.202240175959696 | -0.07420844327176779
Education | 185 | 192458.2400000001 | 150512.31 | 161681.6200000002 | 11169.310000000201 | 0.07420861456448447 | -30776.619999999908 | -0.1599132362428332 | -0.01276595744680853 | 0.05928853754940722 | 0.1533563279384451 | -0.346932321315623 | -0.1991991991991992 | -0.09047210300429187
Electrical Equipment | 767 | 899875.23 | 682047.2599999988 | 724770.4499999998 | 42723.19000000099 | 0.0626396329192805 | -175104.78000000014 | -0.19458784302797194 | -0.04036281179138324 | 0.01660735468564667 | 0.1208848728615113 | -0.3358813991197591 | -0.2050632911392405 | -0.0506588579795022
Electronics (Consumer & Office) | 123 | 216535.66 | 161083.9099999998 | 177128.45 | 16044.540000000212 | 0.09960361652507833 | -39407.20999999999 | -0.1819894700023081 | -0.01687763713080159 | 0.05882352941176483 | 0.1376518218623484 | -0.3579881656804733 | -0.2487690403604742 | -0.143324607329843
Electronics (General) | 1208 | 1468153.83 | 1106620.460000001 | 1174930.560000001 | 68310.1000000001 | 0.061728571329686094 | -293223.2699999991 | -0.19972244325378294 | -0.01759848382293216 | 0.05761940864291115 | 0.1398891966759004 | -0.3462897526501767 | -0.2412330187260039 | -0.1272893772893774
Engineering/Construction | 1026 | 739351.5499999976 | 543076.3800000004 | 581734.9999999994 | 38658.619999999064 | 0.07118449894653683 | -157616.54999999818 | -0.21318214589527634 | -0.02158001009591115 | 0.03720930232558151 | 0.1308411214953271 | -0.3694670280036134 | -0.2246711041975666 | -0.08450704225352113
Entertainment | 499 | 1114630.920000001 | 843646.0600000005 | 910757.8500000009 | 67111.79000000039 | 0.07954969883934543 | -203873.07000000018 | -0.1829063471521138 | 0 | 0.07396552472754103 | 0.1741176470588235 | -0.3612689393939393 | -0.2398306704380399 | -0.1102441685990997
Environmental & Waste Services | 249 | 272402.7999999996 | 218391.5799999998 | 220775.3899999999 | 2383.810000000085 | 0.010915301771250004 | -51627.40999999968 | -0.18952598871964518 | -0.03061808584272785 | 0.02222222222222237 | 0.1054131054131053 | -0.3540372670807453 | -0.1963076923076923 | -0.06531531531531531
Farming/Agriculture | 318 | 314397.9399999997 | 238203.8100000001 | 254808.6499999999 | 16604.839999999793 | 0.06970854076599273 | -59589.289999999804 | -0.1895346070015594 | -0.01904761904761898 | 0.03871712498562374 | 0.1115879828326178 | -0.3612198640016485 | -0.236548218990225 | -0.09563473700447322
Financial Svcs. (Non-bank & Insurance) | 828 | 1656124.184000002 | 1050468.050999998 | 1154197.980000001 | 103729.9290000028 | 0.09874639109800303 | -501926.2040000011 | -0.30307280628419375 | -0.0411819021237303 | 0.02566160431328979 | 0.09956709956709942 | -0.4401074306177261 | -0.2787546077071762 | -0.1602434077079107
Food Processing | 1057 | 1794078.249999997 | 1508894.209999999 | 1586790.34 | 77896.13000000105 | 0.05162464636934428 | -207287.9099999969 | -0.115540060752644 | -0.01624255549539799 | 0.04201676079862426 | 0.1130744714956533 | -0.3172123760889155 | -0.1814488828706837 | -0.0501802333869622
Food Wholesalers | 120 | 93311.76999999997 | 50261.75000000001 | 61765.19999999998 | 11503.449999999975 | 0.22887086104244228 | -31546.569999999992 | -0.33807707216356525 | -0.01351351351351349 | 0.05528454412899908 | 0.1457165732586068 | -0.3394736842105263 | -0.1791986334212419 | -0.05787781350482313
Furn/Home Furnishings | 290 | 323879.5700000001 | 249222.95 | 262446.6799999997 | 13223.72999999969 | 0.053059840596540925 | -61432.89000000042 | -0.18967818809936174 | -0.01398601398601407 | 0.02597402597402598 | 0.09908883826879267 | -0.3879197557784562 | -0.2385964912280703 | -0.09728867623604465
Green & Renewable Energy | 180 | 229494.2500000001 | 181415.1200000001 | 189401.7100000001 | 7986.5899999999965 | 0.04402383880682047 | -40092.53999999998 | -0.17469954040242822 | -0.03091387739751783 | 0.0242062598513848 | 0.09340211783871832 | -0.3318589694705 | -0.2113979490101126 | -0.1008902077151336
Healthcare Products | 632 | 1831540.045 | 1351981.819999998 | 1515570.939999997 | 163589.11999999895 | 0.12099949687193219 | -315969.105000003 | -0.1725155318676109 | 0.01947463768115942 | 0.08964369255237781 | 0.1785714285714286 | -0.3568965517241379 | -0.2257495590828925 | -0.04595773230459588
Healthcare Support Services | 322 | 1083040.460000001 | 764226.2500000001 | 857425.6900000001 | 93199.43999999994 | 0.12195268089783612 | -225614.77000000083 | -0.20831610482954685 | 0 | 0.05912040374909888 | 0.1505728314238952 | -0.3402155817335047 | -0.2019115890083631 | -0.08043742405832321
Heathcare Information and Technology | 317 | 772801.3699999998 | 607607.6400000006 | 646457.2300000006 | 38849.58999999997 | 0.06393861341177332 | -126344.1399999992 | -0.16348850416763525 | 0.0131233595800524 | 0.08191964285714293 | 0.1772727272727272 | -0.3520823728292607 | -0.2171940708056063 | -0.0728101130120159
Homebuilding | 148 | 247354.6000000001 | 127623.34 | 150683.5500000002 | 23060.210000000196 | 0.18068959799986584 | -96671.0499999999 | -0.39081969771332276 | 0.04907975460122693 | 0.1377470355731225 | 0.2405573275138491 | -0.4663120567375887 | -0.3375394321766562 | -0.2108888028723589
Hospitals/Healthcare Facilities | 187 | 249064.6499999998 | 163058.45 | 178304.9899999998 | 15246.539999999775 | 0.0935035258828952 | -70759.66 | -0.28410157764259225 | -0.03869047619047616 | 0.02100336566862537 | 0.1124848512220642 | -0.4115959844294202 | -0.293340155716726 | -0.1488833746898263
Hotel/Gaming | 538 | 717025.7300000001 | 397218.2099999991 | 430694.0400000003 | 33475.83000000124 | 0.0842756680264012 | -286331.68999999977 | -0.3993325176768757 | -0.04417910447761197 | 0.03314166896522464 | 0.1413612565445026 | -0.4902234636871508 | -0.3287677375637755 | -0.1686232657417288
Household Products | 424 | 1463387.350000001 | 1196683.270000003 | 1269124.519999999 | 72441.24999999604 | 0.060535023607370946 | -194262.83000000194 | -0.13274874215634144 | -0.01604729729729737 | 0.05785489794253618 | 0.1467780429594272 | -0.3382248183501924 | -0.2105263157894737 | -0.08415435139573069
Information Services | 178 | 1686545.589999999 | 1091004.12 | 1235728.050000001 | 144723.93000000087 | 0.13265204718017093 | -450817.53999999794 | -0.2673023146679351 | -0.005063291139240533 | 0.0745674717687208 | 0.1614906832298135 | -0.4220532319391636 | -0.2833870596361962 | -0.1493506493506493
Insurance (General) | 192 | 832449.1999999994 | 507308.0899999999 | 569281.6199999996 | 61973.52999999974 | 0.12216152515919813 | -263167.5799999997 | -0.31613650418548056 | -0.0149253731343284 | 0.03932469112684633 | 0.1245280519308472 | -0.3496732026143792 | -0.250432879062816 | -0.140495867768595
Insurance (Life) | 130 | 1208319.21 | 790526.08 | 881530.1800000006 | 91004.10000000068 | 0.11511840317779355 | -326789.02999999933 | -0.2704492548786006 | -0.01694915254237295 | 0.04505476717207135 | 0.1802814857806152 | -0.3808580858085808 | -0.2801630982052032 | -0.1718120805369127
Insurance (Prop/Cas.) | 204 | 655725.6799999998 | 433971.7799999996 | 484126.7599999998 | 50154.980000000156 | 0.1155719848880501 | -171598.92000000004 | -0.2616931519290202 | -0.01470588235294112 | 0.03568188939202799 | 0.1199124726477023 | -0.3145465495926711 | -0.2365079365079366 | -0.1385305664610207
Investments & Asset Management | 787 | 880242.2400000007 | 554166.8299999993 | 613683.4999999994 | 59516.67000000016 | 0.10739847060135345 | -266558.7400000013 | -0.3028242998200144 | 0 | 0.03819997619440019 | 0.1170626707508899 | -0.3938172043010753 | -0.2595870206489674 | -0.07712836936215628
Machinery | 1167 | 1221161.299999997 | 846732.2200000013 | 935106.2800000005 | 88374.05999999924 | 0.10437073009929763 | -286055.0199999965 | -0.2342483503203035 | -0.01147028154327434 | 0.05160281469898353 | 0.1438082556591211 | -0.3524370648098553 | -0.219356065551437 | -0.08998302207130726
Metals & Mining | 810 | 845454.1699999985 | 548641.1999999991 | 596990.800000001 | 48349.60000000184 | 0.088126083130472 | -248463.36999999755 | -0.29388153588502375 | -0.01976284584980237 | 0.05289255278631344 | 0.162324649298597 | -0.4420310296191819 | -0.3373702422145329 | -0.1923562855337967
Office Equipment & Services | 111 | 46220.7 | 31629.15999999999 | 35357.19 | 3728.0300000000134 | 0.1178668671567634 | -10863.509999999995 | -0.23503560093204984 | 0.007847533632286963 | 0.0725593667546176 | 0.1672240802675586 | -0.3922651933701657 | -0.2588376134294627 | -0.120253164556962
Oil/Gas (Integrated) | 49 | 3679286.400000001 | 2620761.7 | 2775703 | 154941.2999999998 | 0.059120712882823265 | -903583.4000000008 | -0.24558658983437676 | -0.005175479236705915 | 0.04208749178270477 | 0.1570291877931598 | -0.4864184795623262 | -0.3627380877710176 | -0.2190289182434846
Oil/Gas (Production and Exploration) | 441 | 692337.0359999993 | 318466.5200000001 | 342644.5800000002 | 24178.060000000114 | 0.07592025686090993 | -349692.4559999991 | -0.5050899169288402 | -0.04719638132627801 | 0.03808321012140403 | 0.1278688524590164 | -0.6563118492384477 | -0.5 | -0.3279352226720648
Oil/Gas Distribution | 189 | 653558.4399999992 | 361358.6399999998 | 375362.0700000001 | 14003.430000000342 | 0.03875216599221303 | -278196.3699999991 | -0.4256641074056047 | -0.04444444444444451 | 0.02396423770583622 | 0.1363140676117776 | -0.4929056138186304 | -0.3264405458177903 | -0.1510297482837528
Oilfield Svcs/Equip. | 414 | 743251.5899999994 | 419308.3799999999 | 447056.1600000003 | 27747.780000000435 | 0.06617511436332478 | -296195.42999999906 | -0.3985130122627781 | -0.05406072574672927 | 0.01652892561983488 | 0.09999999999999987 | -0.5353982300884956 | -0.3964104477093181 | -0.1956521739130436
Packaging & Container | 334 | 280872.4799999999 | 201584.8700000001 | 216130.85 | 14545.979999999894 | 0.07215809400774913 | -64741.62999999992 | -0.23050186333669975 | -0.02453987730061347 | 0.02931596091205213 | 0.1147540983606559 | -0.3231707317073171 | -0.2269230769230769 | -0.1138032305433186
Paper/Forest Products | 235 | 171695.11 | 123032.32 | 132653.3900000001 | 9621.070000000094 | 0.07819953326085449 | -39041.719999999885 | -0.22738981908104364 | -0.02732240437158473 | 0.02453271028037385 | 0.1046995835812017 | -0.3958333333333334 | -0.2533944609189757 | -0.1028858218318695
Power | 518 | 2209902.599999998 | 1598760.660000002 | 1744662.040000001 | 145901.37999999896 | 0.09125905061987126 | -465240.55999999726 | -0.2105253688556218 | -0.0135931870291518 | 0.02463151088328308 | 0.08708651701390546 | -0.3341446670411283 | -0.2141503307211795 | -0.09548136371665783
Precious Metals | 481 | 419170.7399999999 | 298251.5100000003 | 347841.9199999995 | 49590.40999999922 | 0.16627044067605615 | -71328.82000000036 | -0.17016650541972558 | 0.03773584905660377 | 0.1396468699839486 | 0.2519685039370079 | -0.3539682539682539 | -0.263399360491674 | -0.1220935936426959
Publishing & Newspapers | 285 | 147977.3199999999 | 109170.43 | 116234.8500000001 | 7064.4200000001 | 0.06471001350823753 | -31742.469999999797 | -0.21450902070668545 | -0.0131078647188313 | 0.04480043442845516 | 0.1386430678466075 | -0.3361702127659575 | -0.2084831056793673 | -0.1090139928408721
R.E.I.T. | 775 | 2212725.120000001 | 1330240.020000002 | 1526609.56 | 196369.53999999794 | 0.14761963032806488 | -686115.560000001 | -0.3100771775935732 | -0.001757057514349292 | 0.07647253834869039 | 0.2050967147681917 | -0.4492029959669676 | -0.3300136640739962 | -0.2132990395337963
Real Estate (Development) | 725 | 810148.5799999994 | 644146.2799999997 | 671791.9299999995 | 27645.64999999979 | 0.042918279369710564 | -138356.6499999999 | -0.17077935259727298 | -0.0267379679144385 | 0.01666666666666661 | 0.08363636363636373 | -0.3610289769367239 | -0.2110266159695817 | -0.09573241061130333
Real Estate (General/Diversified) | 343 | 497597.7500000002 | 367426.3600000003 | 396184.2700000001 | 28757.9099999998 | 0.07826849984307 | -101413.4800000001 | -0.20380614663149113 | -0.02740303541315348 | 0.03565533567887835 | 0.1100917431192663 | -0.3390410958904109 | -0.2177584065229682 | -0.1122554067971163
Real Estate (Operations & Services) | 592 | 617551.3400000003 | 410230.59 | 441369.4199999998 | 31138.829999999783 | 0.07590567539100335 | -176181.9200000005 | -0.28529113061272027 | -0.01558441558441559 | 0.03295013614195652 | 0.1106719367588933 | -0.3749849331029773 | -0.2401332839689004 | -0.1175496688741722
Recreation | 272 | 261140.0699999998 | 183917.19 | 203675.8200000001 | 19758.630000000092 | 0.10743220902842247 | -57464.24999999971 | -0.22005144595388884 | -0.02068126520681268 | 0.06927044952100225 | 0.1648156102350125 | -0.3913043478260869 | -0.2520988120195667 | -0.125
Reinsurance | 34 | 180564.52 | 98213.87000000001 | 114858.3 | 16644.429999999993 | 0.1694712773256974 | -65706.21999999999 | -0.3638933052850028 | 0 | 0.07479404608143336 | 0.1991525423728813 | -0.3604938271604938 | -0.2852233676975945 | -0.1578947368421053
Restaurant/Dining | 322 | 676747.1699999997 | 424820.0100000004 | 475036.0599999998 | 50216.049999999406 | 0.11820547247762495 | -201711.10999999987 | -0.2980597761494887 | -0.0060606060606061 | 0.06991958566171452 | 0.1596958174904943 | -0.4398715117446296 | -0.2927380852667728 | -0.1428571428571429
Retail (Automotive) | 168 | 194547.3399999999 | 123250.08 | 141192.2600000002 | 17942.18000000021 | 0.14557540246627193 | -53355.079999999696 | -0.27425242617041035 | -0.03401191658391256 | 0.04707214493691336 | 0.1695402298850577 | -0.4248062015503876 | -0.2862745098039216 | -0.147084270635058
Retail (Building Supply) | 84 | 453411.0999999998 | 270238.2200000001 | 329499.59 | 59261.36999999994 | 0.21929307408848356 | -123911.50999999978 | -0.2732873324009929 | -0.03608847497089651 | 0.0879204892966361 | 0.1644820295983085 | -0.4699646643109541 | -0.3568820412795918 | -0.24263431542461
Retail (Distributors) | 729 | 603331.1099999995 | 414134.0699999995 | 460486.7999999996 | 46352.7300000001 | 0.1119268694797319 | -142844.30999999994 | -0.2367593973398787 | -0.01727176594994706 | 0.04111014744145725 | 0.1410459587955626 | -0.3540419676642587 | -0.2081218274111675 | -0.08630952380952384
Retail (General) | 208 | 1059805.210000001 | 893502.09 | 893230.3499999993 | -271.7400000006892 | -0.0003041291151324438 | -166574.86000000162 | -0.1571749774659076 | -0.02942497753818496 | 0.02652342979436006 | 0.09166666666666656 | -0.3644859813084113 | -0.1666906754634898 | -0.02002464571780649
Retail (Grocery and Food) | 155 | 479895.1199999998 | 398123.5599999997 | 415280.1499999999 | 17156.5900000002 | 0.04309363153489387 | -64614.969999999914 | -0.13464394053433995 | 0 | 0.05813069653247238 | 0.1335145804625526 | -0.2234871180347513 | -0.1123560551462391 | -0.007025180938224573
Retail (Online) | 248 | 2458186.774999998 | 1992079.03 | 2099012.510000003 | 106933.48000000301 | 0.05367933620585475 | -359174.264999995 | -0.14611349660360748 | 0.005730659025787954 | 0.1032300450241395 | 0.1933484461534045 | -0.4275312066574202 | -0.2912772585669782 | -0.1039643197045235
Retail (Special Lines) | 421 | 815583.9600000005 | 549188.8400000002 | 600886.8299999996 | 51697.98999999941 | 0.0941351794402803 | -214697.13000000094 | -0.26324344338503275 | -0.01440922190201732 | 0.06724712848920744 | 0.1459653408657149 | -0.4605288932419197 | -0.2917843884490292 | -0.1190695124754647
Rubber& Tires | 78 | 106481.12 | 78517.82999999994 | 83156.04999999997 | 4638.22000000003 | 0.05907218780753408 | -23325.07000000002 | -0.21905357494361463 | -0.04141433873803479 | 0.008337463398283673 | 0.08238636363636376 | -0.415704387990762 | -0.244440887649413 | -0.1164299568792779
Semiconductor | 509 | 2074303.160000001 | 1478330.559999998 | 1613339.120000001 | 135008.56000000308 | 0.0913250146164896 | -460964.04000000004 | -0.22222597395069282 | 0.00883501130059594 | 0.07399103139013441 | 0.1481481481481481 | -0.357 | -0.2626262626262627 | -0.1689438267263269
Semiconductor Equip | 290 | 527897.6999999998 | 346033.0800000001 | 398621.2899999999 | 52588.209999999846 | 0.15197451642484539 | -129276.40999999992 | -0.24488913287555517 | 0.05270457697642184 | 0.1480865224625623 | 0.2249968470172783 | -0.3962627624735119 | -0.3235602094240838 | -0.2293906810035842
Shipbuilding & Marine | 311 | 275546.7 | 212613.83 | 223770.8100000001 | 11156.980000000127 | 0.05247532580547619 | -51775.8899999999 | -0.18790241363805082 | -0.01004304160688674 | 0.03693379790940776 | 0.1285811131448715 | -0.3702349869451698 | -0.2410413322632424 | -0.1333333333333333
Shoe | 67 | 258814.8 | 168393.0099999999 | 200870.89 | 32477.88000000012 | 0.19286952587877693 | -57943.909999999974 | -0.22388174864806795 | -0.02699999999999991 | 0.04042356588569906 | 0.1389047975681748 | -0.3594038596267753 | -0.2557883131201765 | -0.1447368421052632
Software (Entertainment) | 230 | 2573837.340000001 | 1871566.184000002 | 1980998.369999999 | 109432.18599999696 | 0.05847091432594341 | -592838.9700000018 | -0.23033272568809715 | -0.005267158992180665 | 0.09291556588196437 | 0.1881188118811881 | -0.4214130434782609 | -0.2989303210339795 | -0.1793193717277487
Software (Internet) | 103 | 226095.2100000001 | 165613.17 | 183529.13 | 17915.959999999992 | 0.10817956084048141 | -42566.0800000001 | -0.18826617335236817 | -0.006843672771053799 | 0.08568216223303093 | 0.1634215008990252 | -0.3535791757049892 | -0.2294305332792996 | -0.1626794258373205
Software (System & Application) | 1027 | 3764325.860000002 | 2791863.140000001 | 3035843.62 | 243980.47999999905 | 0.08738984246914014 | -728482.2400000021 | -0.19352262983949048 | 0 | 0.07524623662262542 | 0.1714285714285713 | -0.3875000000000001 | -0.2868421052631579 | -0.1501164224078894
Steel | 583 | 540456.1999999994 | 377730.5100000001 | 393095.83 | 15365.31999999989 | 0.04067799553708247 | -147360.36999999936 | -0.27265922751926897 | -0.03174603174603174 | 0.02488577701299488 | 0.1151795236402418 | -0.4206121472979435 | -0.3004065040650407 | -0.1339712918660286
Telecom (Wireless) | 98 | 1084937.590000001 | 856771.1999999996 | 928767.0399999999 | 71995.84000000032 | 0.08403158276095223 | -156170.5500000011 | -0.14394427056398787 | -0.00812292696134842 | 0.03767388512553049 | 0.07552777208444361 | -0.3666139597921844 | -0.2023614523614524 | -0.09784240150093804
Telecom. Equipment | 391 | 554013.1099999989 | 452440.6900000002 | 472016.9500000002 | 19576.26000000001 | 0.04326812427060882 | -81996.15999999875 | -0.14800400661998578 | -0.03425661600185159 | 0.038284545570753 | 0.12647838169715 | -0.3430962343096234 | -0.2275298554368321 | -0.07575194949870034
Telecom. Services | 251 | 1592062.280000001 | 1267820.170000002 | 1317267.25 | 49447.07999999798 | 0.03900165115688126 | -274795.03000000096 | -0.17260319112641798 | -0.01376090428799603 | 0.04347826086956541 | 0.1033360455655004 | -0.3439667128987517 | -0.2168912250180776 | -0.1047361299052774
Tobacco | 42 | 486135.38 | 350595.6719999998 | 374483.34 | 23887.668000000238 | 0.06813452049687668 | -111652.03999999998 | -0.22967273025880153 | -0.05332600329851578 | 0.04019093216428249 | 0.09151599626989859 | -0.3262931315634988 | -0.2177213048843458 | -0.1279304347826088
Transportation | 233 | 547416.9300000007 | 414898.9000000003 | 443526.5700000002 | 28627.669999999867 | 0.06899914653907216 | -103890.36000000057 | -0.18978287719380624 | -0.01854714064914997 | 0.01315864356145413 | 0.0841889117043122 | -0.3317535545023698 | -0.1934688294462252 | -0.0656631762652704
Transportation (Railroads) | 50 | 684011.2800000001 | 505915.9599999998 | 552766.49 | 46850.5300000002 | 0.09260536077968408 | -131244.79000000015 | -0.19187518369580123 | 0.003044855700316873 | 0.05705161806068593 | 0.1241905433174315 | -0.2777692639908608 | -0.1093926044165106 | 0.000686341798215695
Trucking | 178 | 238216.7600000001 | 148669.4399999999 | 171708.0099999999 | 23038.570000000007 | 0.15496506881306626 | -66508.7500000002 | -0.27919425148759547 | -0.01388394446422203 | 0.04977375565610842 | 0.1411855719949715 | -0.3789868667917448 | -0.2038665088262943 | -0.1003526771401089
Utility (General) | 54 | 624354.7000000001 | 441885.45 | 492942.6299999999 | 51057.17999999988 | 0.11554392659907647 | -131412.07000000018 | -0.2104766249056829 | 0.03495440729483268 | 0.103069548397948 | 0.1750592769154733 | -0.2738549618320609 | -0.2126945179828243 | -0.1415313664393721
Utility (Water) | 89 | 144292.71 | 113037.23 | 122328.7699999999 | 9291.539999999906 | 0.08219893569578719 | -21963.94000000009 | -0.15221794642293496 | -0.007104795737122527 | 0.01724309777733479 | 0.07672531533702909 | -0.2455516014234875 | -0.1399267012715976 | -0.03931768691023474
