Source: http://www.stern.nyu.edu/~adamodar/pc/blog/mkttimingCAPE.xlsx

Sheet: Sheet4
Row Labels | Count of Robot blend return
-1 | 42
0 | 65
1 | 28
Grand Total | 135

Sheet: Market timing Worksheet
Market Timing Choices | Market Timing Results
Robot Mix of Equities, T.Bonds and T.bills (cash) | With robot blend | With market timing | Market Timing Payoff | Market Timing Activity
Stocks | T.Bonds | T.Bills | Period | Average Return | Std Deviaton | Value of $100 invested at start of period | Annual Return | Std Deviaton | Value of $100 invested at start of period | % Return | $ Payoff | # Years with Buys (Over weight stocks) | #  Years with Sells (Under weight stocks) | Median Period
% of portfolio | 0.6 | 0.3 | 0.10000000000000003 | 1916-2016 | 0.08886940534066824 | 0.1155982457698935 | 277730.0190386557 | 0.09074221372202305 | 0.11617319472477039 | 332146.79904662987 | 0.0018728083813548124 | 54416.78000797419 | 25 | 39 | 25
Define threshold for market timing and allocation actions | 1917-1966 | 0.0832960535575707 | 0.12664574969812092 | 3846.5396110377924 | 0.0881699452357773 | 0.13296989513971 | 4683.636272230761 | 0.004873891678206593 | 837.0966611929689 | 14 | 14 | 50
What period (in years) do you want to use for the CAPE median ? | 50 | 1967-2016 | 0.09444275712376575 | 0.10438430888801739 | 7220.256311457153 | 0.09331448220826881 | 0.09784354357090234 | 7091.643751585181 | -0.0011282749154969407 | -128.61255987197183 | 11 | 25 | Lifetime
Market is | Threshold over or under median | Stocks | T.Bonds | T.Bills
Over Priced | 0.25 | % of portfolio | 0.4 | 0.3 | 0.30000000000000004
Under Priced | -0.25 | % of portfolio | 0.8 | 0.1 | 0.09999999999999998
Date | Price | Dividends | Earnings | CPI | T.Bond Rate | CAPE | PE | Stock Returns next year | T.Bond Return in next year | T.Bill return  in next year | Robot blend return | Median CAPE for timing action | Timing Action | Returns on Timed portfolio | Value of $100 invested in 1881 with robot portfolio | Value of $100 iinvested in 1881 with timing | Returns in next 5 years | Returns next 10 years | Lifetime Median Cape | 50-year Median CAPE | 25-year CAPE | Stock Return | T.Bond Return | T.Bill Return
1881 | 6.01 | 0.32 | 0.44 | 10.18058017 | 3.626666666666667 | 15.958754206105077 | 13.659090909090908 | 0.024958402662229595 | 0.036060098599834306 | 0.051449999999999996 | 0.030938071177288046 | 15.958754206105077 | 0 | 0.030938071177288046 | 103.0938071177288 | 103.0938071177288 | 0.04125792077462309 | 0.03849589682668175 | 15.958754206105077 | 15.958754206105077 | 15.958754206105077 | 0.0839041095890412 | 0.04553042727454397 | 0.05515
1882 | 5.84 | 0.32 | 0.43 | 9.990330579 | 3.629166666666667 | 15.382128332081965 | 13.581395348837209 | -0.02910958904109584 | 0.03698051526775899 | 0.04765 | -0.0016065988443298073 | 15.670441269093521 | 0 | -0.0016065988443298073 | 102.9281767263559 | 102.9281767263559 | 0.03168962887587612 | 0.04227235523602668 | 15.670441269093521 | 15.670441269093521 | 15.670441269093521 | 0.024958402662229595 | 0.036060098599834306 | 0.051449999999999996
1883 | 5.34 | 0.33 | 0.4 | 9.229089256 | 3.6208333333333336 | 14.896403941887158 | 13.35 | -0.1292134831460675 | 0.04389021881344263 | 0.042649999999999993 | -0.06009602424360771 | 15.382128332081965 | 0 | -0.06009602424360771 | 96.74260252245848 | 96.74260252245848 | 0.04171221464776753 | 0.027987016378489438 | 15.382128332081965 | 15.382128332081965 | 15.382128332081965 | -0.02910958904109584 | 0.03698051526775899 | 0.04765
1884 | 4.34 | 0.31 | 0.31 | 8.277679339 | 3.5283333333333333 | 13.43229274694476 | 14 | 0.2534562211981568 | 0.047483863950919275 | 0.03765 | 0.17008389190416984 | 15.139266136984562 | 0 | 0.17008389190416984 | 113.19696087241638 | 113.19696087241638 | 0.08711314347864252 | 0.04464866872808049 | 15.139266136984562 | 15.139266136984562 | 15.139266136984562 | -0.1292134831460675 | 0.04389021881344263 | 0.042649999999999993
1885 | 5.2 | 0.24 | 0.27 | 8.18251405 | 3.3825000000000003 | 16.304475952278516 | 19.25925925925926 | 0.1269230769230767 | 0.023433172099228586 | 0.052349999999999994 | 0.0884187977836146 | 15.382128332081965 | 0 | 0.0884187977836146 | 123.2057000655143 | 123.2057000655143 | 0.018779021928589268 | 0.02619559657939119 | 15.382128332081965 | 15.382128332081965 | 15.382128332081965 | 0.2534562211981568 | 0.047483863950919275 | 0.03765
1886 | 5.64 | 0.22 | 0.33 | 7.801941983 | 3.5075 | 18.19405755688644 | 17.09090909090909 | -0.021276595744680882 | 0.022698540471272396 | 0.052649999999999995 | -0.0006913953054268089 | 15.670441269093521 | 0 | -0.0006913953054268089 | 123.12051622288719 | 123.12051622288719 | 0.03574119937886766 | 0.01586877727212843 | 15.670441269093521 | 15.670441269093521 | 15.670441269093521 | 0.1269230769230767 | 0.023433172099228586 | 0.052349999999999994
1887 | 5.27 | 0.25 | 0.36 | 8.277679339 | 3.6574999999999998 | 15.455513454469946 | 14.638888888888888 | 0.018975332068311257 | 0.05233238537500896 | 0.04234999999999999 | 0.03131991485348944 | 15.455513454469946 | 0 | 0.03131991485348944 | 126.9766403077057 | 126.9766403077057 | 0.05296363565553719 | 0.034010769190082835 | 15.455513454469946 | 15.455513454469946 | 15.455513454469946 | -0.021276595744680882 | 0.022698540471272396 | 0.052649999999999995
1888 | 5.14 | 0.23 | 0.26 | 8.277679339 | 3.4683333333333333 | 14.94674830108923 | 19.769230769230766 | 0.07782101167315192 | 0.038510044104571935 | 0.05354999999999999 | 0.06360062023526274 | 15.418820893275957 | 0 | 0.06360062023526274 | 135.05243338666565 | 135.05243338666565 | 0.01444265602671102 | 0.05379205652703045 | 15.418820893275957 | 15.418820893275957 | 15.418820893275957 | 0.018975332068311257 | 0.05233238537500896 | 0.04234999999999999
1889 | 5.32 | 0.22 | 0.3 | 7.801941983 | 3.4225 | 16.610338076603377 | 17.733333333333334 | -0.09398496240601517 | 0.019263831201801338 | 0.06595 | -0.0440168280830687 | 15.455513454469946 | 0 | -0.0440168280830687 | 129.1078536440847 | 129.1078536440847 | 0.0038429280537810584 | 0.05619526419635834 | 15.455513454469946 | 15.455513454469946 | 15.455513454469946 | 0.07782101167315192 | 0.038510044104571935 | 0.05354999999999999
1890 | 4.6 | 0.22 | 0.29 | 7.897091074 | 3.6033333333333335 | 14.44299123133843 | 15.862068965517242 | 0.22391304347826102 | 0.036171235844640534 | 0.04095 | 0.14929419684034878 | 15.418820893275957 | 0 | 0.14929419684034878 | 148.38290695965964 | 148.38290695965964 | 0.033666162899011365 | 0.08548278865392023 | 15.418820893275957 | 15.418820893275957 | 15.418820893275957 | -0.09398496240601517 | 0.019263831201801338 | 0.06595
1891 | 5.41 | 0.22 | 0.34 | 7.51650281 | 3.601666666666667 | 18.20630300020993 | 15.911764705882351 | 0.06284658040665425 | 0.024853975661178255 | 0.04765 | 0.049929140942346024 | 15.455513454469946 | 0 | 0.049929140942346024 | 155.79153803468353 | 155.79153803468353 | -0.0036223592773448887 | 0.08368425286230097 | 15.455513454469946 | 15.455513454469946 | 15.455513454469946 | 0.22391304347826102 | 0.036171235844640534 | 0.04095
1892 | 5.51 | 0.24 | 0.37 | 7.611651901 | 3.7375 | 18.013009251275744 | 14.891891891891891 | -0.15426497277676943 | 0.04011889167403325 | 0.02925 | -0.07759831616385167 | 15.70713383028751 | 0 | -0.07759831616385167 | 143.70237701061544 | 143.70237701061544 | 0.015399045699650449 | 0.08278789931163644 | 15.70713383028751 | 15.70713383028751 | 15.70713383028751 | 0.06284658040665425 | 0.024853975661178255 | 0.04765
1893 | 4.41 | 0.25 | 0.26 | 7.040773554 | 3.704166666666667 | 15.612694335464944 | 16.96153846153846 | 0.0226757369614512 | 0.05570353121930537 | 0.02145 | 0.03246150154266233 | 15.612694335464944 | 0 | 0.03246150154266233 | 148.36717194362978 | 148.36717194362978 | 0.09466778807281195 | 0.0845535076928472 | 15.612694335464944 | 15.612694335464944 | 15.612694335464944 | -0.15426497277676943 | 0.04011889167403325 | 0.02925
1894 | 4.3 | 0.21 | 0.16 | 6.565052397 | 3.4800000000000004 | 16.67246633376773 | 26.875 | 0.04883720930232571 | 0.025830324964741466 | 0.04015 | 0.04106642307081787 | 15.78572427078501 | 0 | 0.04106642307081787 | 154.46008099648765 | 154.46008099648765 | 0.11127787518870624 | 0.111138069607708 | 15.78572427078501 | 15.78572427078501 | 15.78572427078501 | 0.0226757369614512 | 0.05570353121930537 | 0.02145
1895 | 4.32 | 0.19 | 0.25 | 6.755342479 | 3.588333333333334 | 16.54841515666796 | 17.28 | 0.01851851851851838 | 0.050220327757542406 | 0.02995 | 0.029172209438373748 | 15.958754206105077 | 0 | 0.029172209438373748 | 158.96602282918536 | 158.96602282918536 | 0.13989692877177773 | 0.12585779576733813 | 15.958754206105077 | 15.958754206105077 | 15.958754206105077 | 0.04883720930232571 | 0.025830324964741466 | 0.04015
1896 | 4.22 | 0.18 | 0.21 | 6.660193388 | 3.4166666666666665 | 16.501404180590097 | 20.095238095238095 | 0.16824644549763024 | 0.039402962577757564 | 0.02685 | 0.11545375607190542 | 16.131615079191796 | 0 | 0.11545375607190542 | 177.31924725262706 | 177.31924725262706 | 0.17864102113930658 | 0.13177945129457025 | 16.131615079191796 | 16.131615079191796 | 16.131615079191796 | 0.01851851851851838 | 0.050220327757542406 | 0.02995
1897 | 4.75 | 0.18 | 0.31 | 6.660193388 | 3.3541666666666665 | 18.748757662525502 | 15.32258064516129 | 0.2315789473684211 | 0.053323295228085786 | 0.022949999999999998 | 0.15723935698947838 | 16.304475952278516 | 0 | 0.15723935698947838 | 205.20081167248847 | 205.20081167248847 | 0.15464914002145402 | 0.07716107158881047 | 16.304475952278516 | 16.304475952278516 | 16.304475952278516 | 0.16824644549763024 | 0.039402962577757564 | 0.02685
1898 | 5.65 | 0.2 | 0.35 | 6.755342479 | 3.1208333333333336 | 21.40363198544818 | 16.142857142857146 | 0.10265486725663697 | 0.029091566574573447 | 0.051449999999999996 | 0.07546539032635421 | 16.402940066434304 | -1 | 0.06522441687502682 | 220.68637102063752 | 218.58491495610875 | 0.07453267910594619 | 0.09377767899569145 | 16.402940066434304 | 16.402940066434304 | 16.402940066434304 | 0.2315789473684211 | 0.053323295228085786 | 0.022949999999999998
1899 | 6.02 | 0.21 | 0.48 | 7.897091074 | 3.145833333333333 | 18.512649643600206 | 12.541666666666666 | 0.191029900332226 | 0.03499376444719701 | 0.04015 | 0.12913106953349468 | 16.501404180590097 | 0 | 0.12913106953349468 | 249.18383814199805 | 246.81101880827904 | 0.11099828161511027 | 0.10208920781083508 | 16.501404180590097 | 16.501404180590097 | 16.501404180590097 | 0.10265486725663697 | 0.029091566574573447 | 0.051449999999999996
1900 | 6.87 | 0.3 | 0.48 | 7.611651901 | 3.104166666666667 | 20.744051160870864 | 14.3125 | 0.20378457059679755 | 0.025193459406473124 | 0.042050000000000004 | 0.1340337801800205 | 16.52490966862903 | -1 | 0.10168686606066096 | 282.58288992793644 | 271.9084578201318 | 0.11199157072548882 | 0.07449514005627034 | 16.52490966862903 | 16.52490966862903 | 16.52490966862903 | 0.191029900332226 | 0.03499376444719701 | 0.04015
1901 | 7.95 | 0.32 | 0.5 | 7.992232066 | 3.173333333333334 | 21.680215141029695 | 15.9 | 0.0540880503144654 | 0.021927109950760554 | 0.052649999999999995 | 0.044295963173907396 | 16.54841515666796 | -1 | 0.04400835311101432 | 295.1001712137607 | 283.87470124575145 | 0.08678104986916346 | 0.060770103689196775 | 16.54841515666796 | 16.54841515666796 | 16.54841515666796 | 0.20378457059679755 | 0.025193459406473124 | 0.042050000000000004
1902 | 8.05 | 0.33 | 0.63 | 8.563094215 | 3.29 | 19.633232126823838 | 12.777777777777779 | -0.14037267080745353 | 0.024398427170107765 | 0.051149999999999994 | -0.07178907433343978 | 16.57937661663567 | 0 | -0.07178907433343978 | 273.9152030866852 | 263.49559921663723 | 0.004873198212225427 | 0.06357822197097973 | 16.57937661663567 | 16.57937661663567 | 16.57937661663567 | 0.0540880503144654 | 0.021927109950760554 | 0.052649999999999995
1903 | 6.57 | 0.35 | 0.53 | 8.087381157 | 3.3916666666666666 | 16.04289414005014 | 12.39622641509434 | 0.30289193302891926 | 0.027115634230461722 | 0.03545 | 0.19341485008649006 | 16.54841515666796 | 0 | 0.19341485008649006 | 326.8944710281069 | 314.459561037573 | 0.1133673589756361 | 0.06945395348602768 | 16.54841515666796 | 16.54841515666796 | 16.54841515666796 | -0.14037267080745353 | 0.024398427170107765 | 0.051149999999999994
1904 | 8.25 | 0.31 | 0.49 | 8.467928926 | 3.473333333333333 | 18.1596791187032 | 16.836734693877553 | 0.1963636363636363 | 0.03800150582043727 | 0.05074999999999999 | 0.13429363356431295 | 16.57937661663567 | 0 | 0.13429363356431295 | 370.79431733455544 | 356.68947809834754 | 0.09325157569766196 | 0.037977041748002316 | 16.57937661663567 | 16.57937661663567 | 16.57937661663567 | 0.30289193302891926 | 0.027115634230461722 | 0.03545
1905 | 9.54 | 0.33 | 0.67 | 8.467928926 | 3.434166666666667 | 19.577960809096126 | 14.23880597014925 | 0.0733752620545074 | 0.016526608961083725 | 0.05515 | 0.05449813992102955 | 16.610338076603377 | 0 | 0.05449813992102955 | 391.0019179225767 | 376.1283911841103 | 0.03826309155499796 | 0.05046130409712091 | 16.610338076603377 | 16.610338076603377 | 16.610338076603377 | 0.1963636363636363 | 0.03800150582043727 | 0.05074999999999999
1906 | 9.84 | 0.4 | 0.76 | 8.94367438 | 3.6499999999999995 | 17.660003667768656 | 12.947368421052632 | -0.28760162601626005 | 0.01988676985575097 | 0.07095 | -0.15949994465303075 | 16.641402205185553 | 0 | -0.15949994465303075 | 328.63713365469687 | 316.1359336078112 | 0.03538170178460054 | 0.052349605329591986 | 16.641402205185553 | 16.641402205185553 | 16.67246633376773 | 0.0733752620545074 | 0.016526608961083725 | 0.05515
1907 | 6.57 | 0.44 | 0.66 | 8.753424793 | 3.853333333333333 | 11.333306235811175 | 9.954545454545455 | 0.4353120243531201 | 0.04543913085461199 | 0.03115 | 0.27793395386825565 | 16.610338076603377 | 1 | 0.3559085325679573 | 419.9765515992772 | 428.6514098301684 | 0.1257128125851812 | 0.0597741567490051 | 16.610338076603377 | 16.610338076603377 | 16.67246633376773 | -0.28760162601626005 | 0.01988676985575097 | 0.07095
1908 | 9.03 | 0.4 | 0.58 | 9.038839669 | 3.769166666666667 | 14.58248290896244 | 15.568965517241379 | 0.18936877076411962 | 0.02722936725300954 | 0.04375 | 0.12616507263437463 | 16.57937661663567 | 0 | 0.12616507263437463 | 472.96292373653415 | 482.73224608621865 | 0.02727257935709182 | 0.04485528125168692 | 16.57937661663567 | 16.57937661663567 | 16.67246633376773 | 0.4353120243531201 | 0.04543913085461199 | 0.03115
1909 | 10.3 | 0.44 | 0.76 | 9.990330579 | 3.8975000000000004 | 14.750638489265032 | 13.55263157894737 | -0.0757281553398057 | 0.03274864193611307 | 0.03925 | -0.0316873006230495 | 16.54841515666796 | 0 | -0.0316873006230495 | 457.97600538853817 | 467.43576428404475 | -0.0145028251997803 | 0.04545407756496722 | 16.54841515666796 | 16.54841515666796 | 16.67246633376773 | 0.18936877076411962 | 0.02722936725300954 | 0.04375
1910 | 9.05 | 0.47 | 0.73 | 9.229089256 | 3.9741666666666666 | 13.741478417781547 | 12.397260273972604 | 0.05856353591160213 | 0.03703904388692962 | 0.03885 | 0.05013483471304016 | 16.52490966862903 | 0 | 0.05013483471304016 | 480.9365567212309 | 490.87057906538894 | 0.06280282943773696 | 0.03309345732845581 | 16.52490966862903 | 16.52490966862903 | 16.67246633376773 | -0.0757281553398057 | 0.03274864193611307 | 0.03925
1911 | 9.11 | 0.47 | 0.59 | 9.038839669 | 4.0075 | 13.929258419578233 | 15.440677966101696 | 0.0823271130625689 | 0.007825274404354161 | 0.052649999999999995 | 0.05700885015884759 | 16.501404180590097 | 0 | 0.05700885015884759 | 508.3541968192636 | 518.8545463547144 | 0.06959557999580945 | 0.04086716559902981 | 16.501404180590097 | 16.501404180590097 | 16.610338076603377 | 0.05856353591160213 | 0.03703904388692962 | 0.03885
1912 | 9.38 | 0.48 | 0.7 | 9.704834711 | 4.413333333333333 | 13.388999452579634 | 13.400000000000002 | -0.09168443496801715 | 0.0625515556320201 | 0.049550000000000004 | -0.03129019429120426 | 16.402940066434304 | 0 | -0.03129019429120426 | 492.44769523203973 | 502.6194867904008 | -0.002302140690896737 | 0.05771652311709374 | 16.402940066434304 | 16.402940066434304 | 16.610338076603377 | 0.0823271130625689 | 0.007825274404354161 | 0.052649999999999995
1913 | 8.04 | 0.48 | 0.63 | 10 | 4.184166666666667 | 11.174040870036794 | 12.761904761904761 | -0.033582089552238736 | 0.03789973086475612 | 0.036149999999999995 | -0.005164334471916407 | 16.304475952278516 | 1 | -0.019460698555315376 | 489.9045306239371 | 492.8381604699455 | 0.06273892703607964 | 0.07153101582559862 | 16.304475952278516 | 16.304475952278516 | 16.610338076603377 | -0.09168443496801715 | 0.0625515556320201 | 0.049550000000000004
1914 | 7.35 | 0.42 | 0.52 | 10.1 | 4.233333333333333 | 10.172217991997858 | 14.134615384615383 | 0.3482993197278912 | 0.05587466864465057 | 0.02355 | 0.22809699243012987 | 16.17368504616433 | 1 | 0.286581922646778 | 601.6502806371516 | 634.0766680511238 | 0.10905871294738567 | 0.09969078277571941 | 16.17368504616433 | 16.17368504616433 | 16.54841515666796 | -0.033582089552238736 | 0.03789973086475612 | 0.036149999999999995
1915 | 9.48 | 0.43 | 0.88 | 10.3 | 4.065833333333333 | 12.878444602185992 | 10.772727272727273 | 0.09282700421940926 | 0.028688041717846318 | 0.03175 | 0.06747761504699945 | 16.04289414005014 | 0 | 0.06747761504699945 | 642.2482066669044 | 676.8626493681614 | 0.004214574908023572 | 0.09445245638632915 | 16.04289414005014 | 16.04289414005014 | 16.54841515666796 | 0.3482993197278912 | 0.05587466864465057 | 0.02355
1916 | 9.8 | 0.56 | 1.53 | 11.6 | 4.215 | 11.413559188849495 | 6.405228758169935 | -0.23571428571428577 | 0.01635466000821225 | 0.04765 | -0.1317571734261078 | 16.00082417307761 | 1 | -0.1821709625706074 | 557.6273983184863 | 553.5579290046719 | 0.012910371625135753 | 0.09889849189738387 | 16.00082417307761 | 16.00082417307761 | 16.501404180590097 | 0.09282700421940926 | 0.028688041717846318 | 0.03175
1917 | 6.8 | 0.69 | 1.28 | 13.7 | 4.541666666666667 | 6.41259389811982 | 5.3125 | 0.24558823529411766 | 0.0482512442969184 | 0.05074999999999999 | 0.16690331446554613 | 15.958754206105077 | 1 | 0.206370712664986 | 650.6972593346409 | 667.7960733147198 | 0.12134573892906575 | 0.16334753796511126 | 15.958754206105077 | 15.958754206105077 | 16.04289414005014 | -0.23571428571428577 | 0.01635466000821225 | 0.04765
1918 | 7.9 | 0.57 | 0.99 | 16.5 | 4.505833333333333 | 6.134580411283432 | 7.97979797979798 | 0.19620253164556956 | 0.012130448854837397 | 0.051449999999999996 | 0.12650565364379296 | 15.78572427078501 | 1 | 0.1633200702019394 | 733.0141414509943 | 776.8605748890594 | 0.08039584197639793 | 0.1748670545164328 | 15.78572427078501 | 15.78572427078501 | 16.04289414005014 | 0.24558823529411766 | 0.0482512442969184 | 0.05074999999999999
1919 | 8.92 | 0.53 | 0.93 | 18.9 | 4.930833333333333 | 6.160717033799179 | 9.591397849462364 | -0.17937219730941711 | 0.03783469643976616 | 0.0588 | -0.09039290945372043 | 15.612694335464944 | 1 | -0.13383428820355708 | 666.7548605345179 | 672.889992815376 | 0.09040198107099262 | 0.1500580247378298 | 15.612694335464944 | 15.612694335464944 | 14.750638489265032 | 0.19620253164556956 | 0.012130448854837397 | 0.051449999999999996
1920 | 6.81 | 0.51 | 0.8 | 19.4 | 5.079999999999999 | 4.784241045083249 | 8.5125 | 0.1409691629955947 | 0.10768463127658691 | 0.039 | 0.12078688718033288 | 15.534103894967444 | 1 | 0.12744379352413446 | 747.2901046508392 | 758.6456461241951 | 0.19279903839254575 | 0.14284101507124314 | 15.534103894967444 | 15.534103894967444 | 14.58248290896244 | -0.17937219730941711 | 0.03783469643976616 | 0.0588
1921 | 7.31 | 0.46 | 0.29 | 17.3 | 4.365833333333333 | 6.114158849417272 | 25.20689655172414 | 0.2708618331053352 | 0.04452168872844155 | 0.0365 | 0.17952360648173357 | 15.455513454469946 | 1 | 0.2247916353571123 | 881.44631932587 | 929.1828415730059 | 0.1921863269667976 | 0.07116986547112014 | 15.455513454469946 | 15.455513454469946 | 13.929258419578233 | 0.1409691629955947 | 0.10768463127658691 | 0.039
1922 | 8.78 | 0.51 | 0.69 | 16.9 | 4.3549999999999995 | 7.964679864940002 | 12.72463768115942 | 0.034168564920273425 | 0.06535704605274134 | 0.0388 | 0.04398825276798646 | 15.418820893275957 | 1 | 0.037750556541492876 | 920.2196028217877 | 964.2600109711926 | 0.20692258159559285 | 0.031015931581250378 | 15.418820893275957 | 15.418820893275957 | 13.741478417781547 | 0.2708618331053352 | 0.04452168872844155 | 0.0365
1923 | 8.55 | 0.53 | 0.98 | 17.3 | 4.085 | 7.809739144938743 | 8.724489795918368 | 0.2526315789473683 | 0.05785192549993184 | 0.025699999999999997 | 0.17150452501840052 | 15.382128332081965 | 1 | 0.21046045570788785 | 1078.0414287163594 | 1167.1986123010827 | 0.2775989523090674 | 0.07194592689605916 | 15.382128332081965 | 15.382128332081965 | 13.388999452579634 | 0.034168564920273425 | 0.06535704605274134 | 0.0388
1924 | 10.16 | 0.55 | 0.93 | 17.3 | 3.876666666666667 | 9.310639680416372 | 10.924731182795698 | 0.28543307086614167 | 0.053727753006537426 | 0.0351 | 0.19088816842164621 | 15.164438316585597 | 1 | 0.2372292319935671 | 1283.8267825266798 | 1444.0922426812258 | 0.21297785883036302 | 0.045304812753561574 | 15.164438316585597 | 15.164438316585597 | 12.878444602185992 | 0.2526315789473683 | 0.05785192549993184 | 0.025699999999999997
1925 | 12.46 | 0.6 | 1.25 | 17.9 | 3.6950000000000003 | 11.147365239137253 | 9.968 | 0.1380417335473514 | 0.06429877047164197 | 0.030699999999999998 | 0.10518467126990343 | 14.94674830108923 | 1 | 0.11993326388504531 | 1418.8656806142465 | 1617.28693869706 | 0.09497538452847176 | 0.058625715241095167 | 14.94674830108923 | 14.94674830108923 | 11.413559188849495 | 0.28543307086614167 | 0.053727753006537426 | 0.0351
1926 | 13.49 | 0.69 | 1.24 | 17.7 | 3.3683333333333327 | 13.009052728993131 | 10.879032258064516 | 0.3513713862120089 | 0.03682882254364074 | 0.0317 | 0.22504147849029757 | 14.921576121488194 | 0 | 0.22504147849029757 | 1738.169311158819 | 1981.2435825244936 | -0.03756245585143925 | 0.07793366837699889 | 14.921576121488194 | 14.921576121488194 | 11.413559188849495 | 0.1380417335473514 | 0.06429877047164197 | 0.030699999999999998
1927 | 17.46 | 0.77 | 1.11 | 17.3 | 3.3308333333333335 | 18.646624021402534 | 15.72972972972973 | 0.3745704467353952 | 0.012873941320505651 | 0.0426 | 0.23286445043738882 | 14.94674830108923 | 0 | 0.23286445043738882 | 2142.9271525689524 | 2442.604780551663 | -0.11925266178296257 | 0.008273632496286876 | 14.94674830108923 | 14.94674830108923 | 11.413559188849495 | 0.3513713862120089 | 0.03682882254364074 | 0.0317
1928 | 23.15 | 0.85 | 1.38 | 17.1 | 3.5775 | 25.301591027426152 | 16.77536231884058 | -0.033693304535637236 | 0.05774019827522949 | 0.030299999999999997 | 0.00013607676118650765 | 15.164438316585597 | -1 | 0.012934737668313953 | 2143.2187551553325 | 2474.1992326154686 | -0.10060346549886845 | -0.005508802378618838 | 15.164438316585597 | 15.164438316585597 | 11.413559188849495 | 0.3745704467353952 | 0.012873941320505651 | 0.0426
1929 | 21.4 | 0.97 | 1.61 | 17.2 | 3.315833333333333 | 22.007373176418334 | 13.291925465838508 | -0.22943925233644857 | 0.031481163571451844 | 0.0148 | -0.1267392023304336 | 15.382128332081965 | -1 | -0.07789135186314387 | 1871.5889197073209 | 2281.4805096082964 | -0.0991903573414119 | 0.000239952395886478 | 15.382128332081965 | 15.382128332081965 | 11.413559188849495 | -0.033693304535637236 | 0.05774019827522949 | 0.030299999999999997
1930 | 15.51 | 0.98 | 0.97 | 16.1 | 3.3358333333333325 | 16.05500185653133 | 15.989690721649485 | -0.40296582849774343 | 0.007291376509906797 | 0.0241 | -0.23718208414567402 | 15.418820893275957 | 0 | -0.23718208414567402 | 1427.6815590671881 | 1740.3542074016664 | 0.023482738337831544 | 0.01650224368322739 | 15.418820893275957 | 15.418820893275957 | 11.413559188849495 | -0.22943925233644857 | 0.031481163571451844 | 0.0148
1931 | 8.44 | 0.82 | 0.61 | 14.6 | 3.651666666666667 | 9.306032867968321 | 13.836065573770492 | -0.1327014218009478 | 0.06257608535535027 | 0.0004 | -0.06080802747396359 | 15.164438316585597 | 1 | -0.09986352890522321 | 1340.8670595993592 | 1566.5562947054832 | 0.20728976179813086 | 0.05901127384168059 | 15.382128332081965 | 15.164438316585597 | 11.333306235811175 | -0.40296582849774343 | 0.007291376509906797 | 0.0241
1932 | 6.82 | 0.5 | 0.41 | 13.1 | 3.3408333333333338 | 8.257073999100683 | 16.634146341463417 | 0.5263929618768328 | 0.05077465023445597 | 0.0009 | 0.33115817219643645 | 14.921576121488194 | 1 | 0.42628183452491186 | 1784.9061442146933 | 2234.3507858990847 | 0.1542648769683126 | 0.0897036986405455 | 15.164438316585597 | 14.921576121488194 | 11.174040870036794 | -0.1327014218009478 | 0.06257608535535027 | 0.0004
1933 | 9.97 | 0.44 | 0.44 | 13.2 | 3.1358333333333333 | 12.281801622601117 | 22.65909090909091 | -0.026078234704112524 | 0.05876748289163913 | 0.0023 | 0.002213304045024226 | 14.848693395177131 | 0 | 0.002213304045024226 | 1788.8566842036723 | 2239.2960835315184 | 0.09964037463740616 | 0.06984466354983332 | 14.94674830108923 | 14.848693395177131 | 11.174040870036794 | 0.5263929618768328 | 0.05077465023445597 | 0.0009
1934 | 9.26 | 0.45 | 0.49 | 13.4 | 2.8175 | 11.639337566475891 | 18.897959183673468 | 0.4589632829373651 | 0.04170039997369315 | 0.0015 | 0.288038089754527 | 14.848693395177131 | 0 | 0.288038089754527 | 2304.1155463663154 | 2884.2986498267305 | 0.11064526287282761 | 0.09212613996474217 | 14.921576121488194 | 14.848693395177131 | 11.174040870036794 | -0.026078234704112524 | 0.05876748289163913 | 0.0023
1935 | 13.04 | 0.47 | 0.76 | 13.8 | 2.6616666666666666 | 16.15919271461533 | 17.157894736842103 | 0.36349693251533743 | 0.025243547316596848 | 0.0012 | 0.2257912237041815 | 14.848693395177131 | 0 | 0.2257912237041815 | 2824.3646151361945 | 3535.5479714994262 | 0.00956935833730821 | 0.08553630466370032 | 14.94674830108923 | 14.848693395177131 | 11.174040870036794 | 0.4589632829373651 | 0.04170039997369315 | 0.0015
1936 | 17.06 | 0.72 | 1.02 | 14 | 2.6774999999999998 | 21.125663548155437 | 16.72549019607843 | -0.3071512309495896 | 0.03614952819465472 | 0.0011 | -0.17333588011135737 | 14.848693395177131 | -1 | -0.11168563392143945 | 2334.800888816187 | 3140.6780550428534 | -0.07105575346434179 | 0.042976678543452884 | 15.164438316585597 | 14.848693395177131 | 11.174040870036794 | 0.36349693251533743 | 0.025243547316596848 | 0.0012
1937 | 11.02 | 0.8 | 1.13 | 14.4 | 2.57 | 13.008483033706138 | 9.752212389380531 | 0.19782214156079858 | 0.04272900380043112 | 0.0003 | 0.13154198607660847 | 14.666560699113736 | 0 | 0.13154198607660847 | 2641.925234824499 | 3553.8090840304103 | 0.02875360285564965 | 0.08713768959030888 | 14.94674830108923 | 14.666560699113736 | 11.174040870036794 | -0.3071512309495896 | 0.03614952819465472 | 0.0011
1938 | 12.69 | 0.51 | 0.64 | 14 | 2.3766666666666665 | 15.756484438993999 | 19.828125 | 0.02364066193853409 | 0.03745498234722078 | 0.0004 | 0.025460891867286686 | 14.666560699113736 | 0 | 0.025460891867286686 | 2709.1910075498217 | 3644.29223283589 | 0.040856293134438726 | 0.0751917526362218 | 15.164438316585597 | 14.666560699113736 | 11.413559188849495 | 0.19782214156079858 | 0.04272900380043112 | 0.0003
1939 | 12.37 | 0.62 | 0.9 | 14 | 2.2225 | 16.280412901283835 | 13.744444444444444 | -0.09458367016976554 | 0.04478975500310384 | 0.0002 | -0.043293275600928174 | 14.666560699113736 | 0 | -0.043293275600928174 | 2591.901254604411 | 3486.5188848294038 | 0.07391580864362846 | 0.08908962341301985 | 15.382128332081965 | 14.666560699113736 | 11.639337566475891 | 0.02364066193853409 | 0.03745498234722078 | 0.0004
1940 | 10.53 | 0.67 | 1.05 | 14.1 | 1.9716666666666665 | 13.908426122353838 | 10.028571428571427 | -0.10066476733143404 | -0.01946982040374195 | 0.0033 | -0.065909806519983 | 14.666560699113736 | 0 | -0.065909806519983 | 2421.069544394533 | 3256.7230997020306 | 0.16721952683235997 | 0.12771608596123674 | 15.164438316585597 | 14.666560699113736 | 11.639337566475891 | -0.09458367016976554 | 0.04478975500310384 | 0.0002
1941 | 8.76 | 0.71 | 1.16 | 15.5 | 2.4175 | 10.086593309917903 | 7.551724137931035 | 0.15410958904109595 | 0.01964588725138583 | 0.0038 | 0.09873951960007332 | 14.255870664270336 | 1 | 0.12563225995801533 | 2660.1247881264176 | 3665.8725827750695 | 0.17100714713751897 | 0.1660873452548084 | 14.94674830108923 | 14.255870664270336 | 11.639337566475891 | -0.10066476733143404 | -0.01946982040374195 | 0.0033
1942 | 9.52 | 0.59 | 1.03 | 16.9 | 2.4691666666666667 | 9.617514103283177 | 9.242718446601941 | 0.26995798319327746 | 0.023815517341412545 | 0.0038 | 0.16949944511839024 | 13.918842270966035 | 1 | 0.21872793828876322 | 3111.0144636595205 | 4467.701334834764 | 0.1488352048994861 | 0.1679398340393201 | 14.921576121488194 | 13.918842270966035 | 11.639337566475891 | 0.15410958904109595 | 0.01964588725138583 | 0.0038
1943 | 11.48 | 0.61 | 0.94 | 17.4 | 2.479166666666667 | 10.737360316041071 | 12.212765957446809 | 0.1968641114982579 | 0.033598630833477895 | 0.0038 | 0.1285780561489981 | 13.824952270067692 | 0 | 0.1285780561489981 | 3511.0226560482793 | 5042.149687922101 | 0.11065986011926299 | 0.14140553357928476 | 14.896403941887158 | 13.824952270067692 | 11.639337566475891 | 0.26995798319327746 | 0.023815517341412545 | 0.0038
1944 | 13.1 | 0.64 | 0.93 | 17.8 | 2.3791666666666664 | 11.63868359335513 | 14.086021505376342 | 0.3732824427480914 | 0.03926985420373626 | 0.0038 | 0.2361304219099757 | 13.565238935180592 | 0 | 0.2361304219099757 | 4340.0819171564435 | 6232.7546210643995 | 0.10447783548693246 | 0.1651423835583432 | 14.823521215576095 | 13.565238935180592 | 11.639337566475891 | 0.1968641114982579 | 0.033598630833477895 | 0.0038
1945 | 17.33 | 0.66 | 0.96 | 18.2 | 2.205 | 15.020347474739964 | 18.052083333333332 | -0.08597807270628954 | 0.018502591268556186 | 0.0038 | -0.04565606624320687 | 13.565238935180592 | 0 | -0.04565606624320687 | 4141.930849645805 | 5948.19156320743 | 0.0895496016820696 | 0.16265931565812308 | 14.896403941887158 | 13.565238935180592 | 12.281801622601117 | 0.3732824427480914 | 0.03926985420373626 | 0.0038
1946 | 15.13 | 0.71 | 1.06 | 21.5 | 2.245 | 11.372779425862708 | 14.273584905660377 | 0.04890945142101777 | 0.006707594105079266 | 0.0095 | 0.03230794908413444 | 13.199026090786383 | 0 | 0.03230794908413444 | 4275.7481406461675 | 6140.365433374213 | 0.16118821314394682 | 0.1802299081353762 | 14.823521215576095 | 13.199026090786383 | 12.281801622601117 | -0.08597807270628954 | 0.018502591268556186 | 0.0038
1947 | 15.03 | 0.84 | 1.61 | 23.4 | 2.424166666666667 | 10.680912531969188 | 9.335403726708073 | 0.07252162341982715 | 0.033369772101347055 | 0.0116 | 0.05468390568230041 | 13.008767881349634 | 0 | 0.05468390568230041 | 4509.562748690533 | 6476.144597587706 | 0.187362164841685 | 0.16319474406333656 | 14.750638489265032 | 13.008767881349634 | 12.281801622601117 | 0.04890945142101777 | 0.006707594105079266 | 0.0095
1948 | 15.19 | 0.93 | 2.29 | 24.1 | 2.3208333333333333 | 10.159652938900914 | 6.633187772925764 | 0.163923633969717 | 0.023355573577383666 | 0.011000000000000001 | 0.1064608524550453 | 12.943463817946064 | 0 | 0.1064608524550453 | 4989.654643115644 | 7165.600472069029 | 0.17300231949097 | 0.19199482585267758 | 14.666560699113736 | 12.943463817946064 | 12.281801622601117 | 0.07252162341982715 | 0.033369772101347055 | 0.0116
1949 | 16.54 | 1.14 | 2.32 | 23.6 | 2.3191666666666664 | 10.529330904131143 | 7.129310344827586 | 0.28295042321644504 | 0.003112965031633621 | 0.0134 | 0.17204414343935712 | 12.580123112393554 | 0 | 0.17204414343935712 | 5848.095502248686 | 8398.400067514798 | 0.22913899251360692 | 0.1893488560234058 | 14.58248290896244 | 12.580123112393554 | 12.281801622601117 | 0.163923633969717 | 0.023355573577383666 | 0.011000000000000001
1950 | 19.75 | 1.47 | 2.84 | 25 | 2.549166666666667 | 11.306665788890761 | 6.954225352112676 | 0.2567088607594936 | 0.014936708808525765 | 0.0173 | 0.16023632909825392 | 11.960569594538505 | 0 | 0.16023632909825392 | 6785.172857745024 | 9744.128864631897 | 0.24067475422845708 | 0.15947052953931395 | 14.512737070150436 | 11.960569594538505 | 12.281801622601117 | 0.28295042321644504 | 0.003112965031633621 | 0.0134
1951 | 23.41 | 1.41 | 2.44 | 26.5 | 2.6708333333333334 | 12.147072568106779 | 9.594262295081968 | 0.17257582229816304 | 0.014080034060396684 | 0.0209 | 0.10985950359701682 | 11.893205067291335 | 0 | 0.10985950359701682 | 7530.588579716845 | 10814.614024685721 | 0.19958385754348207 | 0.163277971417785 | 14.44299123133843 | 11.893205067291335 | 12.147072568106779 | 0.2567088607594936 | 0.014936708808525765 | 0.0173
1952 | 26.04 | 1.41 | 2.4 | 26.7 | 2.8175 | 12.93396430616137 | 10.85 | 0.009216589861751112 | 0.047993666181360195 | 0.016 | 0.021528053771458725 | 11.893205067291335 | 0 | 0.021528053771458725 | 7692.707495591723 | 11047.431616926728 | 0.13951922394038374 | 0.13326287832578232 | 14.186124825458332 | 11.893205067291335 | 12.147072568106779 | 0.17257582229816304 | 0.014080034060396684 | 0.0209
1953 | 24.83 | 1.45 | 2.51 | 26.9 | 2.59 | 11.75444918402729 | 9.892430278884463 | 0.47039871123640764 | 0.03289803455809562 | 0.0115 | 0.29325863710927325 | 11.696893375251591 | 0 | 0.29325863710927325 | 9948.660411429242 | 14287.186356464554 | 0.21129484677928057 | 0.15500748593311298 | 13.929258419578233 | 11.696893375251591 | 11.75444918402729 | 0.009216589861751112 | 0.047993666181360195 | 0.016
1954 | 34.97 | 1.54 | 2.77 | 26.7 | 2.51 | 15.789062002327082 | 12.624548736462094 | 0.34429511009436653 | -0.013364391288618833 | 0.0254 | 0.20510774867003428 | 11.696893375251591 | -1 | 0.14132872665116097 | 11989.207750700192 | 16306.376211651528 | 0.15084682036765207 | 0.12849589310146303 | 14.186124825458332 | 11.696893375251591 | 11.75444918402729 | 0.47039871123640764 | 0.03289803455809562 | 0.0115
1955 | 45.37 | 1.64 | 3.62 | 26.8 | 2.96 | 18.942369035813577 | 12.533149171270717 | 0.06193519947101622 | -0.022557738173154148 | 0.0321 | 0.033603798230663486 | 11.696893375251591 | -1 | 0.027636758336460246 | 12392.090668900228 | 16757.031590356346 | 0.08358125631903168 | 0.10857090020213134 | 14.44299123133843 | 11.696893375251591 | 11.75444918402729 | 0.34429511009436653 | -0.013364391288618833 | 0.0254
1956 | 46.44 | 1.74 | 3.41 | 27.6 | 3.59 | 17.19752272556093 | 13.618768328445746 | -0.09302325581395354 | 0.06797012846624995 | 0.0304 | -0.03238291494849714 | 11.696893375251591 | -1 | -0.0076982637857064325 | 11990.798650735167 | 16628.031540908367 | 0.1280708974835687 | 0.0925309338673741 | 14.512737070150436 | 11.696893375251591 | 12.147072568106779 | 0.06193519947101622 | -0.022557738173154148 | 0.0321
1957 | 40.33 | 1.79 | 3.37 | 28.4 | 3.21 | 13.673246057951392 | 11.967359050445102 | 0.36969997520456244 | -0.02099018175527462 | 0.0277 | 0.21829293059615507 | 11.950760876067035 | 0 | 0.21829293059615507 | 14608.30522839257 | 20257.813276018554 | 0.12704088216279796 | 0.12426591215176108 | 14.44299123133843 | 11.950760876067035 | 12.281801622601117 | -0.09302325581395354 | 0.06797012846624995 | 0.0304
1958 | 53.49 | 1.75 | 2.89 | 28.9 | 3.86 | 17.35835736536996 | 18.508650519031143 | 0.1383436156290896 | -0.026466312591385162 | 0.0449 | 0.07955627560003821 | 11.950760876067035 | -1 | 0.060867552474220286 | 15770.48758519205 | 21490.856788609573 | 0.10133572854588113 | 0.10475601374569798 | 14.512737070150436 | 11.950760876067035 | 12.93396430616137 | 0.36969997520456244 | -0.02099018175527462 | 0.0277
1959 | 59.06 | 1.83 | 3.39 | 29.4 | 4.69 | 18.6247289779001 | 17.421828908554573 | -0.0052488994243142795 | 0.1163950369096338 | 0.0225 | 0.034019171418301575 | 11.950760876067035 | -1 | 0.03956895130316442 | 16306.986505702895 | 22341.227454341348 | 0.10657904962541664 | 0.07731182445515938 | 14.58248290896244 | 11.950760876067035 | 13.008483033706138 | 0.1383436156290896 | -0.026466312591385162 | 0.0449
1960 | 56.8 | 1.95 | 3.27 | 29.8 | 3.84 | 17.562090833957118 | 17.370030581039753 | 0.29859154929577447 | 0.020609208076323285 | 0.026000000000000002 | 0.18793769200036164 | 11.950760876067035 | -1 | 0.13341938214120677 | 19371.68391306574 | 25321.98021757574 | 0.13413685739608128 | 0.08031476138802063 | 14.666560699113736 | 11.950760876067035 | 13.008483033706138 | -0.0052488994243142795 | 0.1163950369096338 | 0.0225
1961 | 71.74 | 2.02 | 3.19 | 30 | 4.06 | 22.041480198382253 | 22.489028213166144 | -0.09715639810426535 | 0.05693544054008456 | 0.0287 | -0.038343206700533844 | 11.950760876067035 | -1 | -0.013171927079680778 | 18628.911432649653 | 24988.440940636712 | 0.05811065964008044 | 0.06590074425360326 | 14.750638489265032 | 11.950760876067035 | 13.008483033706138 | 0.29859154929577447 | 0.020609208076323285 | 0.026000000000000002
1962 | 62.64 | 2.13 | 3.67 | 30.4 | 3.86 | 18.585836118439847 | 17.068119891008173 | 0.2204661558109835 | 0.016841620739546245 | 0.0352 | 0.14085217970845398 | 11.950760876067035 | -1 | 0.10379894854625728 | 21252.834213534097 | 27582.214836085055 | 0.12149777459789934 | 0.09817161548565445 | 14.823521215576095 | 11.950760876067035 | 13.673246057951392 | -0.09715639810426535 | 0.05693544054008456 | 0.0287
1963 | 74.17 | 2.28 | 4.02 | 30.9 | 4.13 | 21.038599376737054 | 18.450248756218908 | 0.16570041795874335 | 0.037280648911540766 | 0.0384 | 0.11444444544870823 | 12.214437095353947 | -1 | 0.08898436185695957 | 23685.103039315338 | 30036.600621875645 | 0.10818692091168236 | 0.0573220967296455 | 14.896403941887158 | 12.214437095353947 | 13.673246057951392 | 0.2204661558109835 | 0.016841620739546245 | 0.0352
1964 | 83.96 | 2.5 | 4.55 | 31.2 | 4.18 | 22.752984772787265 | 18.45274725274725 | 0.1249404478323013 | 0.00718855093592623 | 0.0438 | 0.08150083398015864 | 12.580123112393554 | -1 | 0.06527274441369839 | 25615.458689925526 | 31997.17197732367 | 0.04881867002974083 | 0.011114764286211276 | 14.921576121488194 | 12.580123112393554 | 13.673246057951392 | 0.16570041795874335 | 0.037280648911540766 | 0.0384
1965 | 91.73 | 2.72 | 5.19 | 31.8 | 4.62 | 23.69411154910633 | 17.674373795761078 | -0.08208873868963262 | 0.02907940932429966 | 0.0496 | -0.035569420416489674 | 12.607882964381243 | -1 | -0.00923167267856315 | 24704.33167062234 | 31701.784558989322 | 0.02904687036837017 | 0.03179273096523727 | 14.94674830108923 | 12.607882964381243 | 13.673246057951392 | 0.1249404478323013 | 0.00718855093592623 | 0.0438
1966 | 81.33 | 2.87 | 5.55 | 32.9 | 4.84 | 19.73647375279197 | 14.654054054054054 | 0.20767244559203246 | -0.015806209932824798 | 0.049699999999999994 | 0.12483160437537204 | 12.971223669933753 | -1 | 0.09323711525696554 | 27788.213028087444 | 34657.5674997673 | 0.07374818148684792 | 0.062094008017513413 | 14.983547887914597 | 12.971223669933753 | 15.020347474739964 | -0.08208873868963262 | 0.02907940932429966 | 0.0496
1967 | 95.3 | 2.92 | 5.33 | 33.9 | 5.7 | 21.75159780872363 | 17.879924953095685 | 0.14973767051416575 | 0.032746196950768365 | 0.0596 | 0.10562646139372997 | 13.008767881349634 | -1 | 0.08759892729089683 | 30723.383638699466 | 37693.533235258765 | 0.07533061979615896 | 0.035887490545013945 | 15.020347474739964 | 13.008767881349634 | 15.789062002327082 | 0.20767244559203246 | -0.015806209932824798 | 0.049699999999999994
1968 | 106.5 | 3.07 | 5.76 | 35.5 | 6.03 | 22.27787299543488 | 18.489583333333336 | -0.11483568075117379 | -0.05014049320992598 | 0.0782 | -0.07612355641368206 | 13.34114939347226 | -1 | -0.0375164202634473 | 28384.61041105973 | 36279.40680119058 | 0.00879192412149754 | 0.029277874147822125 | 15.201237903410965 | 13.34114939347226 | 17.19752272556093 | 0.14973767051416575 | 0.032746196950768365 | 0.0596
1969 | 91.11 | 3.16 | 5.78 | 37.7 | 7.65 | 17.32692991374269 | 15.762975778546712 | 0.02282954670178894 | 0.16754737183412347 | 0.0487 | 0.0688319395713104 | 13.790836090152615 | -1 | 0.07400603023095262 | 30338.37819962898 | 38964.301677680516 | -0.025233726504343967 | 0.05933626352468013 | 15.382128332081965 | 13.790836090152615 | 17.32692991374269 | -0.11483568075117379 | -0.05014049320992598 | 0.0782
1970 | 90.05 | 3.14 | 5.13 | 39.8 | 6.39 | 15.873840687205748 | 17.553606237816766 | 0.13536923931149358 | 0.09786896619712294 | 0.0401 | 0.11459223344603303 | 14.4643867985469 | 0 | 0.11459223344603303 | 33814.9207166549 | 43429.30803159094 | 0.03454591848824795 | 0.0846730272488525 | 15.418820893275957 | 14.4643867985469 | 17.32692991374269 | 0.02282954670178894 | 0.16754737183412347 | 0.0487
1971 | 99.17 | 3.07 | 5.7 | 41.1 | 5.93 | 16.60355721292533 | 17.398245614035087 | 0.21659776141978426 | 0.028184490504449683 | 0.0507 | 0.14348400400320546 | 15.388415956866982 | 0 | 0.14348400400320546 | 38666.82093613149 | 49660.71903905218 | 0.050566325807111845 | 0.06850055260401589 | 15.455513454469946 | 15.388415956866982 | 17.32692991374269 | 0.13536923931149358 | 0.09786896619712294 | 0.0401
1972 | 117.5 | 3.15 | 6.42 | 42.5 | 6.36 | 18.645719442073688 | 18.302180685358255 | -0.16459574468085114 | 0.036586646024150016 | 0.0745 | -0.08033145300126568 | 15.77277322066054 | 0 | -0.08033145300126568 | 35560.659027392285 | 45671.4013215575 | -0.002108864647546671 | 0.06537747771517965 | 15.534103894967444 | 15.77277322066054 | 17.35835736536996 | 0.21659776141978426 | 0.028184490504449683 | 0.0507
1973 | 94.78 | 3.38 | 8.16 | 46.2 | 6.74 | 13.493329686205893 | 11.615196078431373 | -0.2543785608778225 | 0.019886086932378647 | 0.07150000000000001 | -0.1395113104469799 | 15.77277322066054 | 0 | -0.1395113104469799 | 30599.544886122563 | 39299.72427323709 | 0.05017984073657744 | 0.1074176622820906 | 15.455513454469946 | 15.77277322066054 | 17.35835736536996 | -0.16459574468085114 | 0.036586646024150016 | 0.0745
1974 | 67.07 | 3.6 | 8.89 | 51.9 | 7.43 | 8.289060055923082 | 7.544431946006748 | 0.3773669300730582 | 0.03605253602603369 | 0.054400000000000004 | 0.24267591885164502 | 15.77277322066054 | 1 | 0.31093879766105 | 38025.31755780451 | 51519.53328716821 | 0.15124348239304508 | 0.1455916638683301 | 15.418820893275957 | 15.77277322066054 | 17.35835736536996 | -0.2543785608778225 | 0.019886086932378647 | 0.07150000000000001
1975 | 88.7 | 3.68 | 7.96 | 55.5 | 8 | 10.250368416256835 | 11.143216080402011 | 0.22604284103720396 | 0.15984560742909223 | 0.0435 | 0.18792938685105004 | 15.77277322066054 | 1 | 0.20116883357267237 | 45171.392171259184 | 61883.65770475631 | 0.13722895718384165 | 0.13970516397656563 | 15.382128332081965 | 15.77277322066054 | 17.35835736536996 | 0.3773669300730582 | 0.03605253602603369 | 0.054400000000000004
1976 | 104.7 | 4.05 | 9.91 | 58.2 | 6.87 | 11.597589726582944 | 10.565085771947528 | -0.059312320916905525 | 0.012899606071070338 | 0.060700000000000004 | -0.025647510728822213 | 15.77277322066054 | 1 | -0.04008989612641739 | 44012.85840591098 | 59402.74829544986 | 0.08674093474104638 | 0.14091962503395328 | 15.201237903410965 | 15.77277322066054 | 17.35835736536996 | 0.22604284103720396 | 0.15984560742909223 | 0.0435
1977 | 93.82 | 4.67 | 10.89 | 62.1 | 7.69 | 9.67826658253592 | 8.615243342516068 | 0.07844809209123871 | -0.007775806907508667 | 0.0908 | 0.05381611318249063 | 15.388415956866982 | 1 | 0.0710608929822401 | 46381.45937536842 | 63623.960634923766 | 0.13742785140772673 | 0.14847454658268 | 15.020347474739964 | 15.388415956866982 | 17.35835736536996 | -0.059312320916905525 | 0.012899606071070338 | 0.060700000000000004
1978 | 96.11 | 5.07 | 12.33 | 67.7 | 9.01 | 9.011941819133833 | 7.794809407948094 | 0.18041827073145367 | 0.0067072031247235485 | 0.1204 | 0.12230312337628926 | 14.4643867985469 | 1 | 0.1570453368976353 | 52054.05672372645 | 73615.80696759725 | 0.1677751097128024 | 0.15961625662029344 | 14.983547887914597 | 14.4643867985469 | 17.35835736536996 | 0.07844809209123871 | -0.007775806907508667 | 0.0908
1979 | 107.8 | 5.65 | 14.86 | 76.7 | 10.39 | 8.745204404669293 | 7.2543741588156125 | 0.29554730983302413 | -0.029897442519994114 | 0.1549 | 0.18384915314381625 | 13.790836090152615 | 1 | 0.2489381036144199 | 61624.15097008373 | 91941.58635015611 | 0.13996759190906816 | 0.1709285714736153 | 14.94674830108923 | 13.790836090152615 | 17.35835736536996 | 0.18041827073145367 | 0.0067072031247235485 | 0.1204
1980 | 133.5 | 6.16 | 14.82 | 86.3 | 12.84 | 9.389902084921744 | 9.008097165991902 | -0.0229962546816479 | 0.08199215335892361 | 0.1085 | 0.021649893198688347 | 13.583287872078643 | 1 | 0.0006522115905740391 | 62958.30725704589 | 92001.55171842944 | 0.14218676247167417 | 0.13843278157325867 | 14.921576121488194 | 13.583287872078643 | 17.32692991374269 | 0.29554730983302413 | -0.029897442519994114 | 0.1549
1981 | 123.8 | 6.63 | 15.36 | 94 | 13.72 | 7.832562137141894 | 8.059895833333334 | 0.181502423263328 | 0.3281454948629559 | 0.0794 | 0.21528510241688356 | 13.583287872078643 | 1 | 0.185956488096958 | 76512.29288287264 | 109109.83717545924 | 0.19779935509449742 | 0.16389609739996502 | 14.896403941887158 | 13.583287872078643 | 17.32692991374269 | -0.0229962546816479 | 0.08199215335892361 | 0.1085
1982 | 139.4 | 6.87 | 12.64 | 97.6 | 10.54 | 8.467738401400473 | 11.028481012658228 | 0.23020086083213775 | 0.03200209445142931 | 0.09 | 0.15672114483471145 | 13.583287872078643 | 1 | 0.19636089811085317 | 88503.38701740518 | 130534.74279596136 | 0.15962852722117904 | 0.16107758158490704 | 14.823521215576095 | 13.583287872078643 | 17.32692991374269 | 0.181502423263328 | 0.3281454948629559 | 0.0794
1983 | 164.4 | 7.09 | 14.03 | 101.3 | 11.83 | 9.815010903608663 | 11.717747683535283 | 0.04641119221411194 | 0.13733364344102356 | 0.0806 | 0.07710680836077423 | 13.583287872078643 | 1 | 0.058922318115391906 | 95327.60071943568 | 138226.15243609587 | 0.15151440669837046 | 0.14799971181380944 | 14.750638489265032 | 13.583287872078643 | 16.60355721292533 | 0.23020086083213775 | 0.03200209445142931 | 0.09
1984 | 164.5 | 7.53 | 16.64 | 105.3 | 11.5 | 9.595054801133456 | 9.885817307692307 | 0.30820668693009123 | 0.25712488212606416 | 0.071 | 0.269161476795874 | 13.583287872078643 | 1 | 0.2793778377566794 | 120986.1185084864 | 176843.4760251175 | 0.20273043657069878 | 0.14339315920981166 | 14.666560699113736 | 13.583287872078643 | 15.873840687205748 | 0.04641119221411194 | 0.13733364344102356 | 0.0806
1985 | 207.3 | 7.9 | 14.61 | 109.3 | 9.26 | 11.690521474467603 | 14.188911704312117 | 0.2391702846116739 | 0.24284215141767632 | 0.0553 | 0.22188481619230724 | 13.250906359956016 | 0 | 0.22188481619230724 | 147831.1011755626 | 216082.3581977594 | 0.13469113873815153 | 0.14955441815090387 | 14.58248290896244 | 13.250906359956016 | 13.493329686205893 | 0.30820668693009123 | 0.25712488212606416 | 0.071
1986 | 248.6 | 8.28 | 14.48 | 110.5 | 7.11 | 14.085139814743318 | 17.168508287292816 | 0.004867256637168138 | -0.049605089379262356 | 0.057699999999999994 | -0.0061911728314778215 | 13.250906359956016 | 0 | -0.0061911728314778215 | 146915.853278317 | 214744.55497232376 | 0.13095245859102755 | 0.14903911815473592 | 14.512737070150436 | 13.250906359956016 | 13.493329686205893 | 0.2391702846116739 | 0.24284215141767632 | 0.0553
1987 | 241 | 8.81 | 17.5 | 115.4 | 8.99 | 13.389028514426968 | 13.771428571428572 | 0.18775933609958506 | 0.08223595843484176 | 0.08070000000000001 | 0.14539638919020353 | 13.44117910031643 | 0 | 0.14539638919020353 | 168276.887859782 | 245967.6378635568 | 0.1625284466651704 | 0.18042545218495243 | 14.44299123133843 | 13.44117910031643 | 13.389028514426968 | 0.004867256637168138 | -0.049605089379262356 | 0.057699999999999994
1988 | 276.5 | 9.75 | 23.75 | 120.5 | 9.11 | 14.702086748571995 | 11.642105263157895 | 0.30075949367088617 | 0.17693647159446216 | 0.07629999999999999 | 0.24116663768087032 | 13.44117910031643 | 0 | 0.24116663768087032 | 208859.65910432648 | 305286.82606541674 | 0.14449574461103842 | 0.18679373451447456 | 14.512737070150436 | 13.44117910031643 | 13.389028514426968 | 0.18775933609958506 | 0.08223595843484176 | 0.08070000000000001
1989 | 348.6 | 11.06 | 22.87 | 126.1 | 7.84 | 17.650212904947328 | 15.242675994752952 | -0.022260470453241643 | 0.062353753335533495 | 0.0674 | 0.012089843728715063 | 13.44117910031643 | -1 | 0.030021937819363395 | 211384.7397441305 | 314452.1281746235 | 0.08698331461153264 | 0.1786827486645064 | 14.58248290896244 | 13.44117910031643 | 13.389028514426968 | 0.30075949367088617 | 0.17693647159446216 | 0.07629999999999999
1990 | 328.75 | 12.09 | 21.34 | 133.8 | 8.08 | 15.846314974728772 | 15.405342080599812 | 0.2188897338403042 | 0.15004510019517298 | 0.0407 | 0.1804173703627344 | 13.44117910031643 | 0 | 0.1804173703627344 | 249522.2186235775 | 371184.7542448545 | 0.16461239113916726 | 0.17442238559637313 | 14.642284828767217 | 13.44117910031643 | 13.389028514426968 | -0.022260470453241643 | 0.062353753335533495 | 0.0674
1991 | 388.51 | 12.2 | 15.97 | 137.9 | 7.09 | 18.441652313512733 | 24.327489041953662 | 0.15320068981493384 | 0.09361637316207946 | 0.0322 | 0.12322532583758414 | 13.583287872078643 | -1 | 0.09902518787459738 | 280269.67531718477 | 407941.3942701375 | 0.16741502706017264 | 0.1357512756599295 | 14.702086748571995 | 13.583287872078643 | 13.389028514426968 | 0.2188897338403042 | 0.15004510019517298 | 0.0407
1992 | 435.64 | 12.39 | 19.09 | 141.9 | 6.77 | 20.448606721242957 | 22.82032477737035 | 0.09845285097787171 | 0.14210957589263104 | 0.030600000000000002 | 0.10476458335451234 | 13.879192936347355 | -1 | 0.091194013158938 | 309632.0110786941 | 445143.2071472839 | 0.19859798025860753 | 0.09488580227883747 | 14.726362618918515 | 13.879192936347355 | 13.389028514426968 | 0.15320068981493384 | 0.09361637316207946 | 0.0322
1993 | 465.95 | 12.58 | 21.89 | 145.8 | 5.77 | 21.16473207981466 | 21.28597533120146 | 0.00517222877991208 | -0.08036655550998603 | 0.055999999999999994 | -0.01540662938504856 | 14.393613281657657 | -1 | -0.005241075141030976 | 304861.6254382574 | 442810.17815010546 | 0.23065496303919497 | 0.10654081823244876 | 14.750638489265032 | 14.393613281657657 | 13.389028514426968 | 0.09845285097787171 | 0.14210957589263104 | 0.030600000000000002
1994 | 455.19 | 13.17 | 30.6 | 149.7 | 7.81 | 19.91148410809033 | 14.875490196078431 | 0.3804345438168677 | 0.23480780112538924 | 0.051399999999999994 | 0.30384306662773736 | 14.861217111655979 | -1 | 0.23803615786436383 | 397491.71660853416 | 548215.011620191 | 0.2781180753412238 | 0.11934299603539023 | 14.823521215576095 | 14.861217111655979 | 13.389028514426968 | 0.00517222877991208 | -0.08036655550998603 | 0.055999999999999994
1995 | 614.57 | 13.79 | 33.96 | 153.5 | 5.71 | 25.027380664939113 | 18.096878680800945 | 0.23362676342808775 | 0.014286077934018522 | 0.049100000000000005 | 0.1493718814370582 | 15.24557437544954 | -1 | 0.11246652875144067 | 456865.80217399687 | 609870.8509865446 | 0.18431501354776336 | 0.09128551385405292 | 14.896403941887158 | 15.24557437544954 | 13.389028514426968 | 0.3804345438168677 | 0.23480780112538924 | 0.051399999999999994
1996 | 743.25 | 14.9 | 38.73 | 158.6 | 6.3 | 27.723946163893977 | 19.190549961270335 | 0.31566767574840227 | 0.09939130272977537 | 0.0516 | 0.22437799626797397 | 15.817688488527928 | -1 | 0.17156446111829352 | 559376.4354291589 | 714503.0148878063 | 0.10494633893098726 | 0.08289688957970487 | 14.921576121488194 | 15.817688488527928 | 13.389028514426968 | 0.23362676342808775 | 0.014286077934018522 | 0.049100000000000005
1997 | 962.37 | 15.5 | 39.72 | 161.3 | 5.81 | 33.03078904290543 | 24.228851963746223 | 0.253416045803589 | 0.14921431922606218 | 0.043899999999999995 | 0.20120392324997205 | 15.86007783096726 | -1 | 0.15930071408925428 | 671925.1688110903 | 828323.855378359 | 0.00014762228543729883 | 0.06013986311700581 | 14.94674830108923 | 15.86007783096726 | 13.389028514426968 | 0.31566767574840227 | 0.09939130272977537 | 0.0516
1998 | 1190.05 | 16.2 | 37.71 | 163.9 | 4.65 | 38.82027478009813 | 31.55794219040042 | 0.21454560732742345 | -0.0718938626801824 | 0.052000000000000005 | 0.11235920559239936 | 16.23869895006554 | -1 | 0.07985008412691467 | 747422.1469962433 | 894465.5849146514 | -0.005056153683637987 | -0.013128093570110688 | 14.983547887914597 | 16.23869895006554 | 13.389028514426968 | 0.253416045803589 | 0.14921431922606218 | 0.043899999999999995
1999 | 1428.68 | 16.69 | 48.17 | 168.3 | 6.28 | 44.197939761040544 | 29.65912393605979 | -0.05703166559341488 | 0.1421782469511723 | 0.057699999999999994 | 0.014204474729302762 | 16.90053996924313 | -1 | 0.03715080784798573 | 758038.8859953727 | 927695.7039864516 | -0.019708142036106824 | -0.007097368060423714 | 15.020347474739964 | 16.90053996924313 | 14.085139814743318 | 0.21454560732742345 | -0.0718938626801824 | 0.052000000000000005
2000 | 1330.93 | 16.27 | 50 | 174 | 5.24 | 37.274238004497185 | 26.6186 | -0.12792558586852798 | 0.06393214551386876 | 0.0169 | -0.055885707866956166 | 17.26222631965181 | -1 | -0.02692059069325057 | 715675.3462608424 | 902721.5876515454 | 0.005563603538388362 | 0.011797093873814557 | 15.201237903410965 | 17.26222631965181 | 14.702086748571995 | -0.05703166559341488 | 0.1421782469511723 | 0.057699999999999994
2001 | 1144.93 | 15.74 | 24.69 | 176.7 | 5.09 | 30.499953255020458 | 46.37221547185095 | -0.2006061505943595 | 0.1367472394352896 | 0.011899999999999999 | -0.0781495185260288 | 17.342643639556325 | -1 | -0.03564828840715692 | 659745.6625296086 | 870541.1081435765 | 0.06128744188240787 | 0.028049848739715832 | 15.382128332081965 | 17.342643639556325 | 15.846314974728772 | -0.12792558586852798 | 0.06393214551386876 | 0.0169
2002 | 899.18 | 16.07 | 27.59 | 180.9 | 4.03 | 23.101442537685635 | 32.59079376585719 | 0.2211459329611427 | 0.02109288076832513 | 0.009000000000000001 | 0.13991542400718315 | 17.46022409966354 | -1 | 0.09748623741495463 | 752054.2566393387 | 955406.8852915389 | 0.12373064168420278 | 0.06788011616855538 | 15.418820893275957 | 17.46022409966354 | 17.650212904947328 | -0.2006061505943595 | 0.1367472394352896 | 0.011899999999999999
2003 | 1080.64 | 17.39 | 48.74 | 184.3 | 4.27 | 26.635170511081537 | 22.171522363561756 | 0.12771135623334318 | 0.045907527774807735 | 0.0219 | 0.09258907207244822 | 17.606151869452223 | -1 | 0.0714268008257796 | 821686.2624097099 | 1023648.5425948362 | -0.021134546129060294 | 0.07422199642140148 | 15.455513454469946 | 17.606151869452223 | 18.441652313512733 | 0.2211459329611427 | 0.02109288076832513 | 0.009000000000000001
2004 | 1199.21 | 19.44 | 58.55 | 190.3 | 4.23 | 27.144808694741236 | 20.481810418445775 | 0.070946706581833 | 0.023281433580533247 | 0.038900000000000004 | 0.053442454023259776 | 18.04593260923003 | -1 | 0.047033112706893185 | 865599.1927100851 | 1071793.919870946 | 0.005675634764733095 | 0.07708838005206342 | 15.534103894967444 | 18.04593260923003 | 19.91148410809033 | 0.12771135623334318 | 0.045907527774807735 | 0.0219
2005 | 1262.07 | 22.22 | 69.83 | 196.8 | 4.47 | 26.443803114292407 | 18.073464127165973 | 0.1420127251261818 | 0.037599515885084714 | 0.048499999999999995 | 0.10133748984123449 | 18.04593260923003 | -1 | 0.08263494481599815 | 953316.842107924 | 1160361.551293604 | 0.018069225625482188 | 0.0719595014524721 | 15.612694335464944 | 18.04593260923003 | 20.448606721242957 | 0.070946706581833 | 0.023281433580533247 | 0.038900000000000004
2006 | 1416.42 | 24.88 | 81.51 | 201.8 | 4.56 | 27.282689787571694 | 17.377254324622747 | 0.06391465808164254 | 0.08272507631918188 | 0.03 | 0.06616631774474009 | 18.51374421597629 | -1 | 0.05938338612841158 | 1016394.3071942491 | 1229267.7493426348 | -0.004146803415340128 | 15.684589387229472 | 18.51374421597629 | 21.16473207981466 | 0.1420127251261818 | 0.037599515885084714 | 0.048499999999999995
2007 | 1479.22 | 27.73 | 66.18 | 210.036 | 4.1 | 25.955510105240226 | 22.35146569960713 | -0.3875488433093117 | 0.18864435978658448 | 0.0003 | -0.17590599804961168 | 18.605282548169974 | -1 | -0.09833622938774936 | 837604.452175301 | 1108386.193964315 | 0.0148054170695473 | 15.756484438993999 | 18.605282548169974 | 23.101442537685635 | 0.06391465808164254 | 0.08272507631918188 | 0.03
2008 | 877.56 | 28.39 | 14.88 | 210.228 | 2.42 | 15.376080747423767 | 58.9758064516129 | 0.2908405123296416 | -0.0726643708930007 | 0.0005 | 0.15275499612988472 | 18.605282548169974 | 0 | 0.15275499612988472 | 965552.7170257133 | 1277697.7227337516 | 0.17886773205883988 | 15.684589387229472 | 18.605282548169974 | 23.101442537685635 | -0.3875488433093117 | 0.18864435978658448 | 0.0003
2009 | 1110.38 | 22.41 | 50.97 | 215.949 | 3.59 | 20.32237650021654 | 21.784971551893275 | 0.1385831877375312 | 0.0611160029837589 | 0.0014000000000000002 | 0.10162471353764638 | 18.615777780256767 | 0 | 0.10162471353764638 | 1063676.7352989477 | 1407543.3877942723 | 0.1535721243903614 | 15.756484438993999 | 18.615777780256767 | 23.101442537685635 | 0.2908405123296416 | -0.0726643708930007 | 0.0005
2010 | 1241.53 | 22.73 | 77.35 | 219.179 | 3.29 | 22.396379773044202 | 16.050808015513898 | 0.02273001860607482 | 0.1506950928183585 | 0.0001 | 0.058856539009152435 | 19.19109659743283 | 0 | 0.058856539009152435 | 1126281.066563198 | 1490386.5201050604 | 0.1287023945235639 | 15.77277322066054 | 19.19109659743283 | 23.101442537685635 | 0.1385831877375312 | 0.0611160029837589 | 0.0014000000000000002
2011 | 1243.32 | 26.43 | 86.95 | 225.672 | 1.98 | 20.523575499431693 | 14.299252443933295 | 0.16907956117491874 | 0.04350059777466384 | 0.0007000000000000001 | 0.11456791603735038 | 19.19109659743283 | 0 | 0.11456791603735038 | 1255316.7412316678 | 1661136.9978036557 | 15.789062002327082 | 19.19109659743283 | 23.101442537685635 | 0.02273001860607482 | 0.1506950928183585 | 0.0001
2012 | 1422.29 | 31.25 | 86.51 | 229.601 | 1.72 | 21.23826113984561 | 16.44075829383886 | 0.29563591110111154 | -0.08397203878258665 | 0.0007000000000000001 | 0.1522599350258909 | 19.82397893044115 | 0 | 0.1522599350258909 | 1446451.1866885147 | 1914061.6091583436 | 15.817688488527928 | 19.82397893044115 | 23.101442537685635 | 0.16907956117491874 | 0.04350059777466384 | 0.0007000000000000001
2013 | 1807.78 | 34.99 | 100.2 | 233.049 | 2.9 | 24.861869296461922 | 18.041716566866267 | 0.15816636980163512 | 0.09030432679344841 | 0.0003 | 0.1220211199190156 | 19.82397893044115 | -1 | 0.09044784595868857 | 1622948.7803964363 | 2087184.3587389372 | 15.846314974728772 | 19.82397893044115 | 24.861869296461922 | 0.29563591110111154 | -0.08397203878258665 | 0.0007000000000000001
2014 | 2054.27 | 39.44 | 102.31 | 234.812 | 2.21 | 26.794085482572548 | 20.078877920046917 | 0.021029368096695977 | 0.01943875154143484 | 0.0023 | 0.01867924632044804 | 19.82397893044115 | -1 | 0.014933372701108843 | 1653264.2404309323 | 2118353.0606639106 | 15.86007783096726 | 19.82397893044115 | 25.027380664939113 | 0.15816636980163512 | 0.09030432679344841 | 0.0003
2015 | 2054.08 | 43.39 | 86.53 | 236.525 | 2.24 | 25.965424037124187 | 23.738356639315843 | 0.0881 | 0.08681870572220746 | 0 | 0.07890561171666223 | 19.82397893044115 | -1 | 0.06128561171666223 | 1783716.0666514179 | 2248177.623818562 | 15.873840687205748 | 19.82397893044115 | 25.955510105240226 | 0.021029368096695977 | 0.01943875154143484 | 0.0023
CAPE | Trailing PE
Period | Average | Median | Average | Median
1881-2015 | 16.569335405404402 | 15.873840687205748 | 16.569335405404402 | 14.891891891891891
1916-2015 | 16.715683408278174 | 15.817688488527928 | 16.715683408278174 | 15.324009037676383
1966-2015 | 19.72655598772174 | 19.82397893044115 | 19.72655598772174 | 17.387749969328915
1996-2015 | 27.279430911709447 | 26.539486812686974 | 27.279430911709447 | 21.978246957727514
