Source: http://www.stern.nyu.edu/~adamodar/pc/blog/IndustryBreakdownMar20.xlsx

Sheet: Raw Data
Industry | count | sum(Market Capitalization [My Setting] [02/14/2020] ($USDmm, Historical rate)) | sum(Market Capitalization [My Setting] [02/21/2020] ($USDmm, Historical rate)) | sum(Market Capitalization [My Setting] [02/28/2020] ($USDmm, Historical rate)) | sum(Market Capitalization [My Setting] [03/06/2020] ($USDmm, Historical rate)) | sum(Market Capitalization [My Setting] [03/13/2020] ($USDmm, Historical rate)) | sum(Market Capitalization [My Setting] [03/20/2020] ($USDmm, Historical rate)) | q1(Change in Mkt Cap: 3/13-3/20) | median(Change in Mkt Cap: 3/13-3/20) | q3(Change in Mkt Cap: 3/13-3/20) | q1(Change in Mkt Cap: 2/14-3/20) | median(Change in Mkt Cap: 2/14-3/20) | q3(Change in Mkt Cap: 2/14-3/20)
Advertising | 253 | 173439.1300000002 | 176889.8800000001 | 156768.7999999998 | 154956.39 | 128036.48 | 112030.15 | -0.1853658536585366 | -0.08902276444959206 | -0.02625820568927795 | -0.4882269862349543 | -0.3643790849673203 | -0.1794434010585624
Aerospace/Defense | 213 | 1280890.819999999 | 1267976.45 | 1107162.119999999 | 1087947.64 | 880384.4199999999 | 708393.8700000003 | -0.2094488188976378 | -0.1300315706393055 | -0.05684754521963831 | -0.4867021276595744 | -0.3704606570723 | -0.1925183909845046
Air Transport | 151 | 559940.7800000005 | 550281.4999999999 | 466311.8099999996 | 458111.32 | 383474.7599999999 | 317049.1699999999 | -0.2856611723881521 | -0.1576016056196688 | -0.07174572471095086 | -0.618341136277363 | -0.4439560439560439 | -0.2601941747572816
Apparel | 854 | 1067323.770000003 | 1053445.990000001 | 962131.4000000005 | 964379.9700000021 | 801066.699999999 | 757359.5299999994 | -0.1751054852320675 | -0.08730957774501691 | -0.03098793667877475 | -0.3957317073170731 | -0.2587857024507072 | -0.117001828153565
Auto & Truck | 129 | 1200060.890000001 | 1221306.529999999 | 1095480.689999999 | 1098842.44 | 924785.6299999993 | 808717.8400000002 | -0.2041198501872659 | -0.1183075475852131 | -0.06110862094725833 | -0.4279946164199192 | -0.2808922563932474 | -0.1271227235416058
Auto Parts | 627 | 531002.4299999992 | 532136.3299999993 | 488570.9200000001 | 478918.6299999995 | 410519.9499999997 | 354975.1300000001 | -0.1991525423728815 | -0.1189003436426118 | -0.04406779661016946 | -0.4581401690755386 | -0.3466977208451173 | -0.1826857532379004
Bank (Money Center) | 628 | 6838197.360000006 | 6733968.459999997 | 6186574.430000003 | 5980073.950000007 | 5231164.319999999 | 4661919.760000006 | -0.1660036166365281 | -0.08744588744588744 | -0.04072075831644206 | -0.4118001204093918 | -0.2878007216875564 | -0.1493305029392553
Banks (Regional) | 871 | 1018914.519999999 | 1006546.9 | 899802.4800000006 | 855434.8599999984 | 758009.0199999984 | 665977.4500000001 | -0.1843416370106762 | -0.1117158761632555 | -0.0430622009569378 | -0.4038518960883846 | -0.2967339466037867 | -0.1971640783254557
Beverage (Alcoholic) | 188 | 1145470.510000001 | 1150697.35 | 1032513.630000001 | 1073982.189999998 | 939715.7099999996 | 899372.7399999998 | -0.1392778187177597 | -0.09090909090909094 | -0.03396226415094339 | -0.3357039076240728 | -0.2213714152733522 | -0.1079947319642943
Beverage (Soft) | 74 | 702061.2099999998 | 701079.5700000002 | 631376.6599999997 | 650018.9900000001 | 577569.4699999999 | 481364.47 | -0.186370697408225 | -0.1277838808676851 | -0.02537182852143471 | -0.3693181818181819 | -0.2935539945923353 | -0.1765217391304347
Broadcasting | 124 | 164702.92 | 156648.73 | 139975.1499999998 | 133257.6900000001 | 113455.9600000001 | 94199.75000000004 | -0.2136222910216719 | -0.1263157894736842 | -0.05072463768115953 | -0.4523825181171334 | -0.323086552714471 | -0.1907605279698302
Brokerage & Investment Banking | 387 | 838291.5899999993 | 866951.0799999986 | 786349.1400000006 | 797310.1000000002 | 740377.0599999992 | 653217.7299999992 | -0.1444695259593679 | -0.07410795870683234 | -0.0178571428571429 | -0.3728312369090155 | -0.2255297115590041 | -0.1013513513513513
Building Materials | 367 | 406036.2200000002 | 406997.9999999998 | 371024.15 | 378669.3399999997 | 319090.4700000003 | 280691.7100000002 | -0.1750042251140782 | -0.09613130128956615 | -0.02912621359223311 | -0.4008908685968818 | -0.294478527607362 | -0.1641375038711675
Business & Consumer Services | 718 | 914097.4400000013 | 902036.450000001 | 814728.840000002 | 821908.4500000007 | 687595.5600000009 | 594523.9700000004 | -0.1936813186813187 | -0.0922790343530106 | -0.02597402597402598 | -0.4620138888888888 | -0.3446225891731328 | -0.2045298558682224
Cable TV | 58 | 568815.8 | 570256.4000000001 | 509313.6799999998 | 507456.1699999999 | 463637.6199999999 | 404690.2999999998 | -0.1514980214810628 | -0.09359290674199588 | -0.04526027397260268 | -0.4280226445612617 | -0.276583958470947 | -0.1682926829268292
Chemical (Basic) | 706 | 715423.93 | 721472.3199999995 | 664925.48 | 679270.7999999997 | 573737.0000000003 | 532769.02 | -0.143727161997564 | -0.0725457794713536 | -0.02262540786690093 | -0.3671875000000001 | -0.2410274071925755 | -0.07729439449707354
Chemical (Diversified) | 71 | 211957.64 | 206367.26 | 188075.78 | 188128.89 | 149503.7 | 140109.5399999999 | -0.1347795163584636 | -0.06286266924564798 | -0.03344708592622325 | -0.3823394944810919 | -0.3104744011272899 | -0.2394067796610169
Chemical (Specialty) | 702 | 1327995.269999999 | 1321306.510000002 | 1188674.179999999 | 1215496.160000002 | 1068100.08 | 971265.4900000007 | -0.1573875802997858 | -0.08487442327724615 | -0.02001368457064656 | -0.3965330444203683 | -0.2604671100977935 | -0.1128396143733567
Coal & Related Energy | 169 | 167820.71 | 168489.5699999999 | 160028.2499999999 | 163204.2499999999 | 150130.3800000001 | 139070.3099999999 | -0.1545574327748455 | -0.07684197208046906 | -0.03954419464120729 | -0.4188034188034188 | -0.2960893854748603 | -0.09914687572054415
Computer Services | 790 | 1113884.54 | 1109978.240000003 | 995835.5600000009 | 1002304.78 | 868216.8100000002 | 789939.839999999 | -0.162037037037037 | -0.0850434326868541 | -0.02150537634408611 | -0.4160662824207494 | -0.3165829145728642 | -0.1666666666666666
Computers/Peripherals | 301 | 2220630.149999997 | 2143349.610000001 | 1905368.2 | 1994952.640000001 | 1846352.36 | 1570513.64 | -0.1675908087025986 | -0.09888579387186625 | -0.03990877993158493 | -0.3953596287703016 | -0.2972270949912291 | -0.171850699844479
Construction Supplies | 672 | 1046257.44 | 1040022.979999999 | 971098.0199999996 | 978602.3199999997 | 846335.7399999991 | 759964.7299999997 | -0.1804878048780488 | -0.08775137111517373 | -0.02818762387139395 | -0.4316644113667119 | -0.2996941896024465 | -0.1132917038358607
Diversified | 296 | 1725378.959999999 | 1709196.109999999 | 1551148.839999999 | 1540663.62 | 1362910.35 | 1191412.630000001 | -0.1692482223889662 | -0.09061336099193806 | -0.03342618384401097 | -0.4051379519577399 | -0.2884615384615384 | -0.1761846901579587
Drugs (Biotechnology) | 906 | 1414634.149999999 | 1425301.69 | 1327284.010000004 | 1386163.53 | 1232944.8 | 1145399.680000002 | -0.1578212290502793 | -0.07432271794947154 | 0.01118012422360248 | -0.4243369734789392 | -0.3116279069767441 | -0.1731843575418993
Drugs (Pharmaceutical) | 1048 | 3630634.030000001 | 3614443.450000003 | 3308234.499999993 | 3454075.239999996 | 3069319.469999996 | 2905181.82999999 | -0.1443298969072163 | -0.07022646997714521 | -0.01002004008016033 | -0.3990129081245254 | -0.2657003525341258 | -0.1140994295028525
Education | 189 | 192629.6600000001 | 195947.0399999999 | 185393.64 | 186606.28 | 169031.41 | 150659.21 | -0.1576576576576577 | -0.08745207834754531 | -0.01760563380281688 | -0.384083044982699 | -0.250252552490433 | -0.1398963730569948
Electrical Equipment | 771 | 899874.3099999999 | 929070.67 | 837544.9800000008 | 868190.1899999984 | 756338.9100000004 | 682035.179999999 | -0.150379746835443 | -0.07668231611893583 | -0.01917808219178085 | -0.3846187767341359 | -0.2466350301984469 | -0.05820105820105825
Electronics (Consumer & Office) | 123 | 216525.07 | 218041.9899999999 | 199839.2299999999 | 205206.3599999999 | 173683.1699999999 | 161086.4099999998 | -0.15625 | -0.09613817370348476 | -0.04381846635367748 | -0.4092715231788079 | -0.3051020408163266 | -0.1918158567774936
Electronics (General) | 1208 | 1466220.61 | 1501620.529999998 | 1379020.150000001 | 1407591.780000001 | 1246257.719999998 | 1108472.9 | -0.1725888324873096 | -0.09966206573734748 | -0.04389027431421455 | -0.4141842743332178 | -0.2917540741826443 | -0.1403508771929826
Engineering/Construction | 1035 | 740587.7599999976 | 734380.7700000011 | 684098.9099999998 | 695555.0600000011 | 595778.7699999996 | 544073.3700000006 | -0.1599020293911827 | -0.0729303547963206 | -0.008714336874776296 | -0.403114186851211 | -0.273557148245945 | -0.1262376237623762
Entertainment | 496 | 1114773.070000001 | 1109270.759999997 | 1010023.379999999 | 1019485.479999999 | 906839.5400000005 | 843633.6200000002 | -0.1524105754276827 | -0.07022900763358786 | 0.009254498714653003 | -0.4318181818181819 | -0.3005190311418686 | -0.1404651162790698
Environmental & Waste Services | 248 | 272463.1599999995 | 274088.6999999999 | 252076.84 | 270694.7119999999 | 240511.3600000001 | 218314.9999999997 | -0.1438848920863309 | -0.07715663511341297 | -0.01580288870008484 | -0.3834939039986359 | -0.2439393939393939 | -0.07657939415601811
Farming/Agriculture | 322 | 317498.0899999996 | 315259.1399999997 | 294071.9000000001 | 304534.8900000001 | 267423.0200000002 | 238210.8200000001 | -0.1675213675213676 | -0.08123581733742646 | -0.02000000000000002 | -0.385 | -0.25 | -0.1235521235521235
Financial Svcs. (Non-bank & Insurance) | 834 | 1659139.170000002 | 1644810.340000001 | 1471816.219999997 | 1462065.649999998 | 1265621.399999999 | 1052532.339999998 | -0.2050415624788809 | -0.1137692640584261 | -0.04228329809725162 | -0.4381399073385575 | -0.2914466737064414 | -0.1791044776119404
Food Processing | 1056 | 1796478.789999997 | 1800495.429999994 | 1675108.000000003 | 1743190.41 | 1567558.919999998 | 1510513.929999999 | -0.1365131578947368 | -0.06335149863760225 | -0.00609756097560965 | -0.3370807569795766 | -0.2092252034971359 | -0.087117701575533
Food Wholesalers | 123 | 93325.74999999996 | 91124.89000000001 | 80202.33999999991 | 80001.27999999998 | 60453.15 | 50278.58000000002 | -0.1250000000000001 | -0.04125255949986539 | 0.03327171903881698 | -0.3583925168889659 | -0.2336956521739131 | -0.1387009771410885
Furn/Home Furnishings | 294 | 324117.5600000001 | 328280.9799999996 | 307035.6300000001 | 317467.5500000005 | 281919.1200000001 | 250700.33 | -0.183728610027019 | -0.1026951180768823 | -0.04117647058823526 | -0.4051128941966784 | -0.2609153575147798 | -0.1103896103896105
Green & Renewable Energy | 180 | 229503.9500000001 | 231703.8400000001 | 214748.9800000001 | 223128.77 | 196206.3200000001 | 181366.6900000001 | -0.1358695652173912 | -0.06204119141575221 | 0 | -0.3555913113435237 | -0.2306547890045629 | -0.09211841119160624
Healthcare Products | 628 | 1831325.835 | 1815484.059999997 | 1650841.307999999 | 1688771.169999997 | 1508443.84 | 1352469.359999998 | -0.179140127388535 | -0.08955223880597019 | -0.01807228915662651 | -0.4150442477876106 | -0.2945205479452054 | -0.1249999999999999
Healthcare Support Services | 322 | 1083255.470000001 | 1081345.879999999 | 944324.5500000002 | 1004093.039999999 | 926739.37 | 764410.3899999999 | -0.1643571978444958 | -0.08140209629241035 | -0.01005322294500288 | -0.3775388291517323 | -0.2459801033159065 | -0.138388303298198
Heathcare Information and Technology | 315 | 772770.3199999997 | 768720.3499999992 | 702131.0600000002 | 732680.3000000004 | 651425.9200000011 | 606198.7000000008 | -0.1601971657424522 | -0.0688083382931467 | -0.008021390374331472 | -0.4175213675213675 | -0.2844756399669695 | -0.1476683937823835
Homebuilding | 147 | 247370.5000000001 | 246787.4199999999 | 215613.5100000002 | 215844.08 | 162537.2999999999 | 127596.4 | -0.2573337937186182 | -0.1231884057971016 | -0.04643189028102657 | -0.5292689329308309 | -0.4107382550335571 | -0.3039045703585547
Hospitals/Healthcare Facilities | 187 | 249380.3299999998 | 249138.11 | 225614.86 | 229326.9899999998 | 192597.0699999999 | 163359.73 | -0.1940298507462687 | -0.09463282772603648 | -0.03422053231939171 | -0.4174603174603174 | -0.2877853177051203 | -0.1774193548387096
Hotel/Gaming | 550 | 717411.8299999998 | 705930.9399999998 | 614548.1100000001 | 590372.7399999993 | 479600.1800000003 | 397631.4099999991 | -0.2225237449118046 | -0.1192677565198868 | -0.03163841807909606 | -0.4861730597680642 | -0.3282163117534707 | -0.1837875611460517
Household Products | 426 | 1463593.530000001 | 1449243.230000001 | 1318354.729999999 | 1393163.580000002 | 1251021.989999999 | 1196818.570000003 | -0.1584070796460177 | -0.07284768211920523 | 0 | -0.3732718894009217 | -0.2446259385055417 | -0.1174533479692647
Information Services | 183 | 1686725.599999999 | 1671584.93 | 1473488.13 | 1466192.410000001 | 1359272.239999999 | 1090341.7 | -0.2272727272727273 | -0.1425368791125258 | -0.04666184041184041 | -0.4655231143552312 | -0.3468286238081095 | -0.2195121951219512
Insurance (General) | 205 | 832916.2399999993 | 823431.2400000002 | 730593.5599999999 | 728402.1199999993 | 594890.0800000007 | 508229.6899999999 | -0.1351929228161785 | -0.06235697940503426 | -0.0096765275089854 | -0.3696914994561318 | -0.2574835123747095 | -0.1494226058555931
Insurance (Life) | 132 | 1208298.31 | 1187090.430000001 | 1074403.180000001 | 1059490.300000001 | 907929.3799999995 | 790539.0799999998 | -0.2095322341532136 | -0.117776775116661 | -0.03541128734784216 | -0.4573199809251312 | -0.337790935075541 | -0.1817897371714644
Insurance (Prop/Cas.) | 206 | 655251.1399999999 | 648371.8000000003 | 581811.6799999998 | 591727.4999999999 | 511216.3099999998 | 433970.9799999996 | -0.1668679820896175 | -0.09090107201244574 | -0.02142857142857146 | -0.3550420168067226 | -0.2598425196850394 | -0.1693548387096774
Investments & Asset Management | 776 | 880599.0700000011 | 878864.5699999983 | 766496.4100000008 | 758961.0100000014 | 655973.9200000002 | 554034.1999999997 | -0.1906287987622942 | -0.09316590299991362 | -0.03043478260869559 | -0.4264684448331147 | -0.2941970310391363 | -0.09629629629629632
Machinery | 1166 | 1221304.539999996 | 1213407.685999995 | 1107309.480000002 | 1101420.620000002 | 954289.7300000002 | 846754.0800000011 | -0.1543031743337294 | -0.07485515643105445 | -0.02695417789757415 | -0.3919221680017188 | -0.2824074074074074 | -0.1107544141252006
Metals & Mining | 791 | 845209.3999999985 | 839046.9299999998 | 734282.0300000001 | 736600.0899999993 | 610527.9100000004 | 548487.2099999995 | -0.186858316221766 | -0.09615514027790856 | -0.03079178885630507 | -0.4776931447225244 | -0.3771929824561404 | -0.2394188250157928
Office Equipment & Services | 113 | 46240.86 | 45154.02999999999 | 41315.86000000006 | 41378.35999999998 | 35229.08999999997 | 31621.95999999998 | -0.19578362477529 | -0.08099173553718997 | -0.01120448179271694 | -0.4320462146549102 | -0.3221542837583495 | -0.1896144767899292
Oil/Gas (Integrated) | 49 | 3679286.400000001 | 3687185 | 3430778.000000002 | 3357596.9 | 2749752.200000001 | 2620850.5 | -0.1968136989270619 | -0.07176888438560225 | -0.01937046004842613 | -0.5165794754722377 | -0.4175198637007786 | -0.24860853432282
Oil/Gas (Production and Exploration) | 437 | 692255.3799999993 | 691585.0099999986 | 586809.9799999989 | 538712.0200000001 | 375199.9100000005 | 318336.7800000001 | -0.264 | -0.1691555161282373 | -0.0767386091127098 | -0.6629769880570929 | -0.5185185185185185 | -0.3607142857142858
Oil/Gas Distribution | 189 | 653562.4299999992 | 649775.6000000003 | 580314.639999999 | 554840.0200000004 | 425360.7500000003 | 360704.3299999998 | -0.2213438735177866 | -0.1213592233009708 | -0.047244094488189 | -0.5116298280602791 | -0.3746796288113124 | -0.1956779159265838
Oilfield Svcs/Equip. | 416 | 743243.3599999994 | 732750.5099999995 | 638961.18 | 599603.3600000005 | 475110.8100000001 | 419304.7 | -0.2144557168958554 | -0.1172022347959148 | -0.03066439522998299 | -0.546672077922078 | -0.3973674848808254 | -0.2291666666666667
Packaging & Container | 336 | 281161.52 | 280643.1699999999 | 251860.6299999999 | 256070.7300000001 | 221698.9399999999 | 201719.9000000001 | -0.148664343786295 | -0.07646641857168168 | -0.02258064516129032 | -0.3649122807017543 | -0.2566977463866104 | -0.1413043478260869
Paper/Forest Products | 238 | 171469.95 | 173698.96 | 157978.3199999999 | 161208.01 | 136007.1700000002 | 122829.2 | -0.1732802416586571 | -0.09177972865123707 | -0.03394255874673624 | -0.4026556947821209 | -0.2806880140567487 | -0.1358902835890283
Power | 521 | 2208957.149999998 | 2223958.400000003 | 2013987.840000002 | 2100440.959999997 | 1770854.430000002 | 1596940.280000002 | -0.138004246284501 | -0.07268466695782116 | -0.02231741272221033 | -0.3598209289311695 | -0.2566273958020847 | -0.1162451361867705
Precious Metals | 463 | 419850.2999999998 | 450706.9200000002 | 386645.1400000004 | 420956.98 | 315506.21 | 298221.9000000004 | -0.1628068550254748 | -0.08064838558469128 | 0.0156691134952005 | -0.4394366197183098 | -0.3430340360680721 | -0.2105263157894737
Publishing & Newspapers | 286 | 148019.3599999999 | 148188.59 | 136339.8000000002 | 137379.6400000001 | 119935.42 | 109179.62 | -0.1452991452991452 | -0.07098765432098753 | -0.02367537419611854 | -0.3895582329317269 | -0.2583732057416267 | -0.1419067627050821
R.E.I.T. | 777 | 2213111.06 | 2208495.169999997 | 1968320.389999998 | 2039971.25 | 1740687.200000002 | 1329022.800000001 | -0.3019488142756515 | -0.2052830619294031 | -0.1063081176174917 | -0.5030211480362538 | -0.3951127867278174 | -0.2754775351631354
Real Estate (Development) | 736 | 810494.3099999995 | 793020.93 | 768349.8199999997 | 795108.9599999993 | 721062.3700000003 | 644070.0399999995 | -0.1575757575757576 | -0.09247620974489434 | -0.03378378378378377 | -0.3669172932330828 | -0.2296395801229885 | -0.1084905660377359
Real Estate (General/Diversified) | 347 | 497642.8000000001 | 493806.2700000007 | 467606.7699999998 | 472664.1599999995 | 411176.8000000007 | 367396.2900000003 | -0.1429906542056074 | -0.08938492063492065 | -0.02597402597402598 | -0.3806482491911244 | -0.2468876635816683 | -0.1200997368056517
Real Estate (Operations & Services) | 597 | 616663.0100000002 | 620842.530000001 | 567977.7999999998 | 579926.5999999999 | 480336.6199999998 | 410085.6499999997 | -0.1704029707055427 | -0.09859154929577474 | -0.03578528827037764 | -0.4064153439153438 | -0.2627962899347304 | -0.1313868613138686
Recreation | 274 | 261211.7899999998 | 253109.6699999999 | 230283.3100000002 | 231023.5300000001 | 198316.8100000001 | 183880.23 | -0.1931649331352154 | -0.09027777777777779 | -0.01292889109895567 | -0.4348612786489746 | -0.2974178403755868 | -0.168111498975951
Reinsurance | 33 | 180567.04 | 174152.7 | 151600.57 | 149572.6700000001 | 114566.61 | 98180.14000000001 | -0.2137558005497592 | -0.1347791870812768 | -0.05664062500000011 | -0.4503461918892185 | -0.3683852140077821 | -0.2175438596491228
Restaurant/Dining | 327 | 676413.6899999997 | 674749.6699999993 | 595659.3499999992 | 586866.8300000004 | 504596.1300000004 | 424589.1200000004 | -0.2196765498652291 | -0.07913669064748197 | 0.01295336787564771 | -0.4849624060150376 | -0.3230816823569852 | -0.1848225214198287
Retail (Automotive) | 170 | 194792.5099999999 | 196658.7700000001 | 182765.3 | 179985.9200000001 | 159364.7500000001 | 123275.36 | -0.2286960985626284 | -0.09189189189189184 | -0.02622673434856182 | -0.4689349112426036 | -0.2981108826677181 | -0.1722525331254872
Retail (Building Supply) | 83 | 453437.0999999998 | 450938.8 | 396917.66 | 406870.7999999999 | 361713.56 | 270245.1400000001 | -0.2764461293873059 | -0.1184501941544399 | -0.04803788903924211 | -0.4984984984984985 | -0.3907766990291263 | -0.2699208952344202
Retail (Distributors) | 743 | 606257.9099999992 | 604251.680000001 | 554741.2000000001 | 553610.370000001 | 469046.8799999999 | 416316.3299999994 | -0.1569413519089741 | -0.06758133442573017 | -0.01442307692307687 | -0.3911392405063292 | -0.2549019607843137 | -0.1254396248534583
Retail (General) | 208 | 1061020.31 | 1070073.17 | 963152.3400000005 | 1008835.340000001 | 936827.7800000003 | 895353.7899999998 | -0.1546811397557667 | -0.0394772593730231 | 0.01521041068108842 | -0.4088050314465409 | -0.2004886162802787 | -0.03324858204576564
Retail (Grocery and Food) | 157 | 480083.9599999997 | 477239.1 | 441327.9199999995 | 462294.9399999999 | 405993.4099999999 | 398136.1399999997 | -0.06031842772548401 | 0.0028169014084507 | 0.0727611940298507 | -0.2618545096383847 | -0.1552612214863871 | -0.06653571870963171
Retail (Online) | 251 | 2458484.224999998 | 2409509.790000002 | 2216290.040000001 | 2227249.750000001 | 2043792.51 | 1992297.28 | -0.1885855987700858 | -0.1052351846930641 | -0.01249999999999996 | -0.4749163879598662 | -0.3458911100874326 | -0.1975308641975309
Retail (Special Lines) | 421 | 816614.4700000006 | 809181.1499999998 | 734621.57 | 736959.9400000008 | 626112.9200000002 | 549553.9800000001 | -0.2005182968483498 | -0.0851063829787233 | 0.002583979328165231 | -0.4954486345903771 | -0.3372768783727688 | -0.177027583367641
Rubber& Tires | 82 | 106564.06 | 107693.31 | 99225.69999999998 | 98821.01999999997 | 85283.99999999997 | 78520.86999999994 | -0.1798015178050205 | -0.0888888888888889 | -0.03242147922998972 | -0.4054545454545454 | -0.2819583894006831 | -0.0983379501385041
Semiconductor | 507 | 2074283.650000001 | 2040419.860000001 | 1855924.230000001 | 1858444.72 | 1691247.870000002 | 1478262.969999998 | -0.2013233991559422 | -0.1395255393496585 | -0.06736842105263163 | -0.4183876092136617 | -0.3103184685064053 | -0.1930501930501931
Semiconductor Equip | 289 | 527897.6999999998 | 515127.1699999997 | 462197.6099999999 | 471301.0599999998 | 403709.0499999997 | 346170.2800000001 | -0.2239583333333333 | -0.1596401522610958 | -0.07947019867549665 | -0.4841010401188707 | -0.4066780821917808 | -0.3045822102425876
Shipbuilding & Marine | 314 | 275830.9 | 277294.0900000003 | 255972.9300000001 | 258556.6799999998 | 233758.1800000001 | 212840.74 | -0.1744292237442922 | -0.1052631578947368 | -0.03699421965317917 | -0.4111612638489947 | -0.2845224371290722 | -0.1598746081504702
Shoe | 65 | 258790.98 | 254233.99 | 226826.78 | 225523.41 | 191842.93 | 168445.3999999999 | -0.1792674548938785 | -0.1269024779138419 | -0.05000000000000004 | -0.4419354838709677 | -0.2974433123429097 | -0.1683048540753062
Software (Entertainment) | 229 | 2573978.480000001 | 2514299.969999996 | 2305808.270000004 | 2251082.639999998 | 2082556.980000001 | 1871434.030000002 | -0.2004830917874395 | -0.1189871301986627 | -0.03747833622183716 | -0.4708106250306869 | -0.3577385020994043 | -0.2241127325873089
Software (Internet) | 104 | 226144.91 | 221767.15 | 201831.0100000001 | 203939.9399999999 | 176368.7300000002 | 165620.78 | -0.1390134529147983 | -0.07205513784461143 | -0.01577241178670874 | -0.4376308443824145 | -0.2876620211164029 | -0.1871657754010695
Software (System & Application) | 1018 | 3765826.960000001 | 3692469.569999998 | 3359963.939999998 | 3322193.990000004 | 3082957.289999999 | 2792918.12 | -0.1754874651810584 | -0.09419014084507038 | -0.02817909312462163 | -0.4512330593201511 | -0.3432240187396446 | -0.2068376068376069
Steel | 583 | 540502.2099999995 | 532222.9699999994 | 480293.5499999992 | 477812.3599999999 | 419092.7000000008 | 377717.4600000001 | -0.1766917293233082 | -0.09859154929577452 | -0.03275202041684389 | -0.4387755102040817 | -0.3273871983210913 | -0.1578947368421051
Telecom (Wireless) | 98 | 1084928.360000001 | 1089954.09 | 1009029.45 | 1022569.67 | 898035.4199999998 | 856820.0299999997 | -0.1428631448041744 | -0.03647190174916259 | 0.012749398911714 | -0.3455925277291303 | -0.2254701743311734 | -0.1359851988899167
Telecom. Equipment | 394 | 554204.9819999986 | 563228.7690000004 | 512926.0689999994 | 521749.1790000004 | 485974.2419999997 | 452452.0860000001 | -0.1693548387096774 | -0.1022867737948084 | -0.03558945027009852 | -0.3881172839506173 | -0.282051282051282 | -0.07947019867549665
Telecom. Services | 251 | 1592053.700000001 | 1595275.16 | 1479100.65 | 1524866.979999998 | 1351478.220000002 | 1268205.610000003 | -0.128177966101695 | -0.06443011199381077 | -0.009090909090909038 | -0.3615313368323557 | -0.2574188616304122 | -0.1359999999999999
Tobacco | 41 | 486174.6 | 485751.7000000001 | 441976.4000000001 | 455824.5000000002 | 406556.8 | 350622.8999999998 | -0.1462686567164179 | -0.076329593832832 | -0.0461538461538461 | -0.3056921995783557 | -0.2123681186670845 | -0.1682179534331061
Transportation | 237 | 547006.7300000006 | 545888.8099999995 | 496914.8799999998 | 496978.5700000004 | 443523.5000000001 | 414461.6700000003 | -0.1326034063260342 | -0.0684046345811053 | -0.02189781021897808 | -0.3423795049934868 | -0.2256575573302073 | -0.08571428571428574
Transportation (Railroads) | 50 | 684011.2800000001 | 672827.6600000004 | 609079.59 | 601802.7100000001 | 537524.9899999998 | 505925.7599999999 | -0.09889165704340286 | -0.01612875985881002 | 0.1206514386055817 | -0.3644042232277526 | -0.151023395831887 | -0.03452698649123886
Trucking | 176 | 238579.8100000001 | 240460.55 | 208773.3100000001 | 200521.5799999999 | 163563.5900000001 | 148935.8899999999 | -0.1552511415525114 | -0.05775782068552615 | 0.002557544757033181 | -0.3821243523316062 | -0.2528103921407742 | -0.1305418719211824
Utility (General) | 53 | 624354.7000000001 | 629442.7000000004 | 570033.7599999998 | 603574.6 | 501369.78 | 441883.05 | -0.1660086853533359 | -0.09802354532321034 | -0.04381384790011356 | -0.3692432589156277 | -0.2943702290076335 | -0.217499656191266
Utility (Water) | 95 | 145090.6 | 145793.29 | 132232.4500000001 | 141296.68 | 126654.35 | 113769.2 | -0.1257142857142858 | -0.06595744680851068 | -0.02182930325910348 | -0.2752933713923248 | -0.1778265642151481 | -0.05954825462012314
Missing | 18 | 1092.33 | 4495.179999999999 | 4458.469999999999 | 4365.309999999999 | 4650.580000000001 | 7024.090000000001 | -0.06261180679785328 | -0.0007408322015063362 | 0.07176470588235295 | -0.4107692307692308 | -0.2712 | -0.1718843469591226

Sheet: Sheet1
3/13 - 3/20 | 2/14 - 3/20 | Individual Stock: 3/13-3/20 | Individual Stock: 2/14-3/20
Industry | Market Cap (2/14) | Mkt Cap 3/13 | Mkt Cap (3/20 | $ Change | % Change | $ Change | % Change | 1st Quartile | Median | 3rd Quartile | 1st Quartile | Median | 3rd Quartile
Advertising | 173439.1300000002 | 128036.48 | 112030.15 | -16006.330000000002 | -0.12501382418510726 | -61408.980000000214 | -0.3540664670077631 | -0.1853658536585366 | -0.08902276444959206 | -0.02625820568927795 | -0.4882269862349543 | -0.3643790849673203 | -0.1794434010585624
Aerospace/Defense | 1280890.819999999 | 880384.4199999999 | 708393.8700000003 | -171990.54999999958 | -0.1953584662481869 | -572496.9499999986 | -0.446952184418028 | -0.2094488188976378 | -0.1300315706393055 | -0.05684754521963831 | -0.4867021276595744 | -0.3704606570723 | -0.1925183909845046
Air Transport | 559940.7800000005 | 383474.7599999999 | 317049.1699999999 | -66425.58999999997 | -0.17322024010133022 | -242891.61000000057 | -0.4337808901862807 | -0.2856611723881521 | -0.1576016056196688 | -0.07174572471095086 | -0.618341136277363 | -0.4439560439560439 | -0.2601941747572816
Apparel | 1067323.770000003 | 801066.699999999 | 757359.5299999994 | -43707.169999999576 | -0.05456121194402368 | -309964.2400000036 | -0.2904125708734124 | -0.1751054852320675 | -0.08730957774501691 | -0.03098793667877475 | -0.3957317073170731 | -0.2587857024507072 | -0.117001828153565
Auto & Truck | 1200060.890000001 | 924785.6299999993 | 808717.8400000002 | -116067.7899999991 | -0.12550777848916098 | -391343.05000000086 | -0.3261026613407929 | -0.2041198501872659 | -0.1183075475852131 | -0.06110862094725833 | -0.4279946164199192 | -0.2808922563932474 | -0.1271227235416058
Auto Parts | 531002.4299999992 | 410519.9499999997 | 354975.1300000001 | -55544.8199999996 | -0.13530358268824605 | -176027.29999999912 | -0.3314999895574854 | -0.1991525423728815 | -0.1189003436426118 | -0.04406779661016946 | -0.4581401690755386 | -0.3466977208451173 | -0.1826857532379004
Bank (Money Center) | 6838197.360000006 | 5231164.319999999 | 4661919.760000006 | -569244.5599999931 | -0.10881794667080791 | -2176277.5999999996 | -0.31825311341993756 | -0.1660036166365281 | -0.08744588744588744 | -0.04072075831644206 | -0.4118001204093918 | -0.2878007216875564 | -0.1493305029392553
Banks (Regional) | 1018914.519999999 | 758009.0199999984 | 665977.4500000001 | -92031.56999999832 | -0.12141223596521122 | -352937.0699999989 | -0.34638535723291025 | -0.1843416370106762 | -0.1117158761632555 | -0.0430622009569378 | -0.4038518960883846 | -0.2967339466037867 | -0.1971640783254557
Beverage (Alcoholic) | 1145470.510000001 | 939715.7099999996 | 899372.7399999998 | -40342.969999999856 | -0.042931037089929965 | -246097.77000000118 | -0.21484426517449234 | -0.1392778187177597 | -0.09090909090909094 | -0.03396226415094339 | -0.3357039076240728 | -0.2213714152733522 | -0.1079947319642943
Beverage (Soft) | 702061.2099999998 | 577569.4699999999 | 481364.47 | -96204.99999999988 | -0.1665687073106546 | -220696.73999999987 | -0.31435541069132694 | -0.186370697408225 | -0.1277838808676851 | -0.02537182852143471 | -0.3693181818181819 | -0.2935539945923353 | -0.1765217391304347
Broadcasting | 164702.92 | 113455.9600000001 | 94199.75000000004 | -19256.21000000005 | -0.16972409382459974 | -70503.16999999997 | -0.4280626597269797 | -0.2136222910216719 | -0.1263157894736842 | -0.05072463768115953 | -0.4523825181171334 | -0.323086552714471 | -0.1907605279698302
Brokerage & Investment Banking | 838291.5899999993 | 740377.0599999992 | 653217.7299999992 | -87159.33000000007 | -0.11772289379144212 | -185073.8600000001 | -0.22077504081843438 | -0.1444695259593679 | -0.07410795870683234 | -0.0178571428571429 | -0.3728312369090155 | -0.2255297115590041 | -0.1013513513513513
Building Materials | 406036.2200000002 | 319090.4700000003 | 280691.7100000002 | -38398.760000000126 | -0.12033815989553084 | -125344.51000000001 | -0.30870278025935705 | -0.1750042251140782 | -0.09613130128956615 | -0.02912621359223311 | -0.4008908685968818 | -0.294478527607362 | -0.1641375038711675
Business & Consumer Services | 914097.4400000013 | 687595.5600000009 | 594523.9700000004 | -93071.59000000043 | -0.1353580439059268 | -319573.4700000009 | -0.34960547532000574 | -0.1936813186813187 | -0.0922790343530106 | -0.02597402597402598 | -0.4620138888888888 | -0.3446225891731328 | -0.2045298558682224
Cable TV | 568815.8 | 463637.6199999999 | 404690.2999999998 | -58947.320000000065 | -0.12714093390437145 | -164125.50000000023 | -0.28853892595810493 | -0.1514980214810628 | -0.09359290674199588 | -0.04526027397260268 | -0.4280226445612617 | -0.276583958470947 | -0.1682926829268292
Chemical (Basic) | 715423.93 | 573737.0000000003 | 532769.02 | -40967.98000000033 | -0.07140550461274121 | -182654.91000000003 | -0.2553100369455073 | -0.143727161997564 | -0.0725457794713536 | -0.02262540786690093 | -0.3671875000000001 | -0.2410274071925755 | -0.07729439449707354
Chemical (Diversified) | 211957.64 | 149503.7 | 140109.5399999999 | -9394.16000000012 | -0.06283563550601169 | -71848.10000000012 | -0.3389738628907178 | -0.1347795163584636 | -0.06286266924564798 | -0.03344708592622325 | -0.3823394944810919 | -0.3104744011272899 | -0.2394067796610169
Chemical (Specialty) | 1327995.269999999 | 1068100.08 | 971265.4900000007 | -96834.58999999939 | -0.09066059614937898 | -356729.7799999984 | -0.2686227790555298 | -0.1573875802997858 | -0.08487442327724615 | -0.02001368457064656 | -0.3965330444203683 | -0.2604671100977935 | -0.1128396143733567
Coal & Related Energy | 167820.71 | 150130.3800000001 | 139070.3099999999 | -11060.070000000182 | -0.07366976623918607 | -28750.40000000008 | -0.17131616234968905 | -0.1545574327748455 | -0.07684197208046906 | -0.03954419464120729 | -0.4188034188034188 | -0.2960893854748603 | -0.09914687572054415
Computer Services | 1113884.54 | 868216.8100000002 | 789939.839999999 | -78276.97000000114 | -0.0901583211686504 | -323944.700000001 | -0.2908243075175466 | -0.162037037037037 | -0.0850434326868541 | -0.02150537634408611 | -0.4160662824207494 | -0.3165829145728642 | -0.1666666666666666
Computers/Peripherals | 2220630.149999997 | 1846352.36 | 1570513.64 | -275838.7200000002 | -0.14939657563521633 | -650116.5099999972 | -0.292762173836106 | -0.1675908087025986 | -0.09888579387186625 | -0.03990877993158493 | -0.3953596287703016 | -0.2972270949912291 | -0.171850699844479
Construction Supplies | 1046257.44 | 846335.7399999991 | 759964.7299999997 | -86371.00999999931 | -0.10205289215364981 | -286292.7100000002 | -0.2736350529559916 | -0.1804878048780488 | -0.08775137111517373 | -0.02818762387139395 | -0.4316644113667119 | -0.2996941896024465 | -0.1132917038358607
Diversified | 1725378.959999999 | 1362910.35 | 1191412.630000001 | -171497.71999999904 | -0.12583198887586336 | -533966.329999998 | -0.30947771033442895 | -0.1692482223889662 | -0.09061336099193806 | -0.03342618384401097 | -0.4051379519577399 | -0.2884615384615384 | -0.1761846901579587
Drugs (Biotechnology) | 1414634.149999999 | 1232944.8 | 1145399.680000002 | -87545.11999999802 | -0.07100489819170981 | -269234.46999999695 | -0.19032091795606457 | -0.1578212290502793 | -0.07432271794947154 | 0.01118012422360248 | -0.4243369734789392 | -0.3116279069767441 | -0.1731843575418993
Drugs (Pharmaceutical) | 3630634.030000001 | 3069319.469999996 | 2905181.82999999 | -164137.64000000618 | -0.053476883590748016 | -725452.2000000114 | -0.1998141905809248 | -0.1443298969072163 | -0.07022646997714521 | -0.01002004008016033 | -0.3990129081245254 | -0.2657003525341258 | -0.1140994295028525
Education | 192629.6600000001 | 169031.41 | 150659.21 | -18372.20000000001 | -0.10869104150524457 | -41970.4500000001 | -0.21788155572719217 | -0.1576576576576577 | -0.08745207834754531 | -0.01760563380281688 | -0.384083044982699 | -0.250252552490433 | -0.1398963730569948
Electrical Equipment | 899874.3099999999 | 756338.9100000004 | 682035.179999999 | -74303.73000000138 | -0.09824131618456776 | -217839.13000000094 | -0.24207728521553298 | -0.150379746835443 | -0.07668231611893583 | -0.01917808219178085 | -0.3846187767341359 | -0.2466350301984469 | -0.05820105820105825
Electronics (Consumer & Office) | 216525.07 | 173683.1699999999 | 161086.4099999998 | -12596.760000000097 | -0.07252723450406913 | -55438.66000000021 | -0.25603806524574824 | -0.15625 | -0.09613817370348476 | -0.04381846635367748 | -0.4092715231788079 | -0.3051020408163266 | -0.1918158567774936
Electronics (General) | 1466220.61 | 1246257.719999998 | 1108472.9 | -137784.8199999982 | -0.11055884973775602 | -357747.7100000002 | -0.24399309869201755 | -0.1725888324873096 | -0.09966206573734748 | -0.04389027431421455 | -0.4141842743332178 | -0.2917540741826443 | -0.1403508771929826
Engineering/Construction | 740587.7599999976 | 595778.7699999996 | 544073.3700000006 | -51705.399999998976 | -0.08678624114115213 | -196514.389999997 | -0.2653492274838537 | -0.1599020293911827 | -0.0729303547963206 | -0.008714336874776296 | -0.403114186851211 | -0.273557148245945 | -0.1262376237623762
Entertainment | 1114773.070000001 | 906839.5400000005 | 843633.6200000002 | -63205.920000000275 | -0.06969912229455746 | -271139.45000000077 | -0.2432238966806047 | -0.1524105754276827 | -0.07022900763358786 | 0.009254498714653003 | -0.4318181818181819 | -0.3005190311418686 | -0.1404651162790698
Environmental & Waste Services | 272463.1599999995 | 240511.3600000001 | 218314.9999999997 | -22196.360000000393 | -0.09228819794624414 | -54148.1599999998 | -0.19873571164630072 | -0.1438848920863309 | -0.07715663511341297 | -0.01580288870008484 | -0.3834939039986359 | -0.2439393939393939 | -0.07657939415601811
Farming/Agriculture | 317498.0899999996 | 267423.0200000002 | 238210.8200000001 | -29212.2000000001 | -0.10923592142516407 | -79287.26999999952 | -0.24972518732317292 | -0.1675213675213676 | -0.08123581733742646 | -0.02000000000000002 | -0.385 | -0.25 | -0.1235521235521235
Financial Svcs. (Non-bank & Insurance) | 1659139.170000002 | 1265621.399999999 | 1052532.339999998 | -213089.060000001 | -0.1683671436023452 | -606606.830000004 | -0.3656153992193453 | -0.2050415624788809 | -0.1137692640584261 | -0.04228329809725162 | -0.4381399073385575 | -0.2914466737064414 | -0.1791044776119404
Food Processing | 1796478.789999997 | 1567558.919999998 | 1510513.929999999 | -57044.98999999906 | -0.03639097023542766 | -285964.859999998 | -0.15918076049202812 | -0.1365131578947368 | -0.06335149863760225 | -0.00609756097560965 | -0.3370807569795766 | -0.2092252034971359 | -0.087117701575533
Food Wholesalers | 93325.74999999996 | 60453.15 | 50278.58000000002 | -10174.569999999978 | -0.16830504283068753 | -43047.16999999993 | -0.46125715571532994 | -0.1250000000000001 | -0.04125255949986539 | 0.03327171903881698 | -0.3583925168889659 | -0.2336956521739131 | -0.1387009771410885
Furn/Home Furnishings | 324117.5600000001 | 281919.1200000001 | 250700.33 | -31218.790000000125 | -0.11073668930294657 | -73417.23000000013 | -0.22651420058820665 | -0.183728610027019 | -0.1026951180768823 | -0.04117647058823526 | -0.4051128941966784 | -0.2609153575147798 | -0.1103896103896105
Green & Renewable Energy | 229503.9500000001 | 196206.3200000001 | 181366.6900000001 | -14839.630000000005 | -0.07563278287875741 | -48137.26000000001 | -0.20974479959930967 | -0.1358695652173912 | -0.06204119141575221 | 0 | -0.3555913113435237 | -0.2306547890045629 | -0.09211841119160624
Healthcare Products | 1831325.835 | 1508443.84 | 1352469.359999998 | -155974.48000000208 | -0.10340091945352242 | -478856.47500000196 | -0.26148076210588816 | -0.179140127388535 | -0.08955223880597019 | -0.01807228915662651 | -0.4150442477876106 | -0.2945205479452054 | -0.1249999999999999
Healthcare Support Services | 1083255.470000001 | 926739.37 | 764410.3899999999 | -162328.9800000001 | -0.17516141566317625 | -318845.080000001 | -0.29433969071026317 | -0.1643571978444958 | -0.08140209629241035 | -0.01005322294500288 | -0.3775388291517323 | -0.2459801033159065 | -0.138388303298198
Heathcare Information and Technology | 772770.3199999997 | 651425.9200000011 | 606198.7000000008 | -45227.22000000032 | -0.06942803258427335 | -166571.61999999895 | -0.21555126496058882 | -0.1601971657424522 | -0.0688083382931467 | -0.008021390374331472 | -0.4175213675213675 | -0.2844756399669695 | -0.1476683937823835
Homebuilding | 247370.5000000001 | 162537.2999999999 | 127596.4 | -34940.89999999991 | -0.21497157883144316 | -119774.1000000001 | -0.4841891009639389 | -0.2573337937186182 | -0.1231884057971016 | -0.04643189028102657 | -0.5292689329308309 | -0.4107382550335571 | -0.3039045703585547
Hospitals/Healthcare Facilities | 249380.3299999998 | 192597.0699999999 | 163359.73 | -29237.33999999988 | -0.15180573619318247 | -86020.5999999998 | -0.3449373894083782 | -0.1940298507462687 | -0.09463282772603648 | -0.03422053231939171 | -0.4174603174603174 | -0.2877853177051203 | -0.1774193548387096
Hotel/Gaming | 717411.8299999998 | 479600.1800000003 | 397631.4099999991 | -81968.77000000118 | -0.1709106322687392 | -319780.42000000074 | -0.445741771501037 | -0.2225237449118046 | -0.1192677565198868 | -0.03163841807909606 | -0.4861730597680642 | -0.3282163117534707 | -0.1837875611460517
Household Products | 1463593.530000001 | 1251021.989999999 | 1196818.570000003 | -54203.41999999597 | -0.04332731193637612 | -266774.95999999787 | -0.18227394049767198 | -0.1584070796460177 | -0.07284768211920523 | 0 | -0.3732718894009217 | -0.2446259385055417 | -0.1174533479692647
Information Services | 1686725.599999999 | 1359272.239999999 | 1090341.7 | -268930.5399999991 | -0.19784891656435158 | -596383.899999999 | -0.35357493833021764 | -0.2272727272727273 | -0.1425368791125258 | -0.04666184041184041 | -0.4655231143552312 | -0.3468286238081095 | -0.2195121951219512
Insurance (General) | 832916.2399999993 | 594890.0800000007 | 508229.6899999999 | -86660.39000000077 | -0.14567462614269963 | -324686.5499999994 | -0.3898189690718477 | -0.1351929228161785 | -0.06235697940503426 | -0.0096765275089854 | -0.3696914994561318 | -0.2574835123747095 | -0.1494226058555931
Insurance (Life) | 1208298.31 | 907929.3799999995 | 790539.0799999998 | -117390.2999999997 | -0.12929452729021695 | -417759.2300000002 | -0.3457417978181234 | -0.2095322341532136 | -0.117776775116661 | -0.03541128734784216 | -0.4573199809251312 | -0.337790935075541 | -0.1817897371714644
Insurance (Prop/Cas.) | 655251.1399999999 | 511216.3099999998 | 433970.9799999996 | -77245.33000000025 | -0.1511010671783932 | -221280.16000000032 | -0.33770282337852986 | -0.1668679820896175 | -0.09090107201244574 | -0.02142857142857146 | -0.3550420168067226 | -0.2598425196850394 | -0.1693548387096774
Investments & Asset Management | 880599.0700000011 | 655973.9200000002 | 554034.1999999997 | -101939.72000000044 | -0.1554020928149101 | -326564.8700000014 | -0.37084398692358483 | -0.1906287987622942 | -0.09316590299991362 | -0.03043478260869559 | -0.4264684448331147 | -0.2941970310391363 | -0.09629629629629632
Machinery | 1221304.539999996 | 954289.7300000002 | 846754.0800000011 | -107535.64999999909 | -0.11268658418863951 | -374550.45999999496 | -0.30668064166861786 | -0.1543031743337294 | -0.07485515643105445 | -0.02695417789757415 | -0.3919221680017188 | -0.2824074074074074 | -0.1107544141252006
Metals & Mining | 845209.3999999985 | 610527.9100000004 | 548487.2099999995 | -62040.700000000885 | -0.10161812258509335 | -296722.189999999 | -0.3510635234298146 | -0.186858316221766 | -0.09615514027790856 | -0.03079178885630507 | -0.4776931447225244 | -0.3771929824561404 | -0.2394188250157928
Office Equipment & Services | 46240.86 | 35229.08999999997 | 31621.95999999998 | -3607.1299999999865 | -0.10239066634988273 | -14618.90000000002 | -0.3161468017679606 | -0.19578362477529 | -0.08099173553718997 | -0.01120448179271694 | -0.4320462146549102 | -0.3221542837583495 | -0.1896144767899292
Oil/Gas (Integrated) | 3679286.400000001 | 2749752.200000001 | 2620850.5 | -128901.70000000112 | -0.046877569549722 | -1058435.9000000008 | -0.28767423487337124 | -0.1968136989270619 | -0.07176888438560225 | -0.01937046004842613 | -0.5165794754722377 | -0.4175198637007786 | -0.24860853432282
Oil/Gas (Production and Exploration) | 692255.3799999993 | 375199.9100000005 | 318336.7800000001 | -56863.13000000041 | -0.1515542207885933 | -373918.5999999992 | -0.5401454590356518 | -0.264 | -0.1691555161282373 | -0.0767386091127098 | -0.6629769880570929 | -0.5185185185185185 | -0.3607142857142858
Oil/Gas Distribution | 653562.4299999992 | 425360.7500000003 | 360704.3299999998 | -64656.42000000051 | -0.15200372859978376 | -292858.09999999945 | -0.4480950656848494 | -0.2213438735177866 | -0.1213592233009708 | -0.047244094488189 | -0.5116298280602791 | -0.3746796288113124 | -0.1956779159265838
Oilfield Svcs/Equip. | 743243.3599999994 | 475110.8100000001 | 419304.7 | -55806.1100000001 | -0.11745914600427654 | -323938.6599999994 | -0.43584467407821803 | -0.2144557168958554 | -0.1172022347959148 | -0.03066439522998299 | -0.546672077922078 | -0.3973674848808254 | -0.2291666666666667
Packaging & Container | 281161.52 | 221698.9399999999 | 201719.9000000001 | -19979.039999999775 | -0.09011788689652638 | -79441.61999999991 | -0.28254798167259837 | -0.148664343786295 | -0.07646641857168168 | -0.02258064516129032 | -0.3649122807017543 | -0.2566977463866104 | -0.1413043478260869
Paper/Forest Products | 171469.95 | 136007.1700000002 | 122829.2 | -13177.97000000019 | -0.0968917300462922 | -48640.750000000015 | -0.28366923767109054 | -0.1732802416586571 | -0.09177972865123707 | -0.03394255874673624 | -0.4026556947821209 | -0.2806880140567487 | -0.1358902835890283
Power | 2208957.149999998 | 1770854.430000002 | 1596940.280000002 | -173914.15000000014 | -0.09820917352308847 | -612016.8699999962 | -0.27706144956229534 | -0.138004246284501 | -0.07268466695782116 | -0.02231741272221033 | -0.3598209289311695 | -0.2566273958020847 | -0.1162451361867705
Precious Metals | 419850.2999999998 | 315506.21 | 298221.9000000004 | -17284.30999999965 | -0.054782788585998506 | -121628.39999999944 | -0.289694684033808 | -0.1628068550254748 | -0.08064838558469128 | 0.0156691134952005 | -0.4394366197183098 | -0.3430340360680721 | -0.2105263157894737
Publishing & Newspapers | 148019.3599999999 | 119935.42 | 109179.62 | -10755.800000000003 | -0.08967992941534705 | -38839.7399999999 | -0.26239635139619527 | -0.1452991452991452 | -0.07098765432098753 | -0.02367537419611854 | -0.3895582329317269 | -0.2583732057416267 | -0.1419067627050821
R.E.I.T. | 2213111.06 | 1740687.200000002 | 1329022.800000001 | -411664.4000000011 | -0.23649533356711108 | -884088.2599999991 | -0.39947758428354657 | -0.3019488142756515 | -0.2052830619294031 | -0.1063081176174917 | -0.5030211480362538 | -0.3951127867278174 | -0.2754775351631354
Real Estate (Development) | 810494.3099999995 | 721062.3700000003 | 644070.0399999995 | -76992.33000000089 | -0.10677624183883129 | -166424.27000000002 | -0.20533675307356583 | -0.1575757575757576 | -0.09247620974489434 | -0.03378378378378377 | -0.3669172932330828 | -0.2296395801229885 | -0.1084905660377359
Real Estate (General/Diversified) | 497642.8000000001 | 411176.8000000007 | 367396.2900000003 | -43780.51000000036 | -0.10647611927521272 | -130246.50999999978 | -0.2617269053224517 | -0.1429906542056074 | -0.08938492063492065 | -0.02597402597402598 | -0.3806482491911244 | -0.2468876635816683 | -0.1200997368056517
Real Estate (Operations & Services) | 616663.0100000002 | 480336.6199999998 | 410085.6499999997 | -70250.97000000015 | -0.14625362105433512 | -206577.36000000057 | -0.3349922999273144 | -0.1704029707055427 | -0.09859154929577474 | -0.03578528827037764 | -0.4064153439153438 | -0.2627962899347304 | -0.1313868613138686
Recreation | 261211.7899999998 | 198316.8100000001 | 183880.23 | -14436.580000000104 | -0.07279554365562907 | -77331.5599999998 | -0.29604927097662725 | -0.1931649331352154 | -0.09027777777777779 | -0.01292889109895567 | -0.4348612786489746 | -0.2974178403755868 | -0.168111498975951
Reinsurance | 180567.04 | 114566.61 | 98180.14000000001 | -16386.469999999987 | -0.1430300678356459 | -82386.9 | -0.45626765549238657 | -0.2137558005497592 | -0.1347791870812768 | -0.05664062500000011 | -0.4503461918892185 | -0.3683852140077821 | -0.2175438596491228
Restaurant/Dining | 676413.6899999997 | 504596.1300000004 | 424589.1200000004 | -80007.01000000001 | -0.15855652717748736 | -251824.5699999993 | -0.37229372161287777 | -0.2196765498652291 | -0.07913669064748197 | 0.01295336787564771 | -0.4849624060150376 | -0.3230816823569852 | -0.1848225214198287
Retail (Automotive) | 194792.5099999999 | 159364.7500000001 | 123275.36 | -36089.39000000009 | -0.2264577957170583 | -71517.14999999989 | -0.3671452767870794 | -0.2286960985626284 | -0.09189189189189184 | -0.02622673434856182 | -0.4689349112426036 | -0.2981108826677181 | -0.1722525331254872
Retail (Building Supply) | 453437.0999999998 | 361713.56 | 270245.1400000001 | -91468.41999999993 | -0.2528752861794839 | -183191.95999999973 | -0.4040074356509421 | -0.2764461293873059 | -0.1184501941544399 | -0.04803788903924211 | -0.4984984984984985 | -0.3907766990291263 | -0.2699208952344202
Retail (Distributors) | 606257.9099999992 | 469046.8799999999 | 416316.3299999994 | -52730.55000000051 | -0.11242063906277455 | -189941.57999999984 | -0.31330161119052463 | -0.1569413519089741 | -0.06758133442573017 | -0.01442307692307687 | -0.3911392405063292 | -0.2549019607843137 | -0.1254396248534583
Retail (General) | 1061020.31 | 936827.7800000003 | 895353.7899999998 | -41473.990000000456 | -0.044270666269098514 | -165666.52000000025 | -0.15613887730386636 | -0.1546811397557667 | -0.0394772593730231 | 0.01521041068108842 | -0.4088050314465409 | -0.2004886162802787 | -0.03324858204576564
Retail (Grocery and Food) | 480083.9599999997 | 405993.4099999999 | 398136.1399999997 | -7857.270000000193 | -0.01935319590532318 | -81947.81999999995 | -0.17069476764022695 | -0.06031842772548401 | 0.0028169014084507 | 0.0727611940298507 | -0.2618545096383847 | -0.1552612214863871 | -0.06653571870963171
Retail (Online) | 2458484.224999998 | 2043792.51 | 1992297.28 | -51495.22999999998 | -0.02519591873834589 | -466186.9449999982 | -0.18962372841745548 | -0.1885855987700858 | -0.1052351846930641 | -0.01249999999999996 | -0.4749163879598662 | -0.3458911100874326 | -0.1975308641975309
Retail (Special Lines) | 816614.4700000006 | 626112.9200000002 | 549553.9800000001 | -76558.94000000006 | -0.1222765695363706 | -267060.49000000046 | -0.32703374702630517 | -0.2005182968483498 | -0.0851063829787233 | 0.002583979328165231 | -0.4954486345903771 | -0.3372768783727688 | -0.177027583367641
Rubber& Tires | 106564.06 | 85283.99999999997 | 78520.86999999994 | -6763.130000000034 | -0.07930127573753619 | -28043.19000000006 | -0.26315804784464913 | -0.1798015178050205 | -0.0888888888888889 | -0.03242147922998972 | -0.4054545454545454 | -0.2819583894006831 | -0.0983379501385041
Semiconductor | 2074283.650000001 | 1691247.870000002 | 1478262.969999998 | -212984.90000000386 | -0.12593358062884277 | -596020.680000003 | -0.2873380793412717 | -0.2013233991559422 | -0.1395255393496585 | -0.06736842105263163 | -0.4183876092136617 | -0.3103184685064053 | -0.1930501930501931
Semiconductor Equip | 527897.6999999998 | 403709.0499999997 | 346170.2800000001 | -57538.76999999961 | -0.14252534096027733 | -181727.41999999975 | -0.34424741763413597 | -0.2239583333333333 | -0.1596401522610958 | -0.07947019867549665 | -0.4841010401188707 | -0.4066780821917808 | -0.3045822102425876
Shipbuilding & Marine | 275830.9 | 233758.1800000001 | 212840.74 | -20917.44000000012 | -0.0894832428965699 | -62990.16000000003 | -0.22836513240539774 | -0.1744292237442922 | -0.1052631578947368 | -0.03699421965317917 | -0.4111612638489947 | -0.2845224371290722 | -0.1598746081504702
Shoe | 258790.98 | 191842.93 | 168445.3999999999 | -23397.530000000086 | -0.12196190915140885 | -90345.5800000001 | -0.3491063714817267 | -0.1792674548938785 | -0.1269024779138419 | -0.05000000000000004 | -0.4419354838709677 | -0.2974433123429097 | -0.1683048540753062
Software (Entertainment) | 2573978.480000001 | 2082556.980000001 | 1871434.030000002 | -211122.94999999902 | -0.10137679402174098 | -702544.449999999 | -0.2729410736953787 | -0.2004830917874395 | -0.1189871301986627 | -0.03747833622183716 | -0.4708106250306869 | -0.3577385020994043 | -0.2241127325873089
Software (Internet) | 226144.91 | 176368.7300000002 | 165620.78 | -10747.950000000215 | -0.06094022449444526 | -60524.130000000005 | -0.26763427927694683 | -0.1390134529147983 | -0.07205513784461143 | -0.01577241178670874 | -0.4376308443824145 | -0.2876620211164029 | -0.1871657754010695
Software (System & Application) | 3765826.960000001 | 3082957.289999999 | 2792918.12 | -290039.169999999 | -0.0940782316189658 | -972908.8400000008 | -0.25835197695860157 | -0.1754874651810584 | -0.09419014084507038 | -0.02817909312462163 | -0.4512330593201511 | -0.3432240187396446 | -0.2068376068376069
Steel | 540502.2099999995 | 419092.7000000008 | 377717.4600000001 | -41375.24000000075 | -0.09872574731079942 | -162784.74999999942 | -0.3011731441394098 | -0.1766917293233082 | -0.09859154929577452 | -0.03275202041684389 | -0.4387755102040817 | -0.3273871983210913 | -0.1578947368421051
Telecom (Wireless) | 1084928.360000001 | 898035.4199999998 | 856820.0299999997 | -41215.39000000013 | -0.04589506057567322 | -228108.33000000136 | -0.21025197460964257 | -0.1428631448041744 | -0.03647190174916259 | 0.012749398911714 | -0.3455925277291303 | -0.2254701743311734 | -0.1359851988899167
Telecom. Equipment | 554204.9819999986 | 485974.2419999997 | 452452.0860000001 | -33522.15599999955 | -0.06897928553176194 | -101752.89599999844 | -0.1836015541267702 | -0.1693548387096774 | -0.1022867737948084 | -0.03558945027009852 | -0.3881172839506173 | -0.282051282051282 | -0.07947019867549665
Telecom. Services | 1592053.700000001 | 1351478.220000002 | 1268205.610000003 | -83272.60999999917 | -0.06161594672239634 | -323848.089999998 | -0.203415305652063 | -0.128177966101695 | -0.06443011199381077 | -0.009090909090909038 | -0.3615313368323557 | -0.2574188616304122 | -0.1359999999999999
Tobacco | 486174.6 | 406556.8 | 350622.8999999998 | -55933.9000000002 | -0.13757954608064654 | -135551.7000000002 | -0.2788127968840828 | -0.1462686567164179 | -0.076329593832832 | -0.0461538461538461 | -0.3056921995783557 | -0.2123681186670845 | -0.1682179534331061
Transportation | 547006.7300000006 | 443523.5000000001 | 414461.6700000003 | -29061.82999999984 | -0.06552489326946562 | -132545.0600000003 | -0.2423097426973159 | -0.1326034063260342 | -0.0684046345811053 | -0.02189781021897808 | -0.3423795049934868 | -0.2256575573302073 | -0.08571428571428574
Transportation (Railroads) | 684011.2800000001 | 537524.9899999998 | 505925.7599999999 | -31599.229999999865 | -0.05878653195268164 | -178085.52000000025 | -0.2603546538004464 | -0.09889165704340286 | -0.01612875985881002 | 0.1206514386055817 | -0.3644042232277526 | -0.151023395831887 | -0.03452698649123886
Trucking | 238579.8100000001 | 163563.5900000001 | 148935.8899999999 | -14627.700000000215 | -0.08943127257111565 | -89643.92000000022 | -0.3757397576936631 | -0.1552511415525114 | -0.05775782068552615 | 0.002557544757033181 | -0.3821243523316062 | -0.2528103921407742 | -0.1305418719211824
Utility (General) | 624354.7000000001 | 501369.78 | 441883.05 | -59486.73000000004 | -0.11864841554670494 | -182471.65000000008 | -0.29225638887638716 | -0.1660086853533359 | -0.09802354532321034 | -0.04381384790011356 | -0.3692432589156277 | -0.2943702290076335 | -0.217499656191266
Utility (Water) | 145090.6 | 126654.35 | 113769.2 | -12885.150000000009 | -0.10173476078792405 | -31321.40000000001 | -0.21587477066053906 | -0.1257142857142858 | -0.06595744680851068 | -0.02182930325910348 | -0.2752933713923248 | -0.1778265642151481 | -0.05954825462012314
