Source: http://www.stern.nyu.edu/~adamodar/pc/cfanalysis/cfspr20.xlsx

Sheet: Sheet1
Beta Regression | Cost of Capital (Hurdle Rate) | Accounting Returns | Capital Structure | Dividend Policy | Valuation
Company picked for project | Corporate Governance Measure (0-2) | Marginal Investor | Regression Beta | Jensen's Alpha (% annualized) | R Squared (%) | Bottom up Levered Beta (%) | Equity Risk Premium | Cost of equity (%) | Debt to Capital Ratio | Cost of debt (pre-tax) (%) | Cost of Capital (%) | Return on Equity (%) | Return on Capital | Optimal Debt Ratio (%) | Change in Value (in % terms) | Dividends in most recent periods (Total $) | Buybacks in most recent periods (Total $) | FCFE in most recent periods (Total $) | Price per share ($) | Value per share ($)
Activision Blizzard | 1 | Institutional | 0.758 | -0.0107 | 0.1127 | 0.94 | 0.0805 | 0.0872 | 0.0563 | 0.0179 | 0.0831 | 0.11737602499023819 | 0.146 | 0.4 | 0.0298 | 963000 | 0 | 7498000 | 73.1 | 29.07
Activision Blizzard | 1 | Institutional | 0.66 | 0.0283 | 0.199 | 0.833 | 0.0686 | 0.0636 | 0.051 | 0.0265 | 0.0615 | 0.12 | 0.095 | 0.3 | 0.074 | 283000000 | 0 | 1593 | 73.14 | 45.68
Activision Blizzard | 0 | Institutional | 0.69 | 0.5483 | 0.028 | 0.69 | 0.0603 | 0.0884 | 0.0497 | 0.0426 | 0.0449 | 0.124 | 0.073 | 0 | -0.0497 | 1127 | 407 | 4089 | 73.1 | 68.72
Activision Blizzard | 0 | Institutional | 0.59 | 1.5396 | 0.59 | 1.1664 | 0.0596 | 0.0607 | 0.0771 | 0.0291 | 0.0582 | 0.1234 | 0.1105 | 0.3 | 0.05 | 283 | 59 | 1301 | 73.14 | 17.04
Activision Blizzard | 1 | Institutional | 0.773 | -0.0023 | 0.121 | 1.11 | 0.0721 | 0.1065 | 0.0547 | 0.0435 | 0.1024 | 0.1174 | 0.1244 | 0 | -0.0233 | 1894 | 7310 | 22601 | 73.06 | 17.64
Activision Blizzard | 1 | Institutional | 0.836 | 0.0149 | 0.116 | 0.78 | 0.0593185 | 0.0528 | 0.0549 | 0.0127 | 0.0506 | 0.1174 | 0.118 | 0.1 | -0.0025 | 1127 | 0 | 2457 | 73.32 | 86.59
Activision Blizzard | 1 | Institutional | 0.8812 | 0.0136 | 0.1282 | 1.22 | 0.0594 | 0.0879 | 0.0676 | 0.0348 | 0.0879 | 0.1174 | 0.1276 | 0.1 | 0.007 | 208.3 | 0 | 1513 | 59.42 | 59.81
Activision Blizzard | 1 | Institutional | 0.866 | 0.0036 | 0.0895 | 0.85 | 0.0594 | 0.0578 | 0.0514 | 0.0235 | 0.0557 | 0.1242 | 0.1149 | 0.1 | 0.0143 | 1127 | 0 | 8599 | 73.1 | 35.53
Adidas | 1 | Institutional | 0.92 | -0.1416 | 0.2483 | 0.89 | 0.0827 | 0.0689 | 0.1095 | 0.0231 | 0.0632 | 0.2801 | 0.2886 | 0.3 | 0.1916 | 3265 | 2778 | 10180 | 212.5 | 178.72
Adobe | 0 | Institutional | 1.053 | 0.2524 | 0.39 | 1.146 | 0.07 | 0.0875 | 0.0294 | 0.0199 | 0.08544 | 0.2803 | 0.2509 | 0.3 | 0.0434 | 0 | 7412213000 | 13267000000 | 342.7 | 296.91
Adobe | 2 | Institutional | 0.9 | 0.0287 | 0.266 | 1.12 | 1.08 | 0.085 | 0.0529 | 0.0233 | 0.0762 | 0.2803 | 0.1578 | 0.2 | 0.2412 | 0 | 5329 | 3246 | 379.67 | 312.54
Altria | 1 | Institutional | 0.48 | -101.25 | Skip | 1.9 | 0.0601 | 0.1216 | 0.3057 | 0.0441 | 0.0946 | -0.2054 | 0.0726 | 0.6 | 0.0844 | 24982000000 | 7019000000 | 66731610000 | 36.74 | 29.9
AMC | 1 | Institutional | 1.28 | -0.274 | 0.1592 | 20.59 | 0.0633 | 1.3112 | 0.965 | 0.0895 | 0.1095 | 0.0417 | 0.075 | 0.8 | 1.1175 | 444.5 | 488.9 | -613 | 4.1 | 1.09
AMC | 1 | Institutional | 0.908 | -0.0147 | 0.0515 | 9.95 | 6.01 | 0.6174 | 0.895 | 0.0613 | 0.095 | -0.1983 | 0.018 | 0.3 | 0.442 | 444.5 | 488.9 | 209.3 | 7.21 | 2.1
AMC | 1 | Institutional | 1.2 | -0.0149 | 0.2152 | 1.27 | 0.0601 | 0.0786 | 0.9561 | 0.085 | 0.0677 | 0.114 | 0.016 | 0 | -0.9561 | 84.1 | -384.31 | 4.57 | -43.69
American Water Works Company, Inc. | 1 | Institutional | 0.766 | 0.0025 | 0.312 | 0.783123815 | 0.0603 | 0.0538 | 0.33268 | 0.031 | 0.0407 | 0.1344 | 0.0654 | 0.2 | 0.083 | 353 | 36 | 151 | 123.43 | 157.62
Apollo Tyres | 1 | Institutional | 0.95 | -0.138 | 0.15 | 1.07 | 0.098 | 0.1478 | 0.26 | 0.095 | 0.2025 | 0.069 | 0.0825 | 0.1 | 0.24 | 100378784 | 0 | $547M | 90 | 71
Apple | 1 | Institutional | 1.1994 | 0.5065 | 0.3077 | 1.23 | 0.06 | 0.0866 | 0.0819 | 0.0287 | 0.0813 | 0.6841 | 0.4813 | 0.0808 | 0.0192 | 53418 | 202257 | 371982 | 289.07 | 199.38
Apple | 1 | Institutional | 1.14 | 0.1275 | 0.6223 | 0.97 | 0.0706 | 0.0746 | 0.1036 | 0.0142 | 0.0681 | 0.7296 | 0.5958 | 0.2 | 0.009 | 54622 | 256388 | 103481 | 310.13 | 263.38
Aramark | 2 | Institutional | 1.69 | -0.0667 | 0.5085 | 0.76 | 0.0697 | 0.1139 | 0.5739 | 0.0517 | 0.0711 | 0.1801 | 0.0681 | 0.6 | 0.1912 | 585900000 | 272010000 | 770870000 | 20.98 | 28.66
Archer-Daniels-Midland | 1 | Institutional | 0.96 | -0.0714 | Skip | 1.22 | 0.0601 | 0.0797 | 0.3397 | 0.0298 | 0.0602 | 0.0724 | 0.04 | 0.3 | 0.0329 | 3665 | 4017 | -22767 | 34.73 | 37.92
AT&T | 1 | Institutional | 0.927 | -0.0156 | 0.599 | 0.9 | 0.08397 | 0.0829 | 0.4675 | 0.0228 | 0.0498 | 0.076 | 0.045 | 0.0838 | 0.0168 | 62606820 | 3996180 | 290865000 | 29.79 | 35.55
Autodesk | 1 | Insitutional | 1.59 | 0.1899 | 0.352 | 1.26 | 0.0846 | 0.117 | 0.0663 | 0.0226 | 0.1112 | 0.3272 | 0.1678 | 0.2 | 0.1289 | 0 | 555 | 2487 | 184.29 | 147.83
Avis Budget Group | 2 | Institutional | 2.3 | -0.0255 | 0.404 | 3.84 | 0.0657 | 0.2588 | 0.861 | 0.0309 | 0.0569 | 0.46 | 0.1355 | 0.9 | 0.0523 | 0 | 1327 | 1379 | 13.97 | 25.3
Ball Corp | 1 | institutional | 0.802 | 0.517 | 0.249 | 0.9 | 0.0753 | 0.0763 | 0.2969 | 0.046 | 0.0639 | 0.1919 | 0.0888 | 0.2 | 0.0325 | 667000000 | 1985000000 | 3238000000 | 64.56 | 47.91
Bank of Hawaii | 0 | Institutional | 0.69 | -0.0002 | 67.18 | 0.73 | 6.92 | 5.92 | 0.467 | 0.0121 | 4.75 | 17.7 | 0.1354 | 0 | 1.6%% | 21.6 | 116.4 | 137 | 66.22 | 60.49
Best Buy | 1 | Institutional | 1.5 | 0.0258 | 0.605 | 0.85 | 0.0605 | 0.0574 | 0.1762 | 0.022 | 0.0504 | 0.4594 | 0.2856 | 0.3 | 0.0033 | 497000000 | 1505000000 | 1343000000 | 76.25 | 114.96
Blizzard | 1 | Institutional | 1.33 | 0.1845 | 0.253 | 1.29 | 0.0764 | 0.1084 | 0.0568 | 0.0213 | 0.1032 | 0.1244 | 0.1019 | 0.2 | 0.0521 | 283 | 105 | 2693 | 64.72 | 82.65
Boeing | 1 | Institutional | 1.312 | 0.0692 | 0.316 | 1.356 | 0.072 | 0.1053 | 0.2957 | 0.039 | 0.0828 | NMF | NMF | 0.3 | 0.0474 | 24640 | 44558 | 62426 | 151.84 | 127.35
Boston Beer | 0 | Institutional | 0.87 | 0.1305 | 0.17 | 0.92 | 0.06 | 0.062 | 0.0116 | 0.0108 | 0.0614 | 0.1766 | 0.1883 | 0.1 | 0.0071 | 0 | 534.17535 | 231.167 | 460.96 | 441.749861873515
Boston Beer Company | 1 | Institutional | 0.58 | 0.3523 | 0.106 | 0.93 | 0.0601 | 0.0634 | 0.0114 | 0.0151 | 0.0628 | 0.241 | 0.2922 | 0.1 | 0.0126 | 0 | 533 | 420 | 460.96 | 281.21
BR Malls | Institutional | 1.27 | -0.0705 | 0.035 | 0.83 | 0.1151 | 0.1285 | 0.3499 | 0.0877 | 0.1038 | 0.1098 | 0.0916 | 0.2 | 0.003 | 42000000 | 78000000 | -154000000 | 2.05 | 1.97
Brunswick Corporation | 1 | Institutional | 2.06 | -0.1226 | 0.6664 | 0.9 | 0.0646 | 0.0652 | 0.3017 | 0.0383 | 0.0542 | -0.1479 | 0.0671 | 0.1 | 0.0615 | 311 | 845 | 1156 | 50.04 | 60.3
Callaway Golf | 1 | Institutional | 1.76 | 0.0124 | 0.2444 | 1.14 | 0.0726 | 0.0893 | 0.3836 | 0.0514 | 0.0713 | 0.1113 | 0.1426 | 0.3 | 0.1648 | 3776 | 28073 | -50200 | 13.25 | 12.26
Callaway Golf | 1 | Institutional | 1.454 | 0.0499 | 0.368 | 1.1504 | 0.0708 | 0.0887 | 0.4041 | 0.07309 | 0.0744 | 0.1187 | 0.165 | 0.4 | 0.31 | 18492000 | 57682000 | 270861000 | 11.61 | 4.19
Campbell Soup Company | 0 | Institutional & Insider | 0.319 | 0.1496 | 0.05 | 0.997 | 0.0592 | 0.0655 | 0.3389 | 0.0265 | 0.0523 | 0.3565 | 0.0908 | 0.3 | -0.0016 | 1269 | 576 | 5888 | 52.72 | 49.04
Capgemini | 2 | Institutional | 1.06 | 0.0133 | 0.29 | 1.08 | 0.068 | 0.0739 | 0.2836 | 0.0166 | 0.0601 | 0.1072 | 0.0487 | 0.6 | 0.105 | 310200000 | 147400000 | 1353000000 | 97.9 | 144
Caterpillar | 1 | Institutional | 1.13 | 0.02123 | 0.3091 | 1.392 | 0.0601 | 0.09015368542255972 | 0.37725255281081027 | 0.031284 | 0.0679 | 0.357 | 0.087 | 0.4 | 0.007100000000000002 | 2132 | 4047 | 3461 | 111.5 | 97.95
Celltrion | 0 | Insider majority & Institutional minority | 0.53 | 0.3716 | Skip | 0.71 | 0.0664 | 0.0575 | 0.0201 | 0.0275 | 0.0567 | 0.1065 | 0.0761 | 0 | -0.0013 | 0 | 181000000000 | 444000000000 | 181000 | 140366
Charter (CHTR) | 1 | Institutional | 1.04 | 0.2296 | 0.35 | 1.207587136 | 0.052 | 0.0704 | 0.4223 | 0.0276 | 0.0494 | 0.043 | 0.0427 | 0.2 | 0.053 | 0 | 24587 | 44075 | 495 | 174.08
Chipotle | 1 | Institutional | 0.93 | -0.5564 | Skip | 0.83 | 0.0601 | 0.0563 | 0.1193 | 0.0285 | 0.0514 | 0.2108 | 0.0743 | 0.1 | 0.0153 | 0 | 1935102 | 327392 | 875 | 609.68
Chipotle | 1 | Institutional | 0.93 | 0.1225 | 0.091 | 0.80619448 | 0.06 | 0.055171668800000004 | 0.10528071209155179 | 0.0268 | 0.052184132075360004 | 0.14817624935330712 | 0.062405200433369445 | 0.1 | 0.0037 | 0 | 1729.3 | 1369.4 | 817.88 | 758.61
chipotle | 1 | Institutional | 0.729 | 0.1225 | 0.091 | 0.84 | 0.0601 | 0.0638 | 0.1217 | 0.0519 | 0.0608 | 0.2242 | 0.0811 | 0.1 | 0.0752 | 0 | 239800 | 322590 | 807 | 819
Chipotle | 2 | Institutional & Activist | 0.927 | 0.0689 | 0.37 | 0.75 | 6.52 | 0.0777 | 0.125 | 0.0207 | 0.068 | 0.234 | 0.11 | 0.1 | 0.0043 | 0 | 239.8 | 3788 | 925 | 700
Chipotle | 1 | Institutional | 1.16 | 0.1121 | 0.37 | 0.82 | 0.068 | 0.0624 | 0.112 | 0.0519 | 0.0596 | 0.2206 | 0.1002 | 0.1 | 0.0514 | 0 | 653000000 | 793000000 | 820.27 | 769.23
Cintas | 1 | Institutional | 1.29 | 0.1645 | n/a | 1.2 | 0.061 | 0.0792 | 0.128 | 0.0195 | 0.071 | 0.288 | 0.152 | 0.2 | 0.0062 | 755 | 2496.5 | 4121 | 196.66 | 211.8
Coca Cola | 0 | Institutional | 0.923 | 0.6757 | 0.6 | 0.88 | 0.0791 | 0.0768 | 0.2456 | 0.0264 | 0.0629 | 0.4748 | 0.1052 | 0.2 | 0.0192 | $31,593M | $13,942M | $22,484M | 46.11 | 38.29
Colgate Palmolive | 1 | Institutional | 0.705 | -0.0202 | 0.295 | 0.967 | 7.14 | 8.67 | 0.1082 | 0.0253 | 0.0795 | NMF | 0.7881 | 0.3 | 0.038 | 7061 | 6725 | 13712 | 70.27 | 38.65
Columbia Sportswear | 0 | Insider and Institutional | 0.91 | -  | 0.86 | 0.0692 | 0.0688 | 0.1 | 0.0233 | 0.0418 | 0.1706 | 0.2609 | 0.4 | 0.02 | 300.23 | 127.5 | 251.16 | 69.72 | 61.8
Columbia Sportswear | 0 | Institutional, with Insider influence | 1.039 | 0.00429 | 0.216 | 0.8691 | 0.0699 | 0.0674 | 0.1 | 0.0192 | 0.0621 | 0.1856 | 0.2706 | 0.4 | 0.02121 | 270369000 | 428923000 | 597241390 | 63.55 | 83.9
Columbia Sportswear Company | 0 | Insider + Institutional | 0.48 | 0.2234 | 0.05 | 0.84 | 0.0719 | 0.0678 | 0.1024 | 0.0199 | 0.0727 | 0.2059 | 0.272 | 0.3 | 0.0202 | 178.7 | 300.621 | 352.56 | 75.21 | 66.43
Comcast | 1 | Institutional | 1.138 | 0.0625 | 0.46 | 1.12 | 6.29 | 0.0829 | 0.438 | 0.0252 | 0.0548 | 0.1532 | 0.0826 | 0.3 | 0.0279 | 15008000000 | 23786000000 | 65285000000 | 36.53 | 43.09
Comcast | 0 | Insider and Institutional | 1 | 0.0028 | 0.348 | 1.1999 | 0.0643 | 0.0837 | 0.4079 | 0.0281 | 0.0581 | 0.392 | 0.1118 | 0.4 | 0.0462 | 15008 | 23727 | 68132 | 38.08 | 42.12
Comcast | 0 | Institutional | 0.8 | -0.00543 | 0.768 | 0.79 | 0.0636 | 0.0793 | 0.3334 | 0.0336 | 0.062 | 0.143 | 0.101 | 0.3 | 0.032 | $2.7Bn | $504M | $4.98Bn | 37.8 | 43.81
Comcast  | 1 | Institutional | 1.138 | 0.0583 | 0.461 | 1.23 | 0.0619 | 0.083 | 0.4018 | 0.0317 | 0.0428 | 0.1592 | 0.0867 | 0.3 | 0.0303 | 1332 | 4303 | 4664 | 36.19 | 50.14
Commercial Metals Company | 1 | Institutional | 1.206 | -0.062 | 0.312 | 1.415 | 5.62 | 0.1065 | 0.4643 | 0.0252 | 0.0658 | 0.1386 | 0.0846 | 0.4 | 0.076 | 279000000 | 72000000 | -489000000 | 16.58 | 23.41
Constellation Brands | 1 | Institutional | 1.36 | 0.0007 | 0.58 | 1.36 | 0.0578 | 8.5 | 0.3 | 0.0264 | 0.0654 | -0.0009 | 0.05 | 0.2 | 0.051 | 2083.7 | 582.48 | 9506.2 | 161.57 | 81.48
Constellation Brands | 1 | Institutional | 1.005 | -0.268 | 0.379 | 0.92 | 0.06 | 0.0699 | 0.4855 | 0.0268 | 0.0543 | 0.0635 | 0.0327 | 0.2 | 0.0224 | 566916 | 13279 | -630000 | 163.01 | 96.38
Corning | 1 | Institutional | 1.216 | -0.119101 | 0.5557 | 0.92 | 0.0691 | 0.0705 | 0.39 | 0.0385 | 0.054 | 0.0902 | 0.0649 | 0.2 | 0.29 | 3405000000 | 11003000000 | 6914000000 | 20.71 | 17.82
Delta | 1 | Institutional | 1.59 | -0.129 | 0.442 | 1.454 | 0.0601 | 0.0951 | 0.4975 | 0.0527 | 0.067 | 0.2031 | 0.1354 | 0.6 | 0.2002 | 3488 | 10080 | 14860 | 22.54 | 41.14
Delta | 0 | Instituional | 1.107 | 0.001 | 0.393 | 1.12 | 0.052 | 0.0607 | 0.313 | 0.0297 | 0.0486 | 0.418 | 0.252 | 0.2 | -0.113 | 980 | 2027 | 2451 | 22.64 | 71.81
DICK’S Sporting Goods | 2 | Individual | 1.39 | -0.0798 | 0.231 | 2.43 | 0.0602 | 0.1511 | 0.5893 | 0.0317 | 0.0761 | 0.1799 | 0.1028 | 0.4 | 0.0214 | 78.68 | 309.74 | 269 | 27.82 | 24.02
Discovery | 1 | Institutional | 1.55 | -0.1298 | 0.377 | 1.599 | 0.0601 | 0.1211 | 0.516 | 0.0307 | 0.0738 | 0.1873 | 0.1138 | 0 | 0.1038 | 0 | $3561M | $9558M | 32.74 | 29.65
Discovery, Inc | 1 | Institutional | 1.55 | -0.1546 | 1.18 | 0.0574 | 0.0755 | 0.5403 | 0.0254 | 0.045 | 0.2092 | 0.1222 | 0.5 | 0.0222 | 0 | 3460 | 7137 | 20.18 | 31.82
Discovery, Inc. | 1 | Institutional | 1.61 | -0.0864 | 0.2793 | 1.834 | 0.062 | 0.1198 | 0.6342 | 0.0264 | 0.0564 | 0.5405 | 0.0956 | 0.5604 | -0.0604 | 0 | 3618 | -10070 | 21.8 | 29.64
Dolby Laboratories, Inc.  | 1 | Institutional  | 0.88 | 0.0086 | 0.2619 | 1.055 | 0.0601 | 0.0594 | 0.0179 | 0.0515 | 0.0587 | 0.088 | 0.072 | 0.2 | 0.1963 | 82.8 | 276.6 | 231.1 | 58.14 | 126.45
Domino's Pizza | 1 | Institutional | 0.64 | 0.2386 | 0.105 | 0.68 | 0.06 | 0.0476 | 0.2386 | 0.0268 | 0.0411 | -0.1173 | 0.7317 | 0 | 0.0328 | $105,715,000 | 3393279000 | 4516500000 | 357 | 308.64
Domino's Pizza | 1 | Institutional | 0.612 | 0.0066 | 0.202 | 0.91 | 0.0601 | 0.0837 | 0.21334243247920429 | 0.0333 | 0.0588 | -0.1241 | 0.5611 | 0.1 | 0.0657 | 105715000 | 3393279000 | 4516500000 | 356.76 | 201.48
Domino's Pizza | 1 | Institutional | 0.35 | 0.0203 | 0.038 | 0.69 | 0.0652 | 0.0513 | 0.232 | 0.0279 | 0.036 | NMF | 0.67 | 0 | 0.123 | 105715000 | 3393279000 | 340.78 | 369 | 380
Dunkin' Brands | 1 | Institutional | 0.89 | 0.152 | 0.11 | 1.05 | 0.06 | 0.0763 | 1.205 | 0.0514 | 0.075 | -0.3721 | 0.104 | 0.1 | 0.7405 | 29700000 | 124100000 | 153800000 | 36.66 | 2.0482
Dunkin' Brands | 1 | Institutional | 0.63 | 0.0616 | 0.13 | 1.25 | 0.063 | 0.0847 | 0.3515 | 0.0513 | 0.0685 | NMF, Negative BV | 0.098 | 0.2 | 0.1422 | 558.8 | 1517.3 | 866 | 65.69 | 58.3
Eaton | 0 | Institutional | 1.14 | 0.0335 | 0.1306 | 1.44 | 0.062 | 0.0957 | 0.2042 | 0.0291 | 0.0805 | 0.0653 | 0.052 | 0.3 | 0.1264 | 5481 | 4710 | 15772 | 82.25 | 56.09
Electronic Arts | 1 | Institutional | 1.118 | 0.174 | 0.0759 | 1.307 | 0.071 | 0.1051 | 0.0437 | 0.0348 | 0.0967 | 0.4888 | 0.308 | 0.1 | 0.033302177450064044 | 0 | 4788 | 6468 | $107.51 (12/31) | 108.41
Electronic Arts | 1 | Institutional | 0.71 | 0.212 | 0.181 | 0.57 | 0.0752 | 0.0501 | 0.0287 | 0.0458 | 0.0496 | 0.407 | 0.403 | 0.1 | 0.0046 | 0 | 4471 | 5996 | 116.07 | 113.9
Electronic Arts | 1 | Institutional | 0.93 | 0.0065 | 0.2248 | 0.77 | 0.0625 | 5.45 | 0.0368 | 0.0439 | 0.0537 | 0.45 | 0.21 | 0.2 | 0.02 | 0 | 4330 | 7242 | 116.62 | 102.32
Electronic Arts | 1 | Institutional | 1.03 | 0.0714 | 0.2 | 0.57 | 0.0544 | 0.038 | 0.038 | 0.0229 | 0.037 | 0.254 | 0.3089 | 0.2 | 0.032 | 0 | 3806 | 8226 | 116.62 | 116.48
Electronic Arts (EA) | 1 | Institutional | 0.89 | 0.0138 | 0.244 | 0.88 | 0.0724 | 0.0716 | 0.118 | 0.035 | 0.0675 | 0.1911 | 0.124 | 0 | 0.0025 | 0 | 1314000000 | 122790000 | 116.66 | 83.26
Energizer Holdings | 2 | Institutional | 0.909 | -0.0041 | 0.192 | 1.77 | 0.0664 | 0.1239 | 1.2529 | 0.0266 | 0.0661 | -0.2326 | 0.511 | 0.3 | 0.5835 | 91 | 53 | 1151 | 38.68 | 17.76
Estee Lauder | 0 | Institutional | 0.47 | 0.0181 | 0.0462 | 0.6 | 0.079 | 0.0668 | 0.5799 | 0.0261 | 0.0391 | 0.6495 | 0.4339 | 0.2 | 0.0103 | 609 | 1555 | 2826 | 173.15 | 150.48
Expedia Group | 1 | Institutional, with insider influence | 1.179 | -0.083 | 0.256 | 2.0753 | 0.0703 | 0.1525 | 0.3882 | 0.0309 | 0.102 | 0.0986 | 0.0807 | 0.3 | 0.0009 | 815.5 | 2579.6 | 3803.4 | 64.38 | 16.21
FactSet Research Systems | 1 | Institutional  | 0.75 | 0.0786 | 0.308 | 1.07 | 0.0646 | 0.0757 | 0.0942 | 0.0189 | 0.0699 | 0.5111 | 0.2847 | 0.2 | 0.0148 | 728.1 | 2648.8 | 2917.4 | 275.74 | 164.69
FedEx | 0 | Institutional | 1.73 | -0.1476 | 0.612 | 1.68 | 0.0677 | 0.1216 | 0.5017 | 0.039 | 0.0749 | -0.0142 | 0.0062 | 0.3 | 0.0637 | 2148 | 5714 | 7503 | 122.29 | 81.16
Ferrari | 0 | Insider & Institutional | 0.88 | 0.1721 | 0.3357 | 0.76 | 0.0811 | 0.0563 | 0.072 | 0.0258 | 0.0536 | 0.4717 | 0.2913 | 0.1 | 0.3908 | 532.7 | 486.8 | 1080.71 | 143.39 | 129.44
Ford | 1 | Institutional | 1.27 | -0.202 | 0.455 | 0.95 | 0.067 | 0.0706 | 0.5884 | 0.0444 | 0.0481 | 0.0024 | 0.009 | 0.4 | -0.189 | 13634 | 806 | 23161 | 5.24 | 6.71
Fox Corp | 0 | Institutional | 0.848 | -0.0046 | 0.4591 | 0.92 | 0.0601 | 0.0721 | 0.2581 | 0.02241 | 0.0471 | 0.1756 | 0.1247 | 0 | -0.1455 | 6688000000 | 0 | 1358820000 | 26 | 40.25
General Motors | 1 | Institutional | 1.41 | -0.0977 | 0.4977 | 0.71 | 0.0667 | 0.0538 | 0.4597 | 0.0377 | 0.0442 | 0.1755 | 0.0417 | 0.5 | 0.0403 | 11386 | 10702 | 12914 | 23.93 | 30.2
Glu Mobile Inc. | 1 | Institutional | 1.04 | 0.336 | 0.1208 | 0.85 | 0.0658 | 0.0621 | 0.0273 | 0.1029 | 0.0626 | 0.0437 | 0.0904 | 0 | 0.0309 | 0 | 25200 | -188400 | 10.23 | 8.42
H&M | 2 | Institutional | 0.84 | -0.1204 | 0.22 | 0.96 | 0.0662 | 0.0629 | 0.203 | 0.019 | 0.0505 | 0.233 | 0.142 | 0.2 | 4.56 | 0 | 0 | 1619 | 13.1 | 10.94
Hasbro | 1 | Institutional | 1.217 | -0.0292 | 0.327 | 1.278 | 0.065 | 0.0946 | 0.3 | 0.0592 | 0.0802 | 0.2191 | 0.1627 | 0.2 | 0.1281 | 1427600000 | 697800000 | 4963500000 | 67.21 | 28.99
Hasbro | 1 | Institutional | 1.11 | 0.0456 | 0.253 | 1.22 | 0.065 | 0.0856 | 0.2931 | 0.0378 | 0.0716 | 0.1984 | 0.2114 | 0.2 | -0.0931 | 1614368000 | 1159615000 | 2614555000 | 72.5 | 74.85
Hasbro | 1 | Institutional | 1.49 | -0.078 | 0.454 | 1.15 | 0.0703 | 0.0873 | 0.2843 | 0.0394 | 0.0709 | 0.2074 | 0.1031 | 0.2 | 0.0597 | 1397.6 | 830.1 | 3710.1 | 69.7 | 67.53
Hawaiian Electric Industries | 1 | Institutional | 0.199 | 0.2099 | 0.045 | 0.5047 | 0.0502 | 0.0341 | 0.363 | 0.0168 | 0.0249 | 0.1057 | 0.0681 | 0.4 | 0.0442 | 0 | 36.53 | 38.98
Hawaiin Holdings | 1 | Institutional | 1.735 | -0.085 | 62.85 | 1.73 | 0.0602 | 0.1518 | 0.699 | 0.007 | 0.08 | 0.2207 | 0.1201 | 0.9 | -0.125 | 0.48 | $26.1M | 12.64 | 11.06
Home Depot | 2 | Institutional | 0.98 | 0.0969 | 0.454 | 1.46 | 0.0601 | 0.0651 | 0.1328 | 0.0156 | 0.0583 | 0.1811 | 0.454 | 0.3 | 0.0149 | 6000000000 | 7000000000 | 13395000000 | 231.54 | 131.83
Huya | 1 | Institutional & Insider | 1.17 | 0.0718 | 0.221 | 1.32 | 0.073 | 0.1121 | 0.004 | 0.046 | 0.1118 | 0.054 | 0.039 | 0 | 0 | 0 | 0 | 227.29 | 15.5 | 17.29
IBM | 1 | Institutional | 1.05 | -2.68%% | 0.545 | 1.16 | 0.0704 | 0.0889 | 0.39 | 0.0269 | 0.0619 | 0.1607 | 0.0652 | 0.3 | 0.024 | $5,707M (LTM) | $1,633M (LTM) | -$1633M (LTM) | 161 | 121.21
IMAX | 1 | Individual | 1.49 | -0.0236 | 0.313 | 1.07 | 0.0614 | 0.0722 | 0.0939 | 0.0191 | 0.0668 | 0.094 | 0.076 | 0.3 | 0.0126 | 0 | 2655427 | 4532 | 12.15 | 2.75
Inditex | 1 | Institutional | 0.65609955 | 0.000771 | 0.2394 | 1.2335 | 0.0629 | 0.0727 | 0.09027 | -0.0009 | 0.06607 | 0.2524 | 0.2115 | 0.5 | 0.07761 | 2741.1 | 0 | 5047 | 22.9 | 18.78
Intuit | 1 | Institutional | 1.043 | 0.0124 | 0.4858 | 1.15 | 0.0601 | 0.0751 | 0.0188 | 0.0189 | 0.0739 | 0.4543 | 0.388 | 0.1 | 0.0516 | 2597 | 9392 | 8574 | 279.42 | 132.05
Intuit | 1 | Insitutional | 1.015 | 0.1728 | 0.4644 | 1.12 | 0.0601 | 0.0735 | 0.01014 | 0.0193 | 0.0729 | 1.2921 | NMF | 0.1 | 0.0301 | 1862 | 5176 | 6047 | 280.36 | 111.22
John Deere  | 1 | Institutional | 0.9532 | 0.0759 | 0.3374 | 0.83 | 0.071 | 0.066 | 0.1484 | 0.0266 | 0.0592 | 0.289 | 0.195 | 0.3 | 0.0201 | 4091 | 5193 | 15275 | 137 | 127.5
Kellogg's | 0 | Institutional | 0.57 | -0.0021 | 0.263 | 0.69 | 0.0839 | 0.0642 | 0.289 | 0.0221 | 0.0504 | 0.2947 | 0.0936 | 0.2 | 0.0051 | 2267 | 728 | 2851 | 65.1 | 51.84
Kraft Heinz | 1 | Institutional | 0.83 | 0.0007 | 0.14 | 1.14 | 0.063 | 0.0784 | 0.459 | 0.045 | 0.0579 | 0.0742 | 0.0784 | 0.3 | 0.028 | 8024 | 0 | 1699.9 | 29.23 | 27.06
Lam Research Corporation | 1 | Institutional | 1.32 | 0.107 | 0.377 | 1.37 | 0.0726 | 0.1064 | 0.1245 | 0.03 | 0.0961 | 0.4621 | 0.3839 | 0.3 | 0.04 | 654 | 2346 | 1921 | 247.3 | 176.21
Las vegas sands | 0 | Institutional | 1.63 | -0.0807 | 0.4346 | 1.146 | 0.0671 | 0.0889 | 0.2712 | 0.019 | 0.0693 | 0.4146 | 0.1884 | 0.2 | 0.01 | 8922 | 2034 | 10595 | 50.94 | 68.92
LGI Homes | 1 | Institutional & Insider | 0.62 | 0.026 | 0.014 | 1.18 | 0.0601 | 0.078 | 0.2945 | 0.052 | 0.0664 | 0.214 | 0.122 | 0.3 | 0.04 | 0 | 0 | $5.7M | 66.67 | 72.34
Lionsgate | 1 | Institutional - Private Eqiuty | 0.996 | -3.54 | 0.14 | 1.64 | 6.19 | 10.88 | 53.5 | 7.64 | 8.06 | -9.74 | 2.4 | 30 | 24.9 | 57400000 | 10100000 | -374000000 | 7.66 | 4.82
Lionsgate | 1 | Institutional | 2.31 | 0.06247 | 0.2176 | 2.45 | 0.0534 | 0.15 | 0.5845 | 0.085 | 0.1016 | -0.103 | 0.0219 | 0.2 | 0.3609 | 57400000 | 45400000 | 745800000 | 9.93 | 7.17
Lionsgate | 1 | Institutional w/ Insider Influence | 1.45 | -0.0426 | 0.219 | 2.18 | 0.0624 | 0.1547 | 0.6035 | 0.1087 | 0.1106 | -0.0974 | 0.016 | 0.4 | 0.56 | 165100000 | 218000000 | 1130700000 | 7.52 | 3.39
Live Nation | 0 | Institutional | 1.32 | 0.986 | 0.373 | 1.66 | 0.0569 | 0.1021 | 0.371 | 0.0371 | 0.0745 | 0.088 | 0.0927 | 0.2 | 0.0502 | 0 | 0 | 1654372 | 41.83 | 37.56
Live Nation | 0 | Institutional | 1.56 | 0.0004 | 0.4355 | 1.59 | 0.0898 | 0.0974 | 0.38 | 0.0526 | 0.0752 | 0.066 | 0.04 | 0.3 | 0.095170049 | 0 | $15.4M | $474M | 45.46 | 39.91
Live Nation | 1 | Institutional | 1.11 | 0.1821 | 0.353 | 1.6 | 0.0569 | 0.0975 | 0.272 | 0.0235 | 0.0761 | 0.022 | 0.044 | 0.4 | 0.18 | 0 | 0 | 104000000 | 40.92 | 48.5
Live Nation Entertainment | 1 | Institutional | 1.58 | 0.0092 | 0.00511 | 1.74 | 0.0642 | 0.118 | 0.3672 | 0.0359 | 0.0851 | 0.1032 | 0.0266 | 0.1 | 0.0388 | 0 | 15353 | 253293 | 41.96 | 36.09
Live Nation Entertainment (LYV) | 1 | Institutional | 1.607 | 0.1956 | 0.3628 | 1.7 | 0.0646 | 0.1106 | 0.354 | 0.0798 | 0.0937 | 0.066 | 0.1829 | 0.2 | 0.28 | 0 | 0 | $1,208M | 41.96 | 38.71
Lockheed Martin | 1 | Institutional | 0.98 | 0.1276 | 0.669 | 1.35 | 0.0601 | 0.0884 | 0.1143 | 0.0475 | 0.0823 | 1.9647 | 0.2237 | 0.2 | 0.175 | 11046 | 9860 | 13600.48 | 380.16 | 581.01
Lululemon | 1 | Institutional | 0.8441 | 0.0601 | 0.0647 | 0.0233 | 0.018 | 0.0635
Lululemon | 1 | Institutional | 1.28 | 0.0061 | 0.3163 | 1.1 | 0.058 | 0.0709 | 0.026 | 0.019 | 0.0691 | 0.3346 | 0.3721 | 0.2 | 0.001 | 0 | 5618 | 3834 | 250 | 61.41
Lululemon | 1 | Institutional | 0.847 | 0.271 | 0.09 | 0.74 | 0.0601 | 0.0509 | 0.0223 | 0.019 | 0.0501 | 0.38 | 0.269 | 0.1 | 0.08 | 0 | $173.4M | 403679 | 225.93 | 218.98
lululemon | 1 | Institutional | 0.847 | 0.271 | 0.09 | 0.8456 | 0.061663 | 0.0585822328 | 0.025630823928231843 | 0.01904 | 0.0574369698537238 | 0.3349 | 0.3833 | 0.1 | 0.0094 | 0 | 173.399 | 2344.28 | 225.99 | 131.77
Lululemon | 1 | Institutional | 0.9 | 0.0084 | 0.0827 | 0.78 | 5.53 | 0.0763 | 0.026 | 0.01 | 0.0746 | 0.3307 | 0.4401 | 0.1 | 0.016 | 0 | 1215.6 | 556.5 | 215 | 250.53
Lululemon  | 1 | Institutional | 0.847 | 0.271 | 0.09 | 0.88 | 0.0605 | 0.0605 | 0.029 | 0.01129 | 0.059 | 0.3307 | 0.399 | 0.3 | 0.221 | 0 | 1176 | 1587 | 203.5 | 111.44
Macy's | 1 | Institutional | 1.672 | -0.0095 | 0.2657 | 2.49 | 0.052 | 0.1438 | 0.6026 | 0.0359 | 0.0734 | 0.2231 | 0.0774 | 0.4 | 0.0072 | 3641 | 7691 | 6261 | 16.67 | 18.16
Madison Square Garden | 0 | Institutional | 0.97 | -0.1134 | 0.2434 | 1.09 | 0.0601 | 0.0719 | 0.053 | 0.0265 | 0.0696 | -0.0087 | -0.004 | 0.2 | 0.14700000000000002 | 0 | 0 | 280.5 | 206.17 | 120.35
Madison Square Garden Networks Inc. | 0 | Institutional | 0.963042249 | -0.1639 | 0.1791 | 1.4259 | 0.0603 | 0.0935 | 0.6303 | 0.0291 | 0.04849 | BV of equity is (-), -19.3% | (-) BV of invested capital after goodwill taken out, -220.84% (ROIC is 65.58% with 100% of goodwill added back to invested capital | 0.5 | 0.03368 | 0 | 294.9 | 1565 | 11.02 | 15.24
Mango  | 1 | Institutional | 1.53 | 0.085 | 0.405 | 1.17 | 0.0821 | 0.1222 | 0.0027 | 0.189 | 0.1223 | 0.2365 | 0.236 | 0.04 | 0 | 0 | 348.87 | 43.62 | 8.58
Maple Leaf Foods | 1 | Institutional | 0.13 | 0.0016 | 0.0113 | 0.73 | 0.0619 | 0.0518 | 0.203 | 0.0311 | 4.59 | 0.0577 | 0.0499 | 20 | -0.003 | 138.04 | 1330.77 | 529.81 | 18.66 | 19.06
Marriot | 0 | Institutional & Insider | 1.32 | 0.0014 | 0.477 | 1.29 | 0.0666 | 0.0949 | 0.2841 | 0.0401 | 0.0757 | 0.57 | 0.1453 | 0.3 | 0.103 | 612 | 2408 | 2815 | 84.75 | 63.84
Marriott | 0 | Institutional | 1.59 | -0.013 | 0.4893 | 1.21 | 0.0679 | 0.0889 | 0.3036 | 0.0281 | 0.0683 | 0.8695 | 0.1864 | 0.3 | 0.022 | 2264 | 11203 | 12600 | 87.17 | 85.1
Match Group | 1 | Institutional | 1.27 | 0.0888 | 0.202 | 1.25 | 0.0701 | 0.0937 | 0.0751 | 0.0514 | 0.0895 | 1.6676 | 0.2928 | 0.2 | 0.0052 | 1578.9 | 985.26 | 2225.84 | 74.64 | 53.35
Matson, Inc.  | 1 | Institutional | 1.15 | 0.133 | 0.232 | 2.23 | 0.0572 | 0.0844 | 0.72 | 0.0316 | 0.041056 | 0.067 | 0.111 | 0.2 | 0.259 | 9.4 | 0 | 61.5 | 28.81 | 20.58
McDonald's (MCD) | 2 | Institutional | 0.59 | 0.0716 | Skip | 0.92 | 0.0738 | 0.0739 | 0.2323 | 0.0285 | 0.0617 | NMF, Negative BV | 0.2426 | 0.1 | 0.0206 | 16215 | 32202 | 24089 | 196.38 | 184.56
Meritage Homes Corp. | 1 | Institutional | 1.31 | 0.0513 | 0.578 | 0.91 | 0.0601 | 0.0607 | 0.3318 | 0.0302 | 0.0482 | 0.1286 | 0.0882 | 0 | 0.0263 | 0 | 116.04 | 328.61 | 51.95 | 65.39
Micron Technology | 1 | Institutional | 1.486 | 0.0234 | 0.305 | 1.21 | 0.0651 | 0.0861 | 0.0841 | 0.0199 | 0.0801 | 0.0619 | 0.0526 | 0.5 | 0.0783 | 0 | 3,720,000 (thousands) | 7,520,000 (thousands) | 45.7 | 51.74
Microsoft | 1 | Institutional | 1.229 | 0.1564 | 0.465 | 1.009 | 0.066 | 0.0728 | 0.06 | 0.0189 | 0.0801 | 0.2456 | 0.2667 | 0.1 | 0.002 | 62899 | 62778 | 65943 | 184.68 | 77.89
Microsoft | 1 | Institutional | 1.03 | 0.2044 | 0.4862 | 1.15 | 0.064 | 0.0857 | 0.0619 | 0.0277 | 0.0817 | 0.4744 | 0.1892 | 0.1 | 0.0381 | 49361 | 58021 | 342149 | 178.62 | 89.38
Monster Energy | 1 | Institutional | 1.12 | -0.00016 | 0.00312 | 1.12 | 0.0751 | 0.0905 | 0.00717 | 0.0316 | 0.0904 | 0.2847 | 0.3245 | 0.07698 | 0.33 | 0 | 707.3 | 1034.59 | 62.19 | 36.49
MSCI | 1 | Institutional | 0.932 | 0.0254 | 0.3902 | 0.845 | 0.076 | 0.0705 | 0.1198 | 0.0259 | 0.0644 | NMF. Negative. Adjusted 4936.95%. | 1215.45%. Adjusted 36.60% | 0.1 | 0.0095 | 222.9 | 292.1 | 619.13 | 333.58 | 155.29
Netflix | 1 | Institutional | 1.23 | 0.4217 | 0.139 | 1.3 | 0.0577 | 0.0814 | 0.0918 | 0.0362 | 0.0765 | 0.2462 | 0.1178 | 0.1 | 0.0051 | 0 | 0 | 3667512000 | 436.53 | 314.95
Netflix | 1 | Institutional | 1.21 | 0.4208 | 0.14 | 1.29 | 0.0573 | 0.0817 | 0.0944 | 0.0371 | 0.0766 | 0.2462 | 0.1128 | 0.1 | -0.0029 | 0 | 0 | 3927 | 435.55 | 290.76
Netflix | 1 | Institutional | 1.46 | 1.82 | 1948 | 2.43 | 6.27 | 13.92 | 6.15 | 3.5 | 13.22 | 29.12 | 8.6 | 9.13 | 2.17 | 0 | 0 | 1292815 | 435.55 | 550
Netflix | 1 | Institutional | 1.63 | 0.41 | 0.362 | 1.4 | 0.0604 | 0.091 | 0.659 | 0.05 | 0.097 | 0.3083 | 0.184 | 0.3 | 0.0079 | 0 | 0 | 1639000000 | 435.55 | 262.51
Netflix | 1 | Institutional | 1.43 | 0.3539 | 0.166 | 1.3 | 0.0663 | 0.0927 | 0.0689 | 0.0359 | 0.0882 | 0.3536 | 0.1886 | 0.1 | 0.0057 | 0 | 0 | 799228000 | 435.55 | 438.73
Netflix | 1 | Institutional | 1.124 | 0.4041 | 0.234 | 1.27 | 0.0609 | 0.0836 | 0.1134 | 0.0233 | 0.0767 | 0.3564 | 0.1876 | 0.2 | -0.004 | 0 | 0 | 0 | 315.47 | 100.72
Netflix | 1 | Institutional | 1.12 | 0.1218 | 0.1054 | 1.3 | 0.089 | 0.121 | 0.0941 | 0.0166 | 0.1106 | 0.2912 | 0.0984 | 0.1 | 0.0056 | 0 | 400 | 21001.66 | 364.08 | 51.87
Netflix  | 1 | Institutional | 1.633 | 0.0395 | 36.2 | 1.235 | 0.0627 | 0.0896 | 0.0938 | 0.0263 | 0.0837 | 0.2462 | 0.1018 | 0.1 | 0 | 0 | 0 | -1289154540 | 435.55 | 201.16
Neurocrine Biosciences, Inc. | 1 | Institutional | 1.26 | 0.1212 | 0.17646 | 1.55 | 6.01 | 10.07 | 10.42 | 5.49 | 9.45 | 5.81 | 4.42 | 0 | -0.1163 | 0 | 0 | 24522000 | 62.33 | 67.44
Nike | 1 | Institutional | 0.865 | 0.0831 | 0.3 | 0.85 | 0.0591 | 0.0589 | 0.0604 | 0.0281 | 0.0566 | 0.4172 | 0.4415 | 0.2 | 0.0131 | 8771 | 26159 | 27765 | 83.23 | 67.35
Nike | 1 | Institutional | 0.75 | 0.0801 | 0.29 | 0.818 | 0.0693 | 0.064 | 0.0519 | 0.0171 | 0.0623 | 0.427 | 0.3033 | 0.1 | 0.0481 | 5629 | 17658 | 18181 | 85.75 | 52.28
Nike | 1 | Institutional | 0.76 | 0.0301 | 0.282 | 0.8339 | 0.0607 | 0.057 | 0.0534 | 0.0162 | 0.0544 | 0.4457 | 0.4294 | 0.1 | 0.0054 | 5629 | 17535 | 27749 | 90.46 | 57.92
Nike | 1 | Institutional | 0.82 | 0.1312 | 0.3 | 0.8424 | 0.0647 | 0.0609 | 0.0504 | 0.0134 | 0.0596 | 0.3903 | 0.275 | 0.2 | 0.1504 | 6042 | 18646 | 20482 | 90.46 | 49.14
Nike | 1 | Institutional | 0.86 | 0.0683 | 0.275 | 0.87 | 0.078 | 0.0755 | 0.0494 | 0.0272 | 0.0728 | 0.4172 | 0.4344 | 0.1 | 0.011 | 5629 | 17658 | 17574 | 90.46 | 69.31
Nike | 1 | Instituational | 0.865 | 0.02825 | 0.3 | 1.281 | 0.0624 | 0.103 | 0.0524 | 0.0188 | 0.0983 | 0.4457 | 0.469 | 0.1 | 0.007523 | 5629 | 17685 | 4664 | 85.54 | 62.3
Nike | 1 | Institutional | 0.802 | 0.0986 | 0.8363 | 0.0737 | 0.0681 | 0.0506 | 0.0149 | 0.0652 | 0.446 | 0.436 | 0.1 | 0.007 | 5629 | 17658 | 16097 | 84.16 | 53.75
Nintendo | 0 | Institutional | 0.855 | 0.1251 | 0.288 | 1.04 | 0.0699 | 0.073 | 0 | 0.0127 | 0.0728 | 0.1642 | 0.2645 | 0.4 | 0.1152 | 2715783076 | 292089762 | 8491257597 | 431.04 | 499.75
Nordstrom | 1 | Institutional | 1.32 | -0.0196 | Skip | 2.631 | 0.0601 | 0.1635 | 0.7057 | 0.0265 | 0.0641 | 0.5356 | 0.1093 | 0.4 | -0.3057 | 57.34 | 0 | 653 | 18.8 | 41
Nordstrom  | 1 | Institutional | 1.32 | -0.0204 | 0.223 | 2.29 | 0.0601 | 0.144 | 0.6871 | 0.022 | 0.0561 | 0.5066 | 0.1276 | 0.5 | 0.0027 | 3236 | 5395 | 1759 | 17.86 | 16.55
Nucor | 1 | Institutional | 1.51 | 0.0598 | 0.57 | 1.53 | 0.0601 | 0.0984 | 0.279 | 0.0308 | 0.0774 | 0.1802 | 0.1342 | 0.6 | 0.196 | 492.1 | 307.5 | 898.2 | 40.5 | 51.94
Nucor | 0 | Institutional | 1.51 | 0.008 | 0.0981 | 1.57 | 0.0601 | 0.1008 | 0.2845 | 0.022 | 0.0769 | 0.127 | 0.0813 | 0.6 | 0.0405 | 492 | 324 | 868 | 41 | 40.85
NVIDIA | 1 | Institutional | 1.33 | 0.0439 | 0.2057 | 1.2 | 0.0853 | 0.1089 | 0.014 | 0.0314 | 0.1077 | 0.2993 | 0.5753 | 0.1 | 0.008 | 1576 | 0 | 10458 | 297.79 | 165.2
Nvidia | 1 | Institutional | 1.33 | 0.0439 | 0.2057 | 1.24 | 0.0741 | 0.1002 | 0.0297 | 0.0225 | 0.098 | 0.2993 | 0.5753 | 0.2 | 0.067 | 390M | 551M | 2126M | 312.5 | 253.97
Papa Johns | 1 | Institutional | 0.87 | -0.6599 | Skip | 0.87 | 0.0601 | 0.0585 | 0.1809 | 0.021 | 0.0538 | NMF. Negative BV of equity due to treasury stock | NMF. Adjusted 33%. Negative BV of equity due to treasury stock | 0.1 | 0.0616 | 141 | 610 | 642.196 | 76.81 | 62.58
PayPal | 2 | Institutional | 0.94 | 0.1413 | 0.5026 | 1.07 | 0.0769 | 0.089 | 0.0355 | 0.022 | 0.0864 | 0.152 | 0.088 | 0.2 | 0.1885 | 0 | 6322 | 12204 | 120.61 | 131.3
PayPal | 2 | Institutional | 0.801120934 | 0.008 | 0.1294 | 0.101 | 0.0634 | 0.0618 | 0.0367 | 0.0236 | 0.0602 | 0.121472021 | 0.141381908 | 0 | -0.0033 | 0 | 6322 | 25964 | 110.75 | 93.03483618
Paypal | 2 | Institutional | 1.06 | 0.0191 | 0.3652 | 0.9 | 0.0662 | 0.066 | 0.0329 | 0.0296 | 0.0646 | 0.152 | 0.255 | 0.1 | 0.0962 | 0 | 1915 | 6829 | 147.59 | 79.74
PENN National Gaming | 1 | Institutional | 2.065 | 0.0646 | 0.42 | 4.93 | 0.0601 | 0.308 | 0.85 | 0.0774 | 0.0986 | 0.0307 | 0.0435 | 0.5 | 1.14 | 0 | 24900000 | 107 | 18.18 | 0
Performance Food Group | 1 | Institutional | 1.32 | -0.0121 | 0.3045 | 0.86 | 0.068 | 0.0649 | 0.2928 | 0.038 | 0.054 | 0.4225 | 0.1803 | 0.3 | 0.0929 | 0 | 9.3 | -31.9 | 24.99 | 24.55
Polaris | 1 | Institutional | 1.74 | -0.0066 | 0.38 | 0.99 | 0.0649 | 0.078 | 0.367 | 0.0314 | 0.058 | 0.27 | 0.106 | 0.2 | 0.071 | 723.1 | 831 | 1361 | 68.28 | 77.48
Qualcomm | 0 | Institutional | 1.01 | 0.1874 | 0.2327 | 1.27 | 0.0776 | 0.1051 | 0.1724 | 0.0186 | 0.0895 | 0.2048 | 0.1787 | 0.3 | 0.017 | 12676 | 30676 | 13903 | 80.56 | 68.41
Restaurant Brands Int'l | 0 | Institutional | 1.29 | -0.0072 | 0.4205 | 1.0854 | 6.62 | 0.0789 | 0.5079 | 0.0517 | 0.0579 | 0.2608 | 0.1139 | 0.4 | 0.2375 | 3193.4 | 2857 | 3967.3 | 45.25 | 54.15
Rockwell Automation | 1 | Institutional | 1.38 | -0.0016 | - | 1.3 | 0.0777 | 0.0848 | 0.0991 | 0.0163 | 0.0777 | 0.629 | 0.239 | 0.2 | 0.0076 | 463.6 | 687.5 | 5414.3 | 192.45 | 161.96
Roku | 1 | Institutional | 1.698 | 1.3786 | 0.139 | 1.11 | 0.052 | 0.0653 | 0.018 | 0.1588 | 0.0663 | NMF, NI is (-) | NMF, after-tax Op. Income is (-) | 0 | 0.0173 | 0 | 0 | -637.6 | 126.66 | 83.22
Royal Caribbean | 1 | Institutional | 2.187 | -0.561 | 0.554 | 1.97 | 0.0634 | 0.1249 | 0.49 | 0.0837 | 0.1034 | 0.154 | 0.0937 | 0 | 0.62 | 602.7 | 100 | -2.7 | 34.8 | 25.33
Salesforce | 1 | Institutional | 1.1 | 0.0962 | 0.883 | 1.23 | 0.0602 | 0.0852 | 0.156 | 0.0253 | 0.0906 | 0.005 | 0.011 | 0 | 0.0369 | 0 | 0 | $3,688M | 156 | 161.75
Salesforce | 1 | Institutional | 1.04 | 0.1404 | 0.3518 | 1.23 | 0.058 | 0.0823 | 0.041 | 0.024 | 0.0795 | 0.0069 | 0.0223 | 0 | 0.0659 | 0 | 0 | 7592.4 | 163.67 | 111.18
Salesforce | 1 | Institutional | 1.04 | 0.1315 | 0.4333 | 1.28 | 0.0653 | 0.0903 | 0.0336 | 0.0178 | 0.0877 | 0.0606 | 0.0469 | 0.1 | 0.0145 | 0 | 0 | $3,934.28 mm | 160.43 | 111.76
Salesforce | 1 | Institutional | 1.07 | 0.0898 | 1.15 | 0.0557 | 0.0713 | 0.0356 | 0.0314 | 0.0695 | 0.1358 | 0.0572 | 0.2 | 0.1495 | 0 | 0 | -1358.8 | 175.9 | 69.32
Samsonite | NA | Institutinal & Insider | 1.42 | 0.269 | 2.53 | 0.0675 | 17.71 | 3.1467 | 0.0855 | 0.0966 | 0.0679 | 0.0695 | 0 | 0.3465 | 125 | 0 | 501 | 0.86 | 0.88
Shake Shack | 1 | Institutional | 1.83 | -0.0672 | Skip | 0.93 | 0.0601 | 0.0619 | 0.229 | 0.0536 | 0.0574 | 0.0749 | 0.0235 | 0 | 0.1011 | 0 | 0 | -255605 | 51.7 | 62.54
Shake Shack | 1 | Institutional | 1.55 | -0.0164 | 0.62 | 1.29 | 0.0652 | 0.0904 | 0.1236 | 0.1028 | 0.0874 | 0.0882 | 0.067 | 0.2 | 0.113 | 0 | 0 | -236434000 | 42.89 | 24.11
Siam City Cement | n/a | Insider | 0.84 | -0.0021 | 0.21 | 1.45 | 0.0713 | 0.1033 | 0.5 | 0.028 | 0.0654 | 0.1006 | 0.0654 | 0.5 | -0.0086 | 81 | 0 | 151 | 2.98 | 3.67
Singapore Airlines | 1 | Institutional  | 0.584 | 8.73 | 0.139 | 1.7 | 0.068 | 0.1263 | 0.5692 | 0.0349 | 0.0709 | 0.0514 | 0.0498 | 0.3 | 0.0962 | 1722.4 | 326.7 | -6851.1 | 6.04 | 1.41
Six Flags | 1 | Institutional | 2.21 | -0.0131 | 0.2593 | 2.16 | 0.0601 | 0.1075 | 0.599 | 0.0303 | 0.0569 | 0.1279 | 0.127 | 0.6 | 0 | 287952000 | 52000 | 328000000 | 20.11 | 18.16
Six Flags | 1 | Institutional | 0.964 | -0.0843 | 0.173 | 1.41 | 0.053 | 0.0823 | 0.6298 | 0.0311 | 0.0439 | NMF | 0.1274 | 0.6 | 0.129 | 1194 | 1067 | 1570 | 20.03 | 17.12
Six Flags | 1 | Institutional | 2.27 | 0.0048 | 0.4099 | 1.9743 | 0.0625 | 0.1303 | 0.575 | 0.049 | 0.0729 | -0.1698 | 0.1814 | 0.5 | 0.106 | 1452.6 | -1067.5 | 8896 | 20.19 | 18.34
Solar Edge | 1 | Institutional | 1.44 | 9.06 | 0.125 | 0.6 | 0.0645 | 0.0447 | 0.0153 | 0.0192 | 0.0442 | 0.2125 | 0.3728 | 0.1 | 0.0039 | 0 | 0 | 182000000 | 104.69 | 155.22
Southwest Airline | 1 | Institutional | 1.42 | -0.0085 | 0.479 | 1.04 | 0.0592 | 0.0934 | 0.36 | 0.0307 | 0.0795 | 0.234 | 0.174 | 0.2 | 0.059 | 188000000 | 451000000 | -179000000 | 27.56 | 45.23
Southwest Airlines | 1 | Institutional | 1.27 | -0.0101 | 0.313 | 1.59 | 0.0601 | 0.1014 | 0.563 | 0.0258 | 0.0552 | 0.193 | 0.097 | 0.1 | -0.4629 | 332 | 1965 | 2170.8 | 20.64 | 24.03
Southwest Airlines | 1 | Institutional | 1.63 | -0.0816 | 0.454 | 1.02 | 0.0601 | 0.0692 | 0.226 | 0.039 | 0.06 | 0.2334 | 0.1816 | 0.7 | 0.0451 | $1,380M | $8,351M | $11,069M | 27.2 | 47.11
Spotify | 0 | Institutional & Insider | 1.53 | -0.3115 | 0.322 | 1.06 | 0.0698 | 0.1133 | 0.024 | 0.0843 | 0.1092 | -0.0308 | -0.0071 | 0 | 0.05 | 0 | $1 billion | 440 | 148.04 | 156.86
Spotify | 0 | Institutional & Insider | 1.54 | -0.0217 | 0.515 | 1.13 | 0.0567 | 0.0613 | 0.0468 | 0.1187 | 0.0624 | NMF | NMF | 0 | 0.175 | 0 | 510 | -717 | 152.15 | 108.72
Square | 1 | Institutional | 2.36 | 0.4482 | 0.348 | 1.18 | 0.0601 | 0.0774 | 0.0209 | 0.2189 | 0.0792 | 0.2189 | 0.0159 | 0 | -0.0209 | 0 | 446.1 | 701.1 | 76.05 | 29.6
Starbucks | 1 | Institutional | 1.08 | 0.1374 | 0.615 | 0.81 | 0.0775 | 0.069 | 0.1917 | 0.0265 | 0.0595 | -0.3624 | 0.3847 | 0.2 | 0.044 | 1798.8 | 6333.7 | 7093.4 | 74.23 | 41.14
Starbucks | 1 | Institutional | 0.72 | 0.053 | Skip | 0.8 | 0.0604 | 0.0568 | 0.2688 | 0.0269 | 0.0531 | NMF | 0.2194 | 0.2 | 0.0087 | 1760 | 10222 | 5886 | 77.87 | 55.75
Starbucks | 1 | Institutional | 1.08 | 0.1375 | 0.62 | 1.04 | 0.0636 | 0.0884 | 0.2527 | 0.0268 | 0.0749 | NMF | NMF | 0.1 | 0.0109 | 7062 | 23269 | 22679 | 77.87 | 35.46
Starbucks | 1 | Institutional | 0.73 | 0.0578 | 0.26 | 0.79 | 0.0666 | 0.0594 | 0.196 | 0.0381 | 0.0533 | NMF | 0.4962 | 0.1 | 0.0664 | 7306.4 | 24151.6 | 29325 | 73.51 | 43.13
Starbucks (SBUX) | 1 | Institutional | 0.72 | 0.0532 | Skip | 0.88 | 0.0688 | 0.0666 | 0.1857 | 0.0333 | 0.0589 | NMF | 0.4663 | 0.2 | 0.0263 | 7340.4 | 22846.7 | 15458.5 | 73.79 | 86.32
Take Two Interactive | 1 | Institutional | 0.64 | 0.089 | 0.62 | 0.0653 | 0.0478 | 0.0125 | 0.0463 | 0.0479 | 0.163 | 0.199 | 0.2 | 0.0344 | 0 | $542M | $632M | 122.9 | 131.49
Take Two Interactive | 1 | Institutional | 0.57 | 0.001119 | 0.1746 | 1.3092 | 0.0653 | 0.09769075999999999 | 0.0125 | 0.0458 | 0.09689674333277805 | 0.153 | 0.099 | 0.2 | 0.034464790235805356 | 0 | 463685000 | 259940000 | 128.78 | 140.63
Take Two Interactive | Institutional, with insider influence | 0.55 | 2.848 | 0.19 | 1.09 | 0.055 | 0.0678 | 0.0136 | 0.0801 | 0.0676 | 0.2248 | 0.1348 | 0 | 0.0075 | 0 | 463.3 | 428 | 129.9 | 90.5
Take-Two Interactive | 1 | Institutional | 0.59 | 0.343 | 0.0764 | 0.656 | 0.0736 | 0.0558 | 0.0139 | 0.0201 | 0.0531 | 0.1892 | 0.0964 | 0 | -0.0001 | 0 | 89 | 835 | 128.78 | 148
Take-Two Interactive | 1 | Institutional | 0.737 | 0.38 | 0.193 | 0.85 | 0.062 | 0.0643 | 0 | 0.0291 | 0.0643 | 0.22 | 0.179 | 0 | 0 | 0 | 362400000 | 448020000 | 128.81 | 155.17
Take-Two Interactive  | 1 | Institutional | 0.737 | 0.3887 | 0.19 | 1.24 | 0.0662 | 0.0466 | 0.0135 | 0.0145 | 0.0462 | 0.2968 | 0.3636 | 0.1 | 0.0029 | 0 | 109M | 140571 | 121.05 | 121.4
Tapestry | 1 | Institutional | 1.32 | 0.1952 | 0.2582 | 1.32 | 0.076 | 0.1539 | 0.462 | 0.0235 | 0.092 | 0.37 | 0.29 | 0.5 | 0.03 | 391 | 100 | 518.2 | $16,5 | 23.23
Texas Instruments | 0 | Institutional | 0.87 | 0.0121 | 0.5115 | 1.25 | 0.0764 | 0.1019 | 0.0597 | 0.026 | 0.097 | 0.5578 | 0.51 | 0.2 | 0.031 | 3008000000 | 2960000000 | 5533000000 | 109.71 | 91.73
Textron | 1 | Institutional | 1.16 | -0.2043 | 0.566 | 1.14 | 0.0712 | 0.0878 | 0.3622 | 0.0129 | 0.0607 | 0.156 | 0.097 | 0.3622 | 0 | 2672 | 355 | 328.8 | 27.32 | 43.82
The Cheesecake Factory | 0 | Institutional | 0.57 | -0.0007 | 0.31 | 1.17 | 0.0652 | 0.0826 | 0.5665 | 0.0719 | 0.066 | 0.223 | 0.0392 | 0.4 | 0.1 | 60722000 | 50982000 | 139762630 | 22.37 | 37.86
The Cheesecake Factory | 1 | Institutional | 0.57 | -0.0018 | 0.3 | 1.09 | 0.0734 | 0.0734 | 0.5392 | 0.0642 | 0.0576 | 0.2476 | 0.0432 | 0.4 | 0.0876 | 60722 | 50982 | 163.4 | 22.44 | 27.65
The Hershey Company | 0 | Institutional | 0.14 | 0.042 | 0.0166 | 0.8 | 0.0628 | 0.0498 | 0.2138 | 0.0283 | 0.0481 | 0.668 | 0.1895 | 0.3 | 0.0746 | $1.7bn | $1.075bn | $4.675bn | 136.91 | 128.27
The J. M. Smucker Company | 1 | Institutional | 0.2394 | 0.0005 | 0.016 | 0.9 | 0.0601 | 0.0619 | 0.2942 | 0.0389 | 0.052 | 0.0944 | 0.0592 | 0.2 | -0.0942 | 1638 | 915 | 4919 | 121.57 | 65.01
The New York Times | 1 | Institutional, with insider influence | 0.19 | 0.0152 | 0.151 | 1.22 | 0.0547 | 0.0797 | 0.0144 | 0.02 | 0.0788 | 0.1193 | 0.0903 | 0.1 | 0.0334 | 136.5 | 85 | -223.2 | 30.6 | 16.96
Toro Company | 1 | Institutional | 0.7 | 0.127 | 0.295 | 0.71 | 0.0623 | 0.0511 | 0.1205 | 0.0196 | 0.047 | 0.354 | 0.292 | 0.1 | 0 | 567000 | 378000 | 714000 | 64.34 | 69.84
Trip.com Group | N/A | Institutional | 1.744 | -0.0175 | 0.327 | 2.74 | 0.06 | 0.1895 | 0.3465 | 0.0421 | 0.1384 | 0.068 | 0.0399 | 0.3 | -0.0165 | 0 | 0 | -2204 | 25.91 | 15.19
Tripadvisor | 0 | Institutional | 1.41 | -0.0027 | 0.184 | 1.41 | 0.0601 | 0.0912 | 0.0653 | 0.0474 | 0.0882 | 0.1085 | 0.1238 | 0.3 | 0.2652 | 488 | 515 | 1272 | 18.36 | 15.68
Tyson Foods Inc. | 0 | Institutional investor | 0.812 | -0.0534 | 0.235 | 0.64 | 0.0652 | 0.048 | 0.397 | 0.0227 | 0.036 | 0.0854 | 0.0836 | 0.2 | 0.023 | 1650 | 3978 | 3172 | 60.39 | 57.9
Ubisoft | 1 | Institutional | 0.8283 | 0.0002 | 0.00136 | 1.45 | 0.06438 | 0.0932 | 0.135 | 0.0123 | 0.0817 | 0.109 | 0.1322 | 0.2 | -0.0087 | 0 | 758.5 | 3367.8 | 73.9 | 53.32
Under Armour | 1 | Institutional | 1.22 | -0.2376 | Skip | 1.02 | 0.0713 | 0.0804 | 0.2367 | 0.0526 | 0.0706 | 0.0951 | 0.076 | 0.2 | 0.0922 | 0 | 0 | -$1,709m | 9.27 | 9.17
Under Armour | 1 | Institutional | 1.59 | -0.0024 | 0.3824 | 1.24 | 0.0534 | 0.0927 | 0.2161 | 0.0476 | 0.0771 | 0.0627 | 0.0626 | 0.2 | 0.0759 | 0 | 0 | 151.21 | 9.8 | 10.03
under armour  | 1 | Institutional | 1.434 | -0.0532 | 0.215 | 1.035193433 | 0.0602 | 0.0688 | 0.2174 | 0.0464 | 0.0612 | 0.0626 | 0.0945 | 0.2 | 0.063 | 0 | 0 | 115.86 | 9.98 | 5.93
Vail Resorts | 1 | Institutional | 1.22 | 0.0114 | 0.2295 | 1.12 | 0.0634 | 0.0783 | 0.281 | 0.036 | 0.062 | 0.1876 | 0.103 | 0.2 | 0.06 | 155 | 85 | 359.7 | 153.94 | 105.96
Vail Resorts (MTN) | 1 | Institutional | 1.13 | 0.122 | 0.4 | 1.01 | 0.0602 | 0.0676 | 0.2669 | 0.0313 | 0.0558 | 0.1833 | 0.0996 | 0.2 | 0.0579 | 790.3 | 322.5 | 1044.22 | 167.1 | 144.36
Vail Resorts, Inc | 1 | Institutional | 1.13 | 0.0157 | 0.1259 | 1.1 | 0.0601 | 0.0723 | 24.47 | 0.0303 | 0.0605 | 0.1744 | 0.0911 | 0.5 | 0.0149 | 260M | 85M | 565M | 157.73 | 155.77
Verizon | 2 | Institutional | 0.448 | 0.045 | 0.273 | 1.01 | 0.0601 | 0.0717 | 0.3738 | 0.0354 | 0.0548 | 0.3617 | 0.2938 | 0.3 | -0.0738 | 47060 | 5134 | 76345 | 56.83 | 49.53
Verizon | 1 | Institutional | 0.448 | 0.00486 | 0.101 | 1 | 0.0601 | 0.0674 | 0.3648 | 0.0229 | 0.0489 | 0.3149 | 0.1682 | 0.4 | 0.0352 | 47060 | 5134 | 49313 | 56.82 | 77.85
VF Corp | 1 | Institutional | 1.24 | 0.0164 | 0.476 | 1.33 | 0.0615 | 0.105 | 0.1382 | 0.0267 | 0.0964 | 0.2829 | 0.13 | 0.2 | 0.0687 | 3577000000 | 3852700000 | 3650000000 | 55.66 | 55.62
Vivendi | 0 | Institutional + Insider | 0.555 | 0.0054 | 0.247 | 1.14 | 0.0657 | 0.0669 | 0.219 | 0.0074 | 0.0533 | 0.0909 | 0.0508 | 0.3 | 0.0003 | 7018 | 4991 | -1730 | 25.82 | 25.96
Volvo Group | 2 | Institutional | 1.3 | -0.035 | 0.6765 | 1.1 | 0.0702 | 0.0969 | 0.4 | 0.0215 | 0.0649 | 0.3572 | 0.2408 | 0.4 | 0 | SEK 5.50 | 0 | -SEK 3,999 | SEK 126.65 | SEK 108.51
Weight Watchers | 1 | Institutional | 2.207 | 0.6379 | 0.078 | 2.681 | 0.0641 | 0.1782 | 0.5821 | 0.0722 | 0.1077 | -12.42 | 0.3572 | 0.5 | -0.0824 | 0 | 0 | -179.3 | 20.57 | 30.59
WESCO International | 1 | Institutional | 1.95 | -0.1946 | 0.44 | 2.18 | 0.0601 | 0.1379 | 0.625 | 0.0306 | 0.0668 | 0.0966 | 0.0712 | 0.4 | 0.0906 | 0 | 152000000 | 383600000 | 26.3 | 75.12
Wingstop | 1 | Institutional | 0.86 | 0.461 | 0.0951 | 0.72 | 0.0708 | 0.0574 | 0.094 | 0.0486 | 0.0554 | -0.141 | 0.343 | 0 | 0.0322 | 23700000 | 1300000 | 294100000 | 107.14 | 28.66
WWE | 2 | Institutional and insider influence | 1.33 | 0.2724 | Skip | 1.31 | 0.0685 | 0.0975 | 0.1106 | 0.0184 | 0.0882 | 0.2799 | 0.1323 | 0.2 | 0.0181 | 184437000 | 84331000 | 421520000 | 46.06 | 21.93
WWE | 1 | Institutional with insider influence | 1.24 | 0.0304 | 0.1242 | 1.26 | 0.0679 | 0.0978 | 0.1411 | 0.0338 | 0.0876 | 0.2437 | 0.2029 | 0.1 | 0.0055 | 184437000 | 83400000 | 396639000 | 46.06 | 20.34
Wynn Resorts | 2 | Individual/Insider | 2.235 | -1 | 0.352 | 1.87 | 0.0605 | 0.1194 | 0.5815 | 0.052 | 0.0729 | 9.74 | 0.079 | 0.3 | 0.9701 | 566521000 | 66986000 | 90.92 | 100.88
Wynn Resorts | 1 | Institutional | 1.71 | -0.0131 | 0.338 | 1.68 | 0.0691 | 0.1242 | 0.58 | 0.0304 | 0.0654 | 0.0798 | 0.0686 | 0.2 | 0.076 | 1782 | 174.8 | 2287 | 86.94 | 88.9
Xylem | 1 | Institutional | 1.12 | 0.0937 | 0.485 | 0.91 | 0.0725 | 0.0723 | 0.1609 | 0.0222 | 0.064 | 0.14 | 0.1085 | 0.2 | 0.0102 | 670 | 226 | 869 | 63 | 44.08
Zimmer Biomet | 1 | Institutional | 1.33 | -0.03 | 0.489 | 1.17 | 6.43 | 9.42 | 0.188 | 0.0262 | 0.0736 | 0.0518 | 0.0284 | 0.7 | 0.0221 | 931 | 576.6 | 5687.28 | 121.86 | 117.73
Zoom | 1 | Institutional | 0.617 | 1.4278 | 0.034 | 1.09 | 0.0644 | 0.0762 | 0.0019 | 0.0126 | 0.0762 | 0.0303 | 0.3783 | 0 | 0 | 0 | 0 | -332.89 | 135.17 | 94.25
Zynga | 1 | Institutional | 0.716 | 0.0067 | 0.2928 | 1.398 | 0.0594 | 0.0892 | 0.0862 | 0.1261 | 0.0918 | 0.0633 | NMF | 0.1 | 0.0116 | 0 | 733900 | -365027.41 | 7.73 | 5.16
